b,d,w,predictions,truth
0.8592932342941482,0.13098704153269736,0.009719724173154401,b,b
0.9852213598017966,0.011819324434730747,0.002959315763472721,b,b
0.994567344322341,0.0018367085202766098,0.0035959471573823124,b,b
0.9990512764751488,0.0001763815008854566,0.0007723420239659592,b,b
0.9249493328968514,0.03831822779520799,0.036732439307940595,b,b
0.6350210964650618,0.23924844902970538,0.12573045450523285,b,b
0.9998950181564008,8.035067833381802e-05,2.4631165265485028e-05,b,b
0.9665730951816152,0.033243479125330225,0.00018342569305462985,b,b
0.9995604052341986,0.0003341259440522555,0.00010546882174911049,b,b
0.99903538720584,0.0008438340260304489,0.00012077876812965927,b,b
0.9998625018550107,0.0001137287700237908,2.3769374965538517e-05,b,b
0.9998582948552934,6.74947467369881e-05,7.421039796960093e-05,b,b
0.8730054027526974,0.12680529380557634,0.00018930344172623603,b,b
0.9999096997213281,7.855508710132027e-05,1.1745191570624783e-05,b,b
0.7045220546698112,0.2761827437839484,0.019295201546240454,b,b
0.999923157593988,6.022172155413677e-05,1.662068445803731e-05,b,b
0.9132645343901902,0.08640896339436357,0.0003265022154462567,b,b
0.37295011193526784,0.626338844486232,0.0007110435785001579,d,b
0.9998427957070433,0.00014255189674110827,1.4652396215650976e-05,b,b
0.9983175481941662,0.0016057081618390985,7.67436439947223e-05,b,b
0.9994309285136769,0.0005232769915017531,4.579449482153004e-05,b,b
0.9736413299351381,0.026241950116719183,0.00011671994814275191,b,b
0.8393865435145098,0.15911310425454855,0.0015003522309416674,b,b
0.9936198788108115,0.00630958534420527,7.053584498331528e-05,b,b
0.9805156753894773,0.01934379797107261,0.00014052663945003728,b,b
0.8379947532966711,0.06093255467153774,0.10107269203179117,b,b
0.43587038677855294,0.5581515288697455,0.005978084351701562,d,b
0.7711404235338551,0.21283578736794484,0.016023789098200118,b,b
0.9999002362875342,7.579150610061863e-05,2.3972206365191015e-05,b,b
0.99981381143325,0.0001683140868966938,1.7874479853474262e-05,b,b
0.9998177678484077,0.00016243414896603318,1.9798002626274434e-05,b,b
0.3737576420663512,0.6196010145740948,0.006641343359554096,d,b
0.9991960469651171,0.0007635375145328107,4.041552035014603e-05,b,b
0.9743224243804601,0.014760244742241507,0.010917330877298351,b,b
0.7588332499385723,0.03258199659367308,0.20858475346775485,b,b
0.7787519806193678,0.22092912348924634,0.00031889589138595504,b,b
0.9993617167073447,0.0005544109841360574,8.387230851932997e-05,b,b
0.9998670474610807,0.00011180543588872274,2.1147103030722035e-05,b,b
0.9998108563442665,0.00017063266052750437,1.8510995206259894e-05,b,b
0.4270656153896952,0.5656610977034779,0.007273286906826977,d,b
0.8653976306711146,0.1336027922847625,0.0009995770441230366,b,b
0.7643130452899969,0.22027440457000602,0.015412550139997185,b,b
0.8994123210842007,0.04279910013273955,0.05778857878305991,b,b
0.9999049939260356,8.009657297475744e-05,1.490950098966029e-05,b,b
0.36668870883722054,0.009284288563919574,0.6240270025988599,w,b
0.995255393968677,0.004576581244445036,0.00016802478687799648,b,b
0.9566170645740351,0.043210204455175386,0.00017273097078953481,b,b
0.9614864832333117,0.038361653761198475,0.00015186300548991784,b,b
0.9997442223727214,0.00024088723691445172,1.489039036407573e-05,b,b
0.747851458954287,0.01668911776053398,0.2354594232851791,b,b
0.9996699398495423,0.0003060839252146941,2.3976225242960062e-05,b,b
0.8132136919172415,0.17315109509897686,0.013635212983781782,b,b
0.8167017270895011,0.17179966890743956,0.011498604003059321,b,b
0.9957078324775495,0.0033645387858051694,0.0009276287366452714,b,b
0.9782495821115615,0.004135736194575194,0.017614681693863352,b,b
0.9999173584347518,6.724163416079141e-05,1.5399931087448226e-05,b,b
0.9998865997428343,9.565198898618121e-05,1.774826817947865e-05,b,b
0.9675687881780248,0.029754513532281514,0.0026766982896936214,b,b
0.984351191733489,0.015580357292777885,6.84509737331806e-05,b,b
0.8832105611925648,0.11607487911602121,0.0007145596914140066,b,b
0.9991652663629603,0.0006319831502527059,0.00020275048678699466,b,b
0.9998612596220878,0.00012162371427620121,1.7116663635886797e-05,b,b
0.9977837679107968,0.0019158086898042608,0.0003004233993992014,b,b
0.998175459777328,0.0016157639896916586,0.0002087762329802677,b,b
0.9938047574045212,0.006132244867797378,6.299772768140135e-05,b,b
0.9999209254171594,6.350707576843928e-05,1.5567507072229063e-05,b,b
0.8847966326756248,0.0029998968714643227,0.11220347045291096,b,b
0.9993841520410556,0.0005999152703572081,1.5932688587275062e-05,b,b
0.9976975209431591,0.002118203929239539,0.00018427512760130294,b,b
0.9985531935631173,0.0006700051069524893,0.0007768013299301711,b,b
0.7642974212282445,0.1537820210069729,0.0819205577647825,b,b
0.969561531539896,0.03021664752513601,0.00022182093496802747,b,b
0.9994930095761285,0.0004686572726985319,3.8333151172937247e-05,b,b
0.2515670408480981,0.023981055044003247,0.7244519041078987,w,b
0.9035047404450798,0.09584733819064879,0.0006479213642714074,b,b
0.9989335750749506,0.0010308969342019893,3.5527990847485204e-05,b,b
0.9813932578700347,0.0028320582984953224,0.015774683831470054,b,b
0.5304934078258288,0.2627204867856827,0.20678610538848857,b,b
0.3578201864504004,0.610721132312799,0.031458681236800706,d,b
0.1827020157259265,0.005516836850839056,0.8117811474232345,w,b
0.9999156148084749,6.736099737601441e-05,1.702419414915387e-05,b,b
0.9887400313615718,0.001842208111322925,0.009417760527105204,b,b
0.9985663038393102,0.0013733380571756032,6.035810351411827e-05,b,b
0.9993668898993155,0.0006039928910814611,2.9117209603014405e-05,b,b
0.9998099762225583,0.00017226239667510787,1.776138076658188e-05,b,b
0.9987538940888729,0.00102791341216387,0.0002181924989633424,b,b
0.6340504219183134,0.19198953261302232,0.17396004546866423,b,b
0.999868114331598,0.00011729375288464358,1.4591915517506701e-05,b,b
0.9119080702996927,0.056068425474579506,0.03202350422572793,b,b
0.3109073950697215,0.0045216430339019235,0.6845709618963766,w,b
0.9997893125700097,0.000179265637779931,3.142179221035761e-05,b,b
0.9992616544717319,0.000467034949037187,0.00027131057923114154,b,b
0.935917546417272,0.00634928961512538,0.05773316396760286,b,b
0.9996409317561737,0.0002115392622707658,0.00014752898155549033,b,b
0.9982117143401704,0.001233833370098702,0.0005544522897309574,b,b
0.9834189642579237,0.016494239323586696,8.679641848959224e-05,b,b
0.9997215373504513,0.00023389347764436708,4.456917190448742e-05,b,b
0.38483261741866964,0.6127365450963596,0.0024308374849707787,d,b
0.9999108492645093,7.18821484579931e-05,1.7268587032793674e-05,b,b
0.7207426892082959,0.2502954884673696,0.028961822324334564,b,b
0.6923358572764693,0.20376492322248554,0.10389921950104522,b,b
0.22856037677184135,0.0073735535176510155,0.7640660697105077,w,b
0.9998933350680489,9.066741346567555e-05,1.599751848534015e-05,b,b
0.999076672921581,0.0008123807274698226,0.0001109463509493399,b,b
0.9999291227396618,5.2478408479740566e-05,1.8398851858794064e-05,b,b
0.9490567024115113,0.050771853255212496,0.00017144433327627036,b,b
0.9997777309236131,0.00015658370234081725,6.568537404627229e-05,b,b
0.9766323929917009,0.0013088638192859095,0.02205874318901324,b,b
0.9824916262347836,0.013271572260103082,0.00423680150511329,b,b
0.7748094132221828,0.21564968896887454,0.009540897808942824,b,b
0.9995065700001683,0.00046374476277808406,2.9685237053658178e-05,b,b
0.9974119099213428,0.002329160121407743,0.00025892995724946733,b,b
0.6375089991641524,0.007283267035015194,0.3552077338008324,b,b
0.9997995645840052,0.00018242416754175539,1.8011248452965037e-05,b,b
0.8226449908828992,0.1770762884975568,0.0002787206195439578,b,b
0.9009697239829564,0.09444544765054343,0.004584828366500266,b,b
0.9997309299847019,0.00025471069729670297,1.435931800141883e-05,b,b
0.42536991924752676,0.5704464194082819,0.0041836613441914045,d,b
0.8426104912299837,0.15653133147195467,0.0008581772980616751,b,b
0.9973994377160131,0.0022649164114910973,0.00033564587249588715,b,b
0.9847592384886706,0.015021206978303565,0.0002195545330258311,b,b
0.9994022007197267,0.0001197979729933614,0.00047800130727980136,b,b
0.9993937160247026,0.0005873107929566735,1.8973182340797808e-05,b,b
0.8471200659998748,0.006467113367083594,0.14641282063304167,b,b
0.9999140786376803,6.533936890571818e-05,2.0581993414096594e-05,b,b
0.9996899125352086,0.0002928306787351107,1.7256786056426352e-05,b,b
0.684824057620115,0.07819044464540227,0.23698549773448274,b,b
0.9993562894750807,0.0006113131600459928,3.2397364873359515e-05,b,b
0.9793606753110732,0.0016767811938039243,0.018962543495122934,b,b
0.14562843287436336,0.011315399148191924,0.8430561679774448,w,b
0.9997960246929878,0.00012920859724324462,7.476670976898654e-05,b,b
0.9996114877933477,0.00036020820368784886,2.830400296440019e-05,b,b
0.9997689704216217,0.00019810276666220323,3.2926811716087164e-05,b,b
0.8911431941830912,0.09726483378833442,0.011591972028574437,b,b
0.9907991440629469,0.008694716820901964,0.0005061391161511878,b,b
0.9996500359857439,0.0002554249700143427,9.4539044241636e-05,b,b
0.9977583586977739,0.0014326872322131786,0.0008089540700129596,b,b
0.9991011794431746,0.0008751627532624318,2.3657803563210435e-05,b,b
0.9998599809331956,0.00011970470928221282,2.0314357522217234e-05,b,b
0.9943218686171847,0.005535911765794835,0.00014221961702053394,b,b
0.9961879048352092,0.003751831509435785,6.0263655354979176e-05,b,b
0.9999096040357951,7.308476437214618e-05,1.7311199832738123e-05,b,b
0.9945560747634206,0.00088654901098664,0.004557376225592848,b,b
0.9950976767417561,0.004782420068810192,0.00011990318943377128,b,b
0.9844735508029003,0.007997465057492114,0.007528984139607585,b,b
0.9993935157938045,0.0005215695590441303,8.491464715140428e-05,b,b
0.9999237653950334,6.0333644879761916e-05,1.590096008679249e-05,b,b
0.999454559554136,0.0005232622290748188,2.2178216789189207e-05,b,b
0.8535989634339555,0.13611919989712412,0.010281836668920543,b,b
0.8919016960358014,0.1077325600837694,0.0003657438804292917,b,b
0.969969691164602,0.029933330067005118,9.697876839307278e-05,b,b
0.43994721461325254,0.5562970631472095,0.003755722239538116,d,b
0.99979092059134,0.0001624552870123549,4.6624121647615754e-05,b,b
0.9998182995588891,0.00016602378449281948,1.5676656618136396e-05,b,b
0.36788809338031825,0.04895404089849531,0.5831578657211866,w,b
0.997095078897213,0.002838493358363504,6.642774442352957e-05,b,b
0.44320533343117047,0.5528743951892571,0.003920271379572519,d,b
0.9998871281373483,9.536956914291163e-05,1.7502293508846286e-05,b,b
0.9951450691871555,0.004760505289134936,9.442552370966239e-05,b,b
0.9989941094617177,0.0009747325519469418,3.115798633541284e-05,b,b
0.9996970977412439,0.00028377227849759625,1.9129980258460344e-05,b,b
0.9456250907815016,0.04482662783954564,0.009548281378953007,b,b
0.9990762305921881,0.0008813879718517822,4.238143596031046e-05,b,b
0.9548234814403995,0.01278125508636576,0.032395263473234785,b,b
0.3816169025789526,0.616636655996393,0.0017464414246545175,d,b
0.9048237692211085,0.0941489113033603,0.0010273194755312058,b,b
0.9383703774885022,0.052001892595334456,0.009627729916163511,b,b
0.8941219356847555,0.10558366493732824,0.0002943993779163934,b,b
0.9998308427177016,0.00015392008285572206,1.5237199442611272e-05,b,b
0.9987078122300563,0.0012174919912130548,7.46957787307059e-05,b,b
0.9999113999765091,6.957403524806762e-05,1.902598824265617e-05,b,b
0.3099068695912067,0.6883040163551686,0.0017891140536248741,d,b
0.9993822573694668,0.000599014063474354,1.8728567058996992e-05,b,b
0.9977131242654572,0.0021999209363317224,8.695479821116074e-05,b,b
0.9991373860170794,0.0008217692226715295,4.0844760249323385e-05,b,b
0.9775255934589423,0.02236511414421197,0.00010929239684575362,b,b
0.9991398424740315,0.0008242165687792829,3.594095718920118e-05,b,b
0.9999180578864251,6.799872330503056e-05,1.3943390269981396e-05,b,b
0.8038465445208123,0.0036680299368449442,0.19248542554234288,b,b
0.9915803320394927,0.008324905906548106,9.476205395915591e-05,b,b
0.9995552768712952,0.00039732385765510025,4.739927104972323e-05,b,b
0.9978735859790275,0.0015834548510939767,0.0005429591698785246,b,b
0.964649730036762,0.00850601902016953,0.02684425094306848,b,b
0.7080343141216106,0.16571704953321714,0.12624863634517242,b,b
0.3996149068867175,0.00881733784288194,0.5915677552704006,w,b
0.9998638600295593,0.00011468437706976344,2.145559337101381e-05,b,b
0.99956343416842,0.0003885771747977719,4.798865678239651e-05,b,b
0.9992692703020902,0.0006836146689207036,4.71150289891246e-05,b,b
0.9996634440593515,0.0003196531919501001,1.6902748698431457e-05,b,b
0.9998528249166825,0.00012238456388644447,2.479051943101839e-05,b,b
0.9983524987551472,0.001588821112922856,5.8680131929997086e-05,b,b
0.9934466786926104,0.006435846029700914,0.00011747527768875106,b,b
0.9959825624857175,0.0010235046276937945,0.002993932886588871,b,b
0.9979986713172639,0.001183788932682714,0.000817539750053203,b,b
0.5351043921086761,0.411240730536922,0.05365487735440197,b,b
0.9900264079162941,0.009576431701556753,0.00039716038214918147,b,b
0.9998301330307177,0.00015530825151080673,1.4558717771634065e-05,b,b
0.9308602782405921,0.001597353016921744,0.06754236874248606,b,b
0.9999239997661444,5.506289581090664e-05,2.093733804476775e-05,b,b
0.570588067769274,0.42847981352921755,0.0009321187015086408,b,b
0.9998460998903809,0.00013903901213471818,1.4861097484432199e-05,b,b
0.9997742246576413,0.00020872286101503585,1.7052481343731572e-05,b,b
0.9977519538570934,0.0022131072006864832,3.493894222021232e-05,b,b
0.9951857245652507,0.004677102288142419,0.00013717314660688373,b,b
0.9992264715634923,0.0007274725981397897,4.6055838368006404e-05,b,b
0.8685022942153895,0.12992124431054913,0.0015764614740613884,b,b
0.9997560716928531,0.00021498939863661253,2.8938908510469288e-05,b,b
0.9932989386456088,0.0064260831651229856,0.00027497818926829195,b,b
0.9824765016046004,0.01637796249259536,0.0011455359028043908,b,b
0.33198869085550053,0.6550642202584153,0.012947088886084243,d,b
0.9994902731369265,0.0004888842397303109,2.0842623343252864e-05,b,b
0.9993133236529027,0.0006475159436851151,3.9160403412215414e-05,b,b
0.40950106970488737,0.5897864252261682,0.0007125050689444873,d,b
0.9995712559540927,0.0004092420295747197,1.95020163329156e-05,b,b
0.9890976913334724,0.010392614263519414,0.0005096944030082577,b,b
0.9243671131715154,0.07434445851002756,0.001288428318457107,b,b
0.9694559630098092,0.020080660746233513,0.010463376243957313,b,b
0.9982172316421407,0.000548534680704679,0.0012342336771547086,b,b
0.9992902039591666,0.0003846631279029961,0.00032513291293044636,b,b
0.9991470049615139,0.000814001947819701,3.899309066655794e-05,b,b
0.9069198182260423,0.09287621765482929,0.00020396411912859813,b,b
0.9986759568128001,0.0010862232128706136,0.00023781997432940633,b,b
0.9998109582870984,0.00015411248650377022,3.492922639800243e-05,b,b
0.5214664082227692,0.2095817733823065,0.2689518183949242,b,b
0.9991464120944082,0.0008174374196872087,3.6150485904458716e-05,b,b
0.9912294973083264,0.008683739670691241,8.676302098240827e-05,b,b
0.9998063445470948,0.00017580179187015892,1.7853661035095812e-05,b,b
0.9999133218873357,7.179593825248264e-05,1.4882174411953735e-05,b,b
0.9997510552953393,0.0002312805374789302,1.7664167181906982e-05,b,b
0.987293908126348,0.012534978237287994,0.00017111363636414047,b,b
0.9966910658881083,0.0032388457081040005,7.008840378764274e-05,b,b
0.9994583198809337,0.0005098427100690537,3.183740899736033e-05,b,b
0.9995384158926015,0.0003967782737904099,6.480583360813727e-05,b,b
0.932946987441978,0.06547945378483544,0.001573558773186526,b,b
0.9963152805110934,0.0031967850061271467,0.00048793448277950033,b,b
0.9831703852026752,0.013225742629783488,0.0036038721675413447,b,b
0.9999029647318111,7.547990265676638e-05,2.1555365532244626e-05,b,b
0.9931162973380081,0.006796066994497152,8.763566749488083e-05,b,b
0.8036516741251134,0.06685926848547946,0.1294890573894072,b,b
0.9973420375541462,0.00044556283595962985,0.002212399609894214,b,b
0.2919586350651042,0.005087966279053674,0.7029533986558422,w,b
0.9997694094819203,0.00021446170085447755,1.612881722524084e-05,b,b
0.9998574563479903,0.00012701862638742664,1.5525025622316814e-05,b,b
0.2635765069242956,0.7289538419157909,0.007469651159913521,d,b
0.9953409951543817,0.0038095567258597434,0.0008494481197586939,b,b
0.997720747317937,0.0021969208061839505,8.233187587915464e-05,b,b
0.9998813867394432,0.00010133452709826951,1.7278733458586245e-05,b,b
0.9999393782045591,4.400467310011288e-05,1.6617122340961475e-05,b,b
0.9996285541334551,0.00034115967502485356,3.0286191519947658e-05,b,b
0.9997166634072877,0.0002471959177625832,3.614067494985358e-05,b,b
0.9999221843663899,6.301203557262685e-05,1.4803598037646179e-05,b,b
0.9969715071829672,0.0029707292900680617,5.776352696482583e-05,b,b
0.9619279222469475,0.037663448195662565,0.0004086295573900425,b,b
0.9923234392091416,0.005633734053917005,0.0020428267369413276,b,b
0.7203660624283453,0.010113731404303949,0.26952020616735073,b,b
0.9955460856220346,0.004145092435892927,0.000308821942072537,b,b
0.8193946778173773,0.007762256916446781,0.17284306526617604,b,b
0.9845391584827177,0.015248327725523252,0.00021251379175923793,b,b
0.9005962087910642,0.09883601313561685,0.0005677780733189465,b,b
0.9953875774572722,0.004558925235579617,5.3497307148190616e-05,b,b
0.9999293048665643,5.4303470302116165e-05,1.639166313366484e-05,b,b
0.9996419233628719,0.0003290428547067397,2.903378242144139e-05,b,b
0.9974233777369654,0.0024810794579014778,9.554280513314328e-05,b,b
0.9890122397935843,0.004444897388347967,0.00654286281806775,b,b
0.9636674764480195,0.03594520903671317,0.0003873145152674264,b,b
0.999665879367012,0.0003146812852094899,1.9439347778638297e-05,b,b
0.9957044691049954,0.004124797345797564,0.00017073354920699619,b,b
0.9968404410274561,0.0028091058319542023,0.00035045314058985933,b,b
0.9996376056108616,0.00033171146460175485,3.068292453674063e-05,b,b
0.9899898268851253,0.009863066303839138,0.00014710681103568743,b,b
0.9819478099781289,0.0179660929173426,8.609710452857593e-05,b,b
0.9647879378243163,0.03485112845967436,0.00036093371600942506,b,b
0.3743775654700213,0.6234852962472244,0.002137138282754489,d,b
0.9996473300501934,0.0003236699947630921,2.8999955043533794e-05,b,b
0.973196762552124,0.019666698701145537,0.007136538746730586,b,b
0.9997903014585471,0.00018442571997579513,2.5272821477351042e-05,b,b
0.9907769864051015,0.0014047276973138205,0.007818285897584716,b,b
0.9935515591207752,0.00377755019276236,0.0026708906864625005,b,b
0.4920349813106444,0.5019371344417698,0.0060278842475858475,d,b
0.9979233504723104,0.0018073252705826128,0.0002693242571070101,b,b
0.9999154376735044,6.565229915714909e-05,1.891002733846025e-05,b,b
0.9997669589256697,0.00021832210067613902,1.4718973654346627e-05,b,b
0.9977758989093968,0.0007063712419189803,0.001517729848684135,b,b
0.9995793667748119,0.00040240524174724505,1.8227983440992253e-05,b,b
0.9830281965354479,0.013030505863278198,0.003941297601274055,b,b
0.9996570511333847,0.00016997064222545974,0.00017297822438984713,b,b
0.9998473140711257,0.00013992002567300124,1.27659032012577e-05,b,b
0.6497172761922325,0.3493281935348661,0.0009545302729014455,b,b
0.9723813507959067,0.025980557878511983,0.0016380913255813285,b,b
0.999776455938489,0.00020522769272655547,1.8316368784591534e-05,b,b
0.9797952246225086,0.019841891581378644,0.00036288379611284745,b,b
0.9618944627670091,0.03356305059057716,0.004542486642413845,b,b
0.9996168121989917,0.0003638473973501269,1.9340403658236032e-05,b,b
0.9999058170617008,6.498587895299664e-05,2.9197059346268092e-05,b,b
0.9956003869228821,0.0010967213144793013,0.0033028917626385505,b,b
0.9993312740610489,0.0006451827241522826,2.3543214798765053e-05,b,b
0.6455143355445151,0.35119446276806615,0.003291201687418852,b,b
0.9985274268593527,0.0009887836112790298,0.000483789529368403,b,b
0.9984576411720198,0.0014808309708375534,6.152785714259558e-05,b,b
0.999849635067829,0.00013083626046140012,1.952867170960817e-05,b,b
0.9944654806657366,0.005399155752257665,0.00013536358200576614,b,b
0.9987166598004036,0.00028201402715926786,0.0010013261724372417,b,b
0.3936249851031732,0.05256386489769151,0.5538111499991354,w,b
0.9980014442290039,0.0009777621710828112,0.0010207935999132479,b,b
0.999927576790733,5.9204993440750234e-05,1.321821582637332e-05,b,b
0.19106944190343372,0.01712523482501109,0.7918053232715553,w,b
0.9984589503092638,0.001030483173633133,0.0005105665171031779,b,b
0.9997000337018157,0.00028256916738894877,1.7397130795456795e-05,b,b
0.52453788900101,0.00683407038302063,0.4686280406159696,b,b
0.999924080094975,5.851807173621143e-05,1.7401833288690774e-05,b,b
0.43306040335869544,0.5616384346759657,0.005301161965338716,d,b
0.9997479647935665,0.00023482308170616516,1.721212472734282e-05,b,b
0.8251788999080965,0.1741339781478481,0.0006871219440555452,b,b
0.9999065224505059,7.322149490349311e-05,2.0256054590491125e-05,b,b
0.8920836750731619,0.10081560588002435,0.007100719046813819,b,b
0.9995027733874922,0.00043958093880479846,5.764567370298449e-05,b,b
0.8864759170708711,0.07900779704315719,0.03451628588597172,b,b
0.8430162081149712,0.15670325804958654,0.00028053383544238944,b,b
0.9362116929950209,0.06344174719873812,0.0003465598062410804,b,b
0.9998164859532499,0.00013112443824993625,5.2389608500285346e-05,b,b
0.9998194647921683,0.00016668031465477557,1.3854893176890938e-05,b,b
0.9779325327215289,0.021932299655752982,0.0001351676227180625,b,b
0.9787376684487823,0.021142973009317466,0.00011935854190033227,b,b
0.8994439594100221,0.09085289303564366,0.009703147554334258,b,b
0.975926442809986,0.007789627222380324,0.016283929967633816,b,b
0.9969717156627704,0.0028208057154428343,0.00020747862178696117,b,b
0.9817525809157093,0.017894021640146775,0.00035339744414419503,b,b
0.9942784687611541,0.0015178797373639496,0.004203651501482016,b,b
0.9171741138360336,0.0030020512302600328,0.0798238349337064,b,b
0.980323267470256,0.001999068966201215,0.017677663563542834,b,b
0.6417760316197088,0.35750912789005423,0.0007148404902370543,b,b
0.9725954928087165,0.02726088238047928,0.00014362481080441728,b,b
0.40005123488297994,0.59721582534981,0.00273293976721009,d,b
0.9992946423131419,0.000631499872170401,7.385781468771834e-05,b,b
0.9994561161122271,0.0005038902285834959,3.999365918950095e-05,b,b
0.9943873332022605,0.004969246421065126,0.0006434203766744639,b,b
0.9974417128146572,0.0003595883084644376,0.0021986988768783948,b,b
0.9872255950874433,0.005436416970149949,0.007337987942406639,b,b
0.9866030294688047,0.0018139490291888606,0.011583021502006442,b,b
0.9988698113202118,0.0005965539185523991,0.0005336347612359414,b,b
0.8285935155824469,0.1697417046583389,0.001664779759214338,b,b
0.9993208693196517,0.0005334161849497404,0.00014571449539861213,b,b
0.9494861851212346,0.0017436242378184087,0.04877019064094713,b,b
0.9538270412271141,0.04273478475366499,0.003438174019221041,b,b
0.9902067523144223,0.009493477086580552,0.00029977059899714885,b,b
0.9993072534479939,0.0006450363377506008,4.771021425552698e-05,b,b
0.9937958100239821,0.006133669879649625,7.052009636833776e-05,b,b
0.9906947647000777,0.000829551336146193,0.008475683963776312,b,b
0.9962604728610278,0.0003717654299892754,0.0033677617089830176,b,b
0.9030308602297262,0.09632924035096743,0.0006398994193064028,b,b
0.6815762674232487,0.27656946968418805,0.041854262892563325,b,b
0.7517445240931049,0.004355698159096318,0.24389977774779892,b,b
0.996281899113767,0.003514206219128319,0.00020389466710466934,b,b
0.2512995958630278,0.7316381662411124,0.017062237895859922,d,b
0.9829156495328257,0.0030583949416415667,0.014025955525532706,b,b
0.9668750191478418,0.03162628646979156,0.0014986943823667165,b,b
0.9999456587790676,4.05148134349314e-05,1.3826407497539846e-05,b,b
0.7202472590205513,0.007912832198983331,0.2718399087804654,b,b
0.9475588113543525,0.044003119684930564,0.008438068960716897,b,b
0.9998460973325993,0.00013901329958183756,1.4889367818795193e-05,b,b
0.9997866989502973,0.0001689635423864838,4.4337507316388984e-05,b,b
0.9998902115884571,6.17455776651863e-05,4.8042833877777286e-05,b,b
0.9972914768126906,0.0024343240345221185,0.0002741991527873094,b,b
0.9994797301511142,0.000478121483939525,4.2148364946387804e-05,b,b
0.9997823495513667,0.00020301038644639818,1.4640062187023711e-05,b,b
0.9997268785453202,0.00016732413945735818,0.00010579731522262558,b,b
0.8570867624925644,0.12532266409415796,0.01759057341327766,b,b
0.9996492433556878,0.0001901031037118539,0.00016065354060052005,b,b
0.9931293805577401,0.0017925768297161384,0.005078042612543782,b,b
0.9958584048328641,0.0006345640345968524,0.0035070311325391883,b,b
0.9732241066875282,0.02667879736720076,9.709594527111998e-05,b,b
0.30389298977141865,0.17154503346840871,0.5245619767601727,w,b
0.2979100885109725,0.01326819093502348,0.6888217205540041,w,b
0.9004641881545847,0.09893797593166527,0.0005978359137501697,b,b
0.9952584054747183,0.0041405225490313505,0.0006010719762503193,b,b
0.9537209245821273,0.039817364151287477,0.006461711266585254,b,b
0.42397689047469006,0.5717713721673224,0.004251737357987634,d,b
0.998132987997284,0.0010492289603118014,0.0008177830424043293,b,b
0.8837552976264411,0.11591116422636283,0.00033353814719614034,b,b
0.9529951019452674,0.04675949455118814,0.00024540350354466456,b,b
0.9985753979235847,0.0005591222210011734,0.0008654798554141748,b,b
0.41261117912222844,0.5856740042794383,0.0017148165983333523,d,b
0.43640335324568685,0.5597701521499561,0.0038264946043572844,d,b
0.996519798927479,0.003422481784980921,5.7719287540160275e-05,b,b
0.9728819912453464,0.026995077587249335,0.00012293116740438637,b,b
0.9993246665974411,0.0006516948744133921,2.3638528145439888e-05,b,b
0.9995331313599486,0.0004452502031192292,2.161843693234797e-05,b,b
0.999348003141437,0.0006252888817610933,2.6707976801857956e-05,b,b
0.9999213703227866,6.371418678364463e-05,1.4915490429943477e-05,b,b
0.9997677781103413,0.00021291901038065957,1.930287927810534e-05,b,b
0.9760395802206092,0.02385515561971999,0.00010526415967092556,b,b
0.9678865503198313,0.018929904314448083,0.013183545365720709,b,b
0.9941214716466141,0.00443931592387041,0.001439212429515425,b,b
0.8954040296779242,0.09743551636441779,0.0071604539576580585,b,b
0.9999241728211163,6.144508261342957e-05,1.4382096270285784e-05,b,b
0.9936734650611947,0.0021176794634666122,0.004208855475338806,b,b
0.993230505848145,0.0009802104118207143,0.0057892837400343854,b,b
0.9913979830234457,0.0005495746936650751,0.00805244228288923,b,b
0.9999061923798306,7.773378306871965e-05,1.607383710073457e-05,b,b
0.46114193956176874,0.5316700659821286,0.007187994456102641,d,b
0.9988340951586048,0.0005919695268910704,0.0005739353145043746,b,b
0.999875680851793,0.0001107619225537847,1.35572256533511e-05,b,b
0.9618254834764635,0.036045580974303194,0.002128935549233341,b,b
0.9996105496522613,0.00020868449524797755,0.00018076585249088831,b,b
0.4519419929552381,0.5320999667909849,0.015958040253777016,d,b
0.9999068800933448,7.547454475501747e-05,1.7645361900295465e-05,b,b
0.9999085825949672,7.12222974817769e-05,2.019510755106406e-05,b,b
0.9864264446833351,0.002691493721372409,0.010882061595292527,b,b
0.4054067452431026,0.5611442277911042,0.03344902696579326,d,b
0.9926344887990921,0.007254875172913145,0.00011063602799479857,b,b
0.9711068061243195,0.02601799384095352,0.0028752000347270516,b,b
0.9996327434005317,0.0003365423953718953,3.071420409657794e-05,b,b
0.9747657925603124,0.02500744920808901,0.00022675823159866754,b,b
0.9922871530444151,0.007557978090607731,0.00015486886497749348,b,b
0.9995010704175165,0.00047176288178167565,2.716670070179809e-05,b,b
0.9997898395400828,0.0001941778679608105,1.5982591956203934e-05,b,b
0.358099817651496,0.6310220996961433,0.01087808265236059,d,b
0.9812674773517711,0.002657088742938123,0.01607543390529078,b,b
0.6685370052298769,0.33018060469568467,0.0012823900744383995,b,b
0.9995350947074757,0.00040896395790963316,5.594133461479618e-05,b,b
0.9822956719668354,0.017652067429715628,5.2260603448975005e-05,b,b
0.5526755807617144,0.26270146074593814,0.1846229584923476,b,b
0.8130627873934922,0.007999182374880693,0.17893803023162708,b,b
0.9313631144723671,0.06840172060370706,0.0002351649239259176,b,b
0.600338396686981,0.3971624737333248,0.0024991295796943105,b,b
0.9998716015840143,0.00011530053599021815,1.3097879995676433e-05,b,b
0.9162177290886357,0.0025831705759404343,0.08119910033542393,b,b
0.9937925762591532,0.0061103045658187916,9.711917502806508e-05,b,b
0.9988440161570108,0.0011091410849213825,4.684275806795187e-05,b,b
0.9985538464018411,0.0014021632228389952,4.399037532003677e-05,b,b
0.9929141310476644,0.004377047719549486,0.0027088212327863914,b,b
0.7962727590075307,0.19004376964915395,0.013683471343315302,b,b
0.9960628100332366,0.002293219171988741,0.0016439707947747567,b,b
0.9611695662210594,0.022340988070500438,0.016489445708440187,b,b
0.999698560736904,0.0002546497734613519,4.678948963475345e-05,b,b
0.9981984914213236,0.0014950449356898108,0.0003064636429865933,b,b
0.9999237924538689,5.7145933605886375e-05,1.9061612525339443e-05,b,b
0.9977754680358157,0.0010324087847709414,0.0011921231794135203,b,b
0.9997785545131668,0.0002060207845899867,1.5424702243410137e-05,b,b
0.8366201301992479,0.003521044341491289,0.1598588254592609,b,b
0.6505838875713448,0.3260747393988603,0.02334137302979494,b,b
0.6402751864951652,0.010761832006740022,0.3489629814980948,b,b
0.9633342453235043,0.030710113595527496,0.0059556410809680806,b,b
0.33305128828352326,0.01952219290643829,0.6474265188100385,w,b
0.2745633254499979,0.7168168824972976,0.008619792052704679,d,b
0.9945501496076297,0.005080029941836937,0.0003698204505334339,b,b
0.3085024655648935,0.012826619808230428,0.6786709146268761,w,b
0.9921320260444177,0.0011134145391368722,0.006754559416445415,b,b
0.9995211968473947,0.0001305079107692323,0.0003482952418361237,b,b
0.999486829507054,0.0004862963728715647,2.6874120074541612e-05,b,b
0.9981384784116614,0.0014061856246801979,0.0004553359636583269,b,b
0.9631338130329525,0.01773005676822509,0.019136130198822383,b,b
0.23409396550523687,0.010043854317282788,0.7558621801774804,w,b
0.9206356510992499,0.06695165929141256,0.012412689609337588,b,b
0.9994569833908759,0.0005267188621385084,1.629774698558918e-05,b,b
0.6426997475197705,0.3562311373692151,0.00106911511101453,b,b
0.9861542398271179,0.01379164661161991,5.411356126216697e-05,b,b
0.995518401951593,0.0023802840395703313,0.002101314008836647,b,b
0.999916558930319,6.622486457442793e-05,1.7216205106506638e-05,b,b
0.9992638403742651,0.0007053148232367834,3.084480249821739e-05,b,b
0.9993180581167849,0.0006562616594408149,2.5680223774562663e-05,b,b
0.9810485221387906,0.018854546428550376,9.693143265901244e-05,b,b
0.2691203449535727,0.015252679652852034,0.7156269753935753,w,b
0.9835569206150714,0.01214363192983969,0.004299447455088971,b,b
0.9977316778482472,0.0021942223958430415,7.409975590986489e-05,b,b
0.5966913926407615,0.01281589127718041,0.39049271608205804,b,b
0.9994161120010119,0.0005518622145645842,3.20257844237656e-05,b,b
0.9993011818901061,0.0006662532954417275,3.2564814452267694e-05,b,b
0.9119097960430493,0.0036129056430434453,0.0844772983139074,b,b
0.9736422919744054,0.024754673941477734,0.001603034084116892,b,b
0.9974871539051858,0.0008874681548735037,0.0016253779399408711,b,b
0.9256689452896514,0.025037753443426153,0.049293301266922544,b,b
0.4841155463518537,0.5139682065957933,0.001916247052352932,d,b
0.9993263858079062,0.0006529854787870948,2.0628713306694103e-05,b,b
0.9994980697010871,0.0004861639389261146,1.57663599868872e-05,b,b
0.31699536523328775,0.6824785521234829,0.0005260826432294207,d,b
0.9985431805032237,0.0004484593048366702,0.0010083601919398018,b,b
0.9996461219698156,0.0003268939176292351,2.6984112555300927e-05,b,b
0.37842464599860137,0.6173841159652254,0.0041912380361733125,d,b
0.5227122772910936,0.40599677155359454,0.07129095115531199,b,b
0.9480101741677907,0.009157923697425005,0.04283190213478431,b,b
0.24516517351281053,0.0062534882116899405,0.7485813382754997,w,b
0.9998509255741395,0.00012983945122173036,1.9234974638826943e-05,b,b
0.9997362988309251,0.0002321642708553425,3.15368982198133e-05,b,b
0.9999273240891269,5.080216418550032e-05,2.187374668760587e-05,b,b
0.9996566512143087,0.00032170711484017195,2.1641670851267754e-05,b,b
0.7441029409890072,0.2552957700699967,0.0006012889409960494,b,b
0.24095030689122682,0.005835928902365649,0.7532137642064076,w,b
0.8545931193373721,0.09033029001188828,0.055076590650739776,b,b
0.9996772071180762,0.00030104891854696787,2.1743963377074107e-05,b,b
0.988573912300742,0.0019219093980163038,0.00950417830124177,b,b
0.9010339929582983,0.08875398794162555,0.010212019100076086,b,b
0.998997763792803,0.0009068290689009191,9.540713829622566e-05,b,b
0.9992601388352849,0.0006418443426458517,9.801682206949149e-05,b,b
0.9442744142739804,0.033178365544374734,0.02254722018164492,b,b
0.9935423204172873,0.0060481757749160725,0.00040950380779673643,b,b
0.9949587745351323,0.004909127148278096,0.0001320983165898225,b,b
0.9998178475501557,0.00015442804114879625,2.772440869550881e-05,b,b
0.9427714564930132,0.057025284378906874,0.00020325912808005832,b,b
0.9629382836756352,0.03239614618229375,0.004665570142071266,b,b
0.9886365226404192,0.00553899353688957,0.0058244838226913405,b,b
0.29660189793002534,0.00915709447916226,0.6942410075908125,w,b
0.9972926375957409,0.002030466726176419,0.0006768956780826665,b,b
0.7923842989067993,0.01143684498932077,0.1961788561038802,b,b
0.9190007748790405,0.06537393627637333,0.01562528884458613,b,b
0.9993536336067848,0.0006124666620829744,3.3899731132330875e-05,b,b
0.9976565676073834,0.002108461855758661,0.00023497053685805146,b,b
0.9963446662089211,0.0007543864295599045,0.0029009473615189984,b,b
0.999396792971001,0.0005819031889699918,2.1303840028852274e-05,b,b
0.7653475527264572,0.012833516195772278,0.2218189310777706,b,b
0.9997381825682627,0.00024013849040693399,2.167894133030021e-05,b,b
0.9993246331004786,0.0006315020035094041,4.3864896012054536e-05,b,b
0.42730190306429794,0.00862581589474665,0.5640722810409555,w,b
0.519922069131832,0.4789177752321097,0.0011601556360583203,b,b
0.9992868423467431,0.0006857698342755999,2.73878189813212e-05,b,b
0.9762810349534894,0.023079112152293663,0.000639852894216985,b,b
0.9937395941772537,0.006190007680165321,7.039814258110075e-05,b,b
0.9993509923636144,0.0006217722262967591,2.7235410088866564e-05,b,b
0.8959817258565022,0.0038078602668967947,0.10021041387660105,b,b
0.8854716658046975,0.11318870308710968,0.0013396311081929455,b,b
0.9997644983214776,0.00022172156920651986,1.3780109315843478e-05,b,b
0.9990705465215186,0.0005100360420625578,0.0004194174364188804,b,b
0.9992601808598156,0.0007083519228873414,3.146721729715147e-05,b,b
0.38794491425401006,0.5759599523175274,0.036095133428462434,d,b
0.9870450382411289,0.012886529996579818,6.843176229135707e-05,b,b
0.9672026174896848,0.031461201422398055,0.0013361810879171797,b,b
0.9946413717055667,0.003924661152074718,0.0014339671423588027,b,b
0.997819681918056,0.0020845141587105863,9.58039232334927e-05,b,b
0.6145826306074371,0.38418629034280605,0.0012310790497568997,b,b
0.9338437228173575,0.0654947208067867,0.000661556375855809,b,b
0.9965241369732194,0.0003763277548717423,0.0030995352719089776,b,b
0.98999868625752,0.0009488589851425318,0.009052454757337432,b,b
0.9824724692957396,0.017434356552222658,9.317415203778976e-05,b,b
0.9912325023048335,0.0017023875191566925,0.007065110176009801,b,b
0.9978136430703197,0.0021366851218000975,4.9671807880193555e-05,b,b
0.9977396383145603,0.002168993396534753,9.13682889051591e-05,b,b
0.9804446949309653,0.01943348039024731,0.00012182467878747422,b,b
0.960912490938157,0.03747848920798126,0.0016090198538617425,b,b
0.9988463047450655,0.0011137021761474957,3.9993078787093726e-05,b,b
0.7056086496428796,0.2875296978658448,0.006861652491275625,b,b
0.9943793391364869,0.005279091771005734,0.00034156909250737303,b,b
0.49216204389195906,0.503393709195485,0.004444246912556088,d,b
0.285707890790391,0.10489097738456418,0.6094011318250449,w,b
0.9728843152103566,0.026238816529567062,0.000876868260076321,b,b
0.9997852189586602,0.00020108224455997597,1.3698796779977703e-05,b,b
0.9995285269695091,0.0004163596423689625,5.5113388122018464e-05,b,b
0.9995625578336151,0.0002184500249864735,0.00021899214139834073,b,b
0.5969882202581457,0.3984298307710947,0.004581948970759673,b,b
0.2268309366349879,0.014482364875907776,0.7586866984891043,w,b
0.9927854970798153,0.0027596196657216094,0.004454883254462967,b,b
0.3802093762433316,0.04363065369041883,0.5761599700662496,w,b
0.9664426772940014,0.002273217957427891,0.03128410474857081,b,b
0.9990491601864857,0.0009173921315407703,3.344768197354552e-05,b,b
0.9973177496778325,0.0008816563622564344,0.0018005939599110296,b,b
0.9997673522241641,0.0001950950211221771,3.7552754713601356e-05,b,b
0.9998932789988828,7.929356391851638e-05,2.7427437198597136e-05,b,b
0.6198657729431478,0.37425073720515534,0.005883489851696979,b,b
0.9991239004249837,0.0008334736281306593,4.2625946885733666e-05,b,b
0.7899179016548934,0.20215934360942842,0.007922754735678333,b,b
0.20288943166929202,0.00541204745079594,0.7916985208799121,w,b
0.9997533166684058,0.00023148051310295582,1.5202818491229467e-05,b,b
0.9882935207451636,0.011582703379532775,0.00012377587530352897,b,b
0.3495281127478057,0.6360331123398634,0.014438774912330997,d,b
0.9997677353942154,0.00021104480273278445,2.121980305181488e-05,b,b
0.9959668833261426,0.0021112338997300506,0.0019218827741272796,b,b
0.7232047313063414,0.26089989088129467,0.015895377812363963,b,b
0.7734508847909703,0.22528141134815183,0.0012677038608778202,b,b
0.9998650657799417,0.00010723418441176048,2.7700035646456618e-05,b,b
0.9998573668429882,0.0001283155703308138,1.4317586680963254e-05,b,b
0.9989857346569027,0.0009807641145395446,3.350122855785534e-05,b,b
0.9998787085228296,9.308912661165913e-05,2.8202350558857264e-05,b,b
0.9989690467677301,0.0009743817389194057,5.6571493350625426e-05,b,b
0.999832070885247,0.00015116126825571026,1.6767846497348885e-05,b,b
0.998441225795612,0.0015180805088465365,4.069369554143152e-05,b,b
0.999792110135843,0.00019226893711549365,1.5620927041444647e-05,b,b
0.9984651455143632,0.0004254637543297388,0.0011093907313070505,b,b
0.8183502389552606,0.18113093437122102,0.000518826673518421,b,b
0.3718552539665475,0.0017241422984425557,0.6264206037350099,w,b
0.9998715882637046,0.00010145897081630268,2.695276547908383e-05,b,b
0.3390517717120072,0.6560470927929024,0.0049011354950904236,d,b
0.9084431791040869,0.08365992473460326,0.007896896161309985,b,b
0.9780889351357841,0.021594827965184332,0.0003162368990317153,b,b
0.856087015018131,0.14316056233257657,0.0007524226492925148,b,b
0.9987225256658891,0.00044893130018783495,0.0008285430339232374,b,b
0.9990480737068618,0.0008865456969907089,6.538059614741349e-05,b,b
0.9605589212845937,0.039306109136129516,0.00013496957927677924,b,b
0.9993049571089723,0.0006753239372701583,1.9718953757557347e-05,b,b
0.9826222099472944,0.017305588068129294,7.220198457648963e-05,b,b
0.9998254926351726,0.00014330006512566694,3.120729970196688e-05,b,b
0.9019829091540471,0.09673790193819604,0.0012791889077568431,b,b
0.9996815043109913,0.00028242278759165395,3.607290141696472e-05,b,b
0.9841147397751878,0.012223325426674592,0.003661934798137767,b,b
0.9957538111234447,0.002541408628425568,0.0017047802481297252,b,b
0.6892821294427155,0.3102223325711947,0.0004955379860899625,b,b
0.999884305246723,9.892674750946067e-05,1.6768005767491678e-05,b,b
0.9986395236774182,0.0012591144572473873,0.00010136186533439268,b,b
0.9984786033715018,0.0013929839150001878,0.00012841271349808405,b,b
0.5436346795928156,0.0039658491405984014,0.4523994712665861,b,b
0.8661234930116404,0.08015217618353665,0.05372433080482311,b,b
0.9996464790944521,0.00033655850970584723,1.696239584209123e-05,b,b
0.535903554832319,0.43045495332876726,0.03364149183891382,b,b
0.9945850213575639,0.0048899429211167345,0.0005250357213193469,b,b
0.9998360104396904,8.159947762937193e-05,8.239008268035097e-05,b,b
0.9998499194008358,0.000135610171475298,1.4470427688942911e-05,b,b
0.9990220757569278,0.0009337320721018362,4.419217097039625e-05,b,b
0.8833620143260849,0.004143290097128255,0.11249469557678696,b,b
