b,d,w,predictions,truth
0.9999853652785682,1.2149347041205069e-05,2.485374391306371e-06,b,b
0.9990201723182851,0.0006509142158412024,0.00032891346587371825,b,b
0.9921313772158791,0.0028966344281819807,0.004971988355939049,b,b
0.9999793880556496,1.74155588548027e-05,3.1963854957955757e-06,b,b
0.9999952340797336,3.6509542710418914e-06,1.11496599545714e-06,b,b
0.9818628239995191,0.01805555825106033,8.161774942062255e-05,b,b
0.11603458752852705,0.014178216562952484,0.8697871959085206,w,b
0.6221768840461901,0.012119503278061754,0.36570361267574825,b,b
0.4138570389149606,0.12172698691545614,0.46441597416958325,w,b
0.23260333003458836,0.7635195134462945,0.003877156519117122,d,b
0.9998285579824169,0.0001634940638682878,7.947953714854244e-06,b,b
0.9999074733171847,9.105703588822851e-05,1.469646927011159e-06,b,b
0.9999664329681779,2.3445639739268077e-05,1.0121392082942387e-05,b,b
0.9909206389082814,0.008557649365169274,0.0005217117265493007,b,b
0.5122212789580163,0.48056140938333636,0.007217311658647439,b,b
0.9978023247029311,0.002178260967374039,1.9414329695123024e-05,b,b
0.9785167022101937,0.01882314366740311,0.00266015412240321,b,b
0.9998970041073197,7.834188482939468e-05,2.4654007851074684e-05,b,b
0.9999285261122677,2.956494108248805e-05,4.190894665030435e-05,b,b
0.9748198821361103,0.02139406215605269,0.003786055707836965,b,b
0.7960805566136309,0.19231493141778452,0.011604511968584657,b,b
0.9902209244132054,0.001370589619801669,0.008408485966993038,b,b
0.2691661554799918,0.7282983015842048,0.0025355429358034846,d,b
0.9557006334859467,0.007824591703733794,0.03647477481031959,b,b
0.9997386693693157,0.00024744085824385926,1.388977244053595e-05,b,b
0.518691339067199,0.4808262608109398,0.0004824001218612228,b,b
0.9475391987963022,0.052297050950520965,0.00016375025317676836,b,b
0.9996689127635736,0.00029093763285473423,4.014960357168296e-05,b,b
0.9976342385714607,0.0018036754618320084,0.0005620859667073944,b,b
0.9904642530752253,0.006891528640212219,0.002644218284562573,b,b
0.9989942937668895,0.0004562652653712509,0.0005494409677391502,b,b
0.47855865355719607,0.5186352260063373,0.0028061204364667573,d,b
0.8680100992803821,0.0013295020514478854,0.13066039866817014,b,b
0.992718651615927,0.0029941407837924304,0.004287207600280784,b,b
0.9754090925192263,0.024493144081446726,9.776339932716475e-05,b,b
0.9809791140650281,0.015390725323425279,0.0036301606115464883,b,b
0.9999838334720959,1.3733113646204965e-05,2.4334142582041884e-06,b,b
0.9998569422392005,7.726097249445286e-05,6.57967883051194e-05,b,b
0.5102142240267853,0.4466930083885068,0.04309276758470807,b,b
0.999979057307014,1.615434896657887e-05,4.788344019442382e-06,b,b
0.48482667068307905,0.4333188903972155,0.08185443891970545,b,b
0.3242920656901146,0.6752020946956969,0.0005058396141885398,d,b
0.9989574664025951,0.0009886621138247512,5.3871483580069644e-05,b,b
0.9998681737887707,0.000115680708239507,1.6145502990106582e-05,b,b
0.9992742480018695,0.0006481360123402701,7.761598579024381e-05,b,b
0.8680272885260384,0.10520903161129236,0.02676367986266924,b,b
0.9997379323883568,0.00021530350655486183,4.6764105088227205e-05,b,b
0.14650119190169736,0.8369655656044934,0.01653324249380927,d,b
0.9998623642651514,0.000135386262205335,2.2494726435220406e-06,b,b
0.9994017884638193,1.815706248856171e-05,0.0005800544736921292,b,b
0.9992250615168007,0.0007544865181519112,2.045196504744285e-05,b,b
0.8941172452088999,0.10581017219096962,7.258260013040947e-05,b,b
0.4944666226438473,0.5047628865215588,0.0007704908345940618,d,b
0.7921937301061515,0.20101207731828666,0.006794192575561961,b,b
0.9983950853901902,0.0015367221781319653,6.819243167796615e-05,b,b
0.999914680521715,8.211456615496791e-05,3.204912130044883e-06,b,b
0.9825815538106619,0.015841477703867006,0.0015769684854710728,b,b
0.9976407644632557,0.0002526790137186618,0.0021065565230255164,b,b
0.5899858392772204,0.011202623776748856,0.3988115369460309,b,b
0.998362928704296,0.0014243255061918599,0.00021274578951217346,b,b
0.9520757956392663,0.047634718426158164,0.00028948593457569924,b,b
0.2722366494237966,0.726358214175699,0.0014051364005045084,d,b
0.872712696787143,0.0015700070650658824,0.12571729614779115,b,b
0.9899126751182803,0.0023676699655950364,0.0077196549161248585,b,b
0.927152618673172,0.0638145462818131,0.009032835045014911,b,b
0.6769024470778784,0.00482729245757307,0.3182702604645486,b,b
0.9415273734998729,0.05841521949967386,5.740700045338356e-05,b,b
0.999822873658331,0.00017321753424215266,3.908807426541476e-06,b,b
0.8097220797029715,0.18888121683357953,0.0013967034634490745,b,b
0.9999392292896363,5.7647337223227694e-05,3.123373140523813e-06,b,b
0.9975087418404767,0.002452824622359772,3.843353716355254e-05,b,b
0.8282842694613419,0.16992122914337693,0.0017945013952811093,b,b
0.9582748746974945,0.041527532707640126,0.0001975925948653614,b,b
0.9075055778030556,0.005542165366509432,0.08695225683043493,b,b
0.9908486934596489,0.006053165398138714,0.0030981411422124155,b,b
0.9508709378560645,0.04907801845156327,5.104369237240794e-05,b,b
0.9999164370151746,7.625550799208989e-05,7.307476833495138e-06,b,b
0.9993455886992891,0.000616194124455432,3.8217176255652025e-05,b,b
0.9928844878158363,0.006992468386495471,0.00012304379766830056,b,b
0.86786842213319,0.1306708861945149,0.0014606916722951899,b,b
0.9860471943423871,0.011887673796400336,0.0020651318612124364,b,b
0.9620465594958194,0.008611266123914687,0.029342174380266012,b,b
0.8927283589770681,0.10256312511344981,0.004708515909482102,b,b
0.38935265792788,0.6091066197623103,0.001540722309809778,d,b
0.9971952196032152,0.002756320819020661,4.8459577764284005e-05,b,b
0.9999872448379399,1.0052460275068737e-05,2.702701785272169e-06,b,b
0.9921351637732116,0.0013897867139786612,0.006475049512809618,b,b
0.9895945244507038,0.005797484275802002,0.00460799127349411,b,b
0.8955032182313829,0.08740721376004658,0.017089568008570546,b,b
0.9924558709928573,0.002040531415919964,0.005503597591222919,b,b
0.9931158484421291,0.001837845603853253,0.005046305954017708,b,b
0.9994742497003267,0.0005228171171598275,2.933182513673772e-06,b,b
0.9999901076679205,8.055887526908522e-06,1.8364445525574882e-06,b,b
0.9878095855418934,0.01218102738976697,9.38706833957771e-06,b,b
0.3417964838861335,0.0048251751386211034,0.6533783409752454,w,b
0.9999106782898304,8.450072709155592e-05,4.820983078258674e-06,b,b
0.9836405290033398,0.016185229516980183,0.0001742414796801619,b,b
0.780658786165384,0.21638303696645914,0.002958176868157055,b,b
0.999081692771316,0.0009118133802284968,6.4938484556018776e-06,b,b
0.9674746207393754,0.03239623856430982,0.00012914069631498796,b,b
0.999514881829779,0.00047202131061974026,1.3096859601421136e-05,b,b
0.9268476377480785,0.07314961332430532,2.7489276163021983e-06,b,b
0.4965773729180135,0.4924272335781663,0.010995393503820266,b,b
0.23003908397600945,0.7200381860011097,0.04992273002288099,d,b
0.8925904162776166,0.1069290217388203,0.00048056198356314516,b,b
0.9999831781083326,1.450204849765614e-05,2.319843169687108e-06,b,b
0.9997235213562102,0.0002738245939249226,2.6540498650616118e-06,b,b
0.9849441266230772,0.0031447180911212667,0.011911155285801752,b,b
0.3017894844883613,0.6977004524062504,0.0005100631053884114,d,b
0.7134207511217893,0.26362661263518516,0.022952636243025647,b,b
0.9938529521328061,0.005042769048513348,0.0011042788186805704,b,b
0.9999876746394873,1.0037991244105805e-05,2.287369268531863e-06,b,b
0.9998751493537095,0.00012050906297139551,4.3415833193775355e-06,b,b
0.6673144763938219,0.3140859663262625,0.018599557279915697,b,b
0.359407344284951,0.5887523517803736,0.05184030393467557,d,b
0.9988598376054723,0.0011092324058660746,3.0929988661605906e-05,b,b
0.999379954098748,0.0006084463772053945,1.1599524046388739e-05,b,b
0.99997049163313,5.982446937125069e-06,2.3525919933044576e-05,b,b
0.9989455722860732,0.00032274431285025815,0.0007316834010766151,b,b
0.9783666887145798,0.004852501302586882,0.016780809982833426,b,b
0.721548548458288,0.2782547646363301,0.00019668690538214825,b,b
0.9989599923548875,0.0007018731221077803,0.00033813452300485776,b,b
0.9997672425296089,8.25138033407132e-05,0.00015024366705063038,b,b
0.29422421654116976,0.6998720202513768,0.005903763207453388,d,b
0.891309853799102,0.08645313241809977,0.02223701378279826,b,b
0.9722788073501587,0.02763240375505107,8.878889479022114e-05,b,b
0.9706516970619955,0.0013112929384666353,0.028037009999537826,b,b
0.9960108781984736,0.00036061304250281694,0.0036285087590237543,b,b
0.9369101258924893,0.054037098643561154,0.009052775463949461,b,b
0.6448778743323721,0.3546208483502428,0.0005012773173852215,b,b
0.9996422038144334,0.0003092931014640838,4.850308410272124e-05,b,b
0.8845470594588265,0.11504336362603096,0.0004095769151425331,b,b
0.9965085014457769,0.003416867920480835,7.463063374241751e-05,b,b
0.9680463873220863,0.02809327766966085,0.003860335008252903,b,b
0.9999804131666228,1.716394029254076e-05,2.422893084526001e-06,b,b
0.9896302281830978,0.010342406767202182,2.736504970006717e-05,b,b
0.9998277544516919,0.00011072132179724846,6.152422651090186e-05,b,b
0.9996146828373893,0.0003336153202510037,5.1701842359708914e-05,b,b
0.37011138392859416,0.11892259791239417,0.5109660181590117,w,b
0.5281018556220256,0.46862658699974047,0.0032715573782338913,b,b
0.828145516266265,0.15162485124224323,0.020229632491491914,b,b
0.4103060237325499,0.5893842594417988,0.0003097168256513652,d,b
0.7038252629897437,0.2956133457032736,0.000561391306982785,b,b
0.9999160179020525,7.089672237480314e-05,1.3085375572899802e-05,b,b
0.6185635924728283,0.010651153829905124,0.37078525369726667,b,b
0.9970196945672343,0.0027028087195683534,0.0002774967131973653,b,b
0.523639116608389,0.19399558942007605,0.28236529397153515,b,b
0.9777905282796286,0.00470124578531957,0.017508225935051892,b,b
0.8630636154747724,0.13249276077413832,0.004443623751089207,b,b
0.8533236471288506,0.0031102038186059094,0.1435661490525436,b,b
0.9982177179409955,0.0017402060255541794,4.207603345032969e-05,b,b
0.999772670234421,0.00016664761898349078,6.068214659582309e-05,b,b
0.9998888008723202,0.00010688124623420335,4.3178814456516565e-06,b,b
0.42550917935098614,0.5693007352698832,0.00519008537913073,d,b
0.9989982120785544,0.0004266677184687217,0.0005751202029769153,b,b
0.9999381386219702,1.5978726273176648e-05,4.588265175690512e-05,b,b
0.9970137791021287,0.0029335831763969717,5.2637721474307764e-05,b,b
0.9399891158005915,0.058235879128043705,0.0017750050713647872,b,b
0.9825005461995948,0.014704770023677486,0.0027946837767277924,b,b
0.9991543098154636,0.000554708938844356,0.0002909812456919571,b,b
0.2448845525430982,0.75271513763449,0.0024003098224117518,d,b
0.588104199688969,0.009459689264058694,0.4024361110469723,b,b
0.12837345069110134,0.8499420195786718,0.02168452973022692,d,b
0.9741689567496339,0.0038429989683537117,0.02198804428201248,b,b
0.9969786841087149,0.0028792874005042855,0.00014202849078071556,b,b
0.9998691380775331,0.00012470701074234226,6.154911724729477e-06,b,b
0.328167959763075,0.6515777391891452,0.020254301047779893,d,b
0.9996863364443268,0.0002728229350078418,4.0840620665370955e-05,b,b
0.9988712132812986,0.0006883823770748576,0.0004404043416267842,b,b
0.9992372984538085,0.0005893247023607102,0.00017337684383090079,b,b
0.9926909435251267,0.007294951380721132,1.4105094152382305e-05,b,b
0.6460923936279155,0.001527694106422556,0.35237991226566207,b,b
0.9671499658738307,0.03274896071848433,0.0001010734076851626,b,b
0.36718554398550995,0.628164412694155,0.0046500433203351095,d,b
0.8958715733167957,0.04821161421913156,0.05591681246407295,b,b
0.2326291100781144,0.04283163731707323,0.7245392526048123,w,b
0.9999267624602959,5.991978839409025e-05,1.3317751309683149e-05,b,b
0.9655866529773802,0.005442731153591321,0.028970615869028545,b,b
0.9475872352361467,0.0522770581867743,0.00013570657707876214,b,b
0.9999754893101866,2.259066561015309e-05,1.920024203382044e-06,b,b
0.9999895236503347,6.516446180315854e-06,3.959903485043692e-06,b,b
0.9996468490136996,0.00035165818123090547,1.4928050693093995e-06,b,b
0.9998691019579908,0.00011072174226375645,2.0176299745376802e-05,b,b
0.999973182163636,1.526287868050537e-05,1.1554957683951676e-05,b,b
0.9678215952157709,0.0012384753358653288,0.030939929448363913,b,b
0.9988547356501447,0.0004592063279770719,0.0006860580218783012,b,b
0.9966070910457374,0.002506003047974581,0.0008869059062880467,b,b
0.9995612735143358,0.00027614895716778534,0.00016257752849659052,b,b
0.9900589190556146,0.00885869127696908,0.0010823896674165474,b,b
0.9997301131892931,0.00015641124361304303,0.00011347556709413584,b,b
0.19919076268007077,0.00486394297722468,0.7959452943427047,w,b
0.9981327020132919,0.0016297989606354332,0.00023749902607273085,b,b
0.9999783139372547,8.259063908361767e-06,1.3426998836929653e-05,b,b
0.9669524880821176,0.032967475769225915,8.00361486563459e-05,b,b
0.33895879458394707,0.01645502176714426,0.6445861836489087,w,b
0.32312077781364634,0.6740692904733452,0.002809931713008638,d,b
0.999478081571834,0.0005104627231809967,1.1455704985022001e-05,b,b
0.46428727248881557,0.5349161316955102,0.0007965958156742087,d,b
0.9987101619201841,0.0006051351840541759,0.0006847028957616213,b,b
0.9989620144104947,0.0010114410515753558,2.6544537930156255e-05,b,b
0.9988367783073676,0.0006037006337304542,0.0005595210589021133,b,b
0.9707131375338547,0.005684163296453574,0.023602699169691575,b,b
0.9993293795135699,0.0006531370971960706,1.748338923406931e-05,b,b
0.891363596000001,0.09762879255564968,0.011007611444349278,b,b
0.9977345129077255,0.002179542681876907,8.594441039752743e-05,b,b
0.999992874687698,5.071717393671518e-06,2.053594908130676e-06,b,b
0.9999204987634547,7.468711917171956e-05,4.814117373504089e-06,b,b
0.9531660065560417,0.046746914485007986,8.707895895030985e-05,b,b
0.9829177154284545,0.003033544888106272,0.014048739683439254,b,b
0.9952396803578367,0.0026285227553767003,0.00213179688678676,b,b
0.44082189782013725,0.5584256932382268,0.0007524089416360723,d,b
0.9997275220565808,0.0002637392578007301,8.73868561859895e-06,b,b
0.999760139114845,0.0001869843591343979,5.287652602104327e-05,b,b
0.9999638221491762,3.0845108740077056e-05,5.332742083925165e-06,b,b
0.8894121119582994,0.10480801185922665,0.005779876182473985,b,b
0.9992105013592829,0.0006920563488662073,9.744229185106063e-05,b,b
0.9392925354029535,0.0023365295406800276,0.05837093505636642,b,b
0.054458732300269354,0.9441278557581467,0.001413411941583985,d,b
0.9859531743261669,0.0017368834390293715,0.01230994223480382,b,b
0.9998025522951255,0.00014469565271684593,5.2752052157599114e-05,b,b
0.36337449420960155,0.6340077372566263,0.0026177685337723184,d,b
0.9998613485905463,0.0001137141621938625,2.4937247259998695e-05,b,b
0.9995204035576831,0.0004744891674019725,5.107274915054241e-06,b,b
0.9998740121980726,0.00012460206484346846,1.3857370842998225e-06,b,b
0.5796857960345694,0.420240707779413,7.349618601744497e-05,b,b
0.9999292142158975,3.691538259146559e-05,3.387040151123927e-05,b,b
0.9997787864044073,0.0001788740341597812,4.2339561433064334e-05,b,b
0.9999594882008085,1.2300500158510963e-05,2.8211299033118706e-05,b,b
0.9893378195223679,0.001851424239492636,0.00881075623813956,b,b
0.9055908090263962,0.0893320046657115,0.005077186307892295,b,b
0.9992443536210781,0.000750533213568424,5.1131653533776806e-06,b,b
0.999988785613033,9.614369595990755e-06,1.6000173713101489e-06,b,b
0.9999739834018676,2.32114110567349e-05,2.805187075748043e-06,b,b
0.9986129413700184,0.0005271159791184637,0.0008599426508632829,b,b
0.7438424166488625,0.2027641396531379,0.0533934436979997,b,b
0.9384679975340713,0.05548265878842064,0.0060493436775081975,b,b
0.987014007228491,0.004993263076767205,0.00799272969474196,b,b
0.8747474003538869,0.10995638088419679,0.015296218761916457,b,b
0.9997921314769314,9.850378691805565e-05,0.00010936473615091103,b,b
0.6981126864987717,0.30118329745575334,0.0007040160454749725,b,b
0.9923863160910191,0.006512428887993338,0.0011012550209876148,b,b
0.9897100825528318,0.010285344460454822,4.572986713625612e-06,b,b
0.6946618342860055,0.0022753947059093132,0.3030627710080852,b,b
0.9885014389302536,0.011489789223646149,8.771846100323382e-06,b,b
0.9713974327288359,0.00864899737167146,0.019953569899492568,b,b
0.9993237872068552,0.000665539504098109,1.0673289047033513e-05,b,b
0.9448412664173762,0.052983274895877994,0.0021754586867457864,b,b
0.9954450078544899,0.0014153938983204062,0.003139598247189917,b,b
0.9999769787394948,2.0138941479953307e-05,2.882319025917066e-06,b,b
0.9187632355243971,0.006001303235827047,0.07523546123977597,b,b
0.9999761555052973,1.996701944587374e-05,3.87747525668388e-06,b,b
0.9945801809951056,0.004461503997208771,0.0009583150076857061,b,b
0.8570827688858842,0.14243570124630942,0.0004815298678064535,b,b
0.9951639045085812,0.004789256378054472,4.683911336467285e-05,b,b
0.28973881958646464,0.010889789520909575,0.6993713908926258,w,b
0.9991518054173243,0.0005661030739505249,0.00028209150872550914,b,b
0.999968677725962,2.744780819346551e-05,3.874465845046482e-06,b,b
0.9973318874946699,0.0018648532964797282,0.00080325920885053,b,b
0.3599880795761738,0.6292958308062184,0.010716089617607755,d,b
0.9947178860336383,0.005181651701570084,0.00010046226479173181,b,b
0.9990526896107382,0.0003205723177558891,0.000626738071506021,b,b
0.9896272123185592,0.002306623694759824,0.00806616398668087,b,b
0.9992356323771779,0.0007524436344507514,1.1923988371487187e-05,b,b
0.5959281005451819,0.30323883131335877,0.1008330681414594,b,b
0.9975946177322581,0.0014306750226577008,0.0009747072450843139,b,b
0.4921690650420256,0.006885191213637052,0.5009457437443374,w,b
0.6352406638115643,0.0933817110777822,0.2713776251106536,b,b
0.3871111278111846,0.5715634837514516,0.04132538843736369,d,b
0.9997471598434611,0.00024752749497798307,5.312661561228879e-06,b,b
0.30788123875654827,0.6840341261202365,0.0080846351232153,d,b
0.9690304918225614,0.030904631795026068,6.487638241251835e-05,b,b
0.49547906117579427,0.502708030792022,0.001812908032183804,d,b
0.7471337992273506,0.23007354887886597,0.022792651893783503,b,b
0.9772759248773301,0.020868133683889567,0.0018559414387804795,b,b
0.44741384822074787,0.5520564525310124,0.0005296992482397903,d,b
0.9999950873879493,3.271019058101904e-06,1.6415929928385299e-06,b,b
0.46636287620279787,0.19665084979752057,0.3369862739996817,b,b
0.9972313248602128,0.0027370778378830733,3.1597301904078644e-05,b,b
0.9999227554000534,5.22067061566778e-05,2.5037893790168258e-05,b,b
0.31937283438724906,0.046354810396416896,0.6342723552163341,w,b
0.9855729230876933,0.014129290094253818,0.0002977868180531243,b,b
0.9666816679151791,0.02787360569376616,0.005444726391054806,b,b
0.9788834686440395,0.02106714447905549,4.938687690512485e-05,b,b
0.9998136279959702,0.00015295444332065684,3.341756070932447e-05,b,b
0.9856077981296709,0.012443227258699296,0.001948974611629811,b,b
0.9921627615854324,0.003697515733849179,0.004139722680718351,b,b
0.9979815423222753,0.0016733590677945943,0.000345098609930041,b,b
0.9712554566804157,0.02870010929455375,4.4434025030673764e-05,b,b
0.999964460838078,2.413945001933189e-05,1.139971190298203e-05,b,b
0.5031716066044305,0.39167487992636796,0.10515351346920165,b,b
0.8224416162496259,0.17740301213828333,0.000155371612090904,b,b
0.7627030963286787,0.2365986041052278,0.0006982995660935238,b,b
0.6781305135990979,0.011417096203225285,0.31045239019767684,b,b
0.9789117951207098,0.010990191526333189,0.010098013352957087,b,b
0.9776799140131476,0.01013841459762663,0.012181671389225835,b,b
0.32876700205490883,0.670275368974337,0.0009576289707541342,d,b
0.7520195468132942,0.003205290897203151,0.24477516228950288,b,b
0.9995351691070631,0.0004593529208821558,5.477972054935094e-06,b,b
0.9986212442454091,0.001346063081966569,3.269267262429555e-05,b,b
0.9999702697650665,2.699184240278528e-05,2.7383925305648843e-06,b,b
0.7512036470815173,0.23787663137840476,0.010919721540078035,b,b
0.8659561964618838,0.002873623362374917,0.13117018017574128,b,b
0.7173855905951922,0.281460258207036,0.001154151197771654,b,b
0.9965166696222593,0.002512386111850352,0.0009709442658903818,b,b
0.9994567426185095,0.0002343469763993614,0.0003089104050913519,b,b
0.9996043628862871,0.0003692433311266352,2.639378258618688e-05,b,b
0.9997636809590859,0.00016454012677003665,7.177891414431706e-05,b,b
0.996305021402895,0.0008290904413085309,0.002865888155796585,b,b
0.9749578143904714,0.0072346262394360076,0.017807559370092672,b,b
0.7785272381633438,0.22091322468446145,0.0005595371521948237,b,b
0.9937716856423762,0.006086220642053428,0.00014209371557031335,b,b
0.2086236997946413,0.021444399016812755,0.7699319011885459,w,b
0.9949756822232474,0.005014680208276538,9.637568476242951e-06,b,b
0.46822650043521247,0.010797815278369595,0.5209756842864179,w,b
0.9797270816821029,0.020164678620661305,0.000108239697235888,b,b
0.9975185629705895,0.002059296661907212,0.00042214036750307056,b,b
0.9998544605635721,3.563210687403025e-05,0.00010990732955396295,b,b
0.9972873641048721,0.0025216768062876664,0.00019095908884021436,b,b
0.999951297085238,4.5166734600382464e-05,3.5361801618061764e-06,b,b
0.9988193656230389,0.0009439044760932332,0.00023672990086804615,b,b
0.9944757274174612,0.004042083316772079,0.0014821892657667563,b,b
0.9983651082749851,0.0006542536250242856,0.0009806380999905103,b,b
0.9983455873454266,0.0016391442733729388,1.5268381200444136e-05,b,b
0.3567037173980083,0.007513417765412344,0.6357828648365793,w,b
0.9749625889172874,0.004802411578541333,0.020234999504171382,b,b
0.9943247444473478,0.0028600510557358753,0.002815204496916602,b,b
0.9999332847395214,5.085849577460727e-05,1.585676470410227e-05,b,b
0.9991122055967157,0.0008726185237982457,1.5175879486279957e-05,b,b
0.7381073519890986,0.15223292050424514,0.10965972750665628,b,b
0.9999098947013786,8.859651950584705e-05,1.5087791157159055e-06,b,b
0.9995262860200562,0.00034456342636506715,0.00012915055357892526,b,b
0.9992287487639286,0.0007099045753067509,6.13466607644125e-05,b,b
0.9993815569678846,0.0006086980183627013,9.74501375300233e-06,b,b
0.9965223479910594,0.0018017312276890447,0.0016759207812513971,b,b
0.8121366089273474,0.0244681878842222,0.16339520318843043,b,b
0.9757955893897866,0.023023878056719058,0.0011805325534943183,b,b
0.9805961352990576,0.017683749162751238,0.0017201155381910834,b,b
0.9597706892201079,0.002142731863956414,0.038086578915935566,b,b
0.9738940850182546,0.026073223392608404,3.269158913713611e-05,b,b
0.9983803763295578,0.0013886529783917816,0.00023097069205022723,b,b
0.9997997874744164,4.284829299751376e-05,0.00015736423258598352,b,b
0.9991062902880197,0.0008465495280813904,4.7160183899234554e-05,b,b
0.9999196062097951,5.450172458578615e-05,2.589206561888033e-05,b,b
0.3444713837205607,0.6510181205417302,0.004510495737708996,d,b
0.9986108582812829,0.001108578633299604,0.0002805630854177989,b,b
0.9910887709380335,0.007792354663969015,0.0011188743979975396,b,b
0.9982602150865441,0.0017342049756768553,5.579937779182593e-06,b,b
0.8060476051268037,0.16649241169783574,0.027459983175360705,b,b
0.5490710830419792,0.4168397527725286,0.03408916418549225,b,b
0.9998960620808179,0.0001021473314277757,1.790587754742832e-06,b,b
0.9787148194942688,0.021163808551236053,0.00012137195449522864,b,b
0.9526143038361381,0.04730573600053308,7.996016332865728e-05,b,b
0.9995292118175011,0.0003161131036225501,0.00015467507887622153,b,b
0.7573673810653927,0.02836664306666465,0.21426597586794283,b,b
0.9998938844880171,9.971245620187052e-05,6.403055781014884e-06,b,b
0.9893004420099532,0.010182936861876848,0.0005166211281700957,b,b
0.9478120106149092,0.007141612066321727,0.04504637731876914,b,b
0.9613501884672884,0.03435714543008519,0.0042926661026263906,b,b
0.9062463945155014,0.0645136101047961,0.02923999537970249,b,b
0.4492344572086836,0.0051009321254952035,0.5456646106658213,w,b
0.10907277678474477,0.014517386712371693,0.8764098365028836,w,b
0.9994504080780563,0.0005442463100805676,5.345611863176291e-06,b,b
0.999866209348426,0.0001187480452741266,1.504260629998327e-05,b,b
0.9999674399575859,2.9012065567638205e-05,3.547976847202066e-06,b,b
0.9812463313595725,0.01870012411460038,5.354452582716234e-05,b,b
0.9946154367677607,0.0005870488756630352,0.004797514356576345,b,b
0.9998895046516574,7.45273914172419e-05,3.59679569254141e-05,b,b
0.9921714196060771,0.00637211932083801,0.0014564610730849752,b,b
0.9999265451328879,5.634500298385938e-05,1.710986412834969e-05,b,b
0.7826100795643887,0.009041500841626244,0.20834841959398503,b,b
0.9986295264595473,0.001360894283954948,9.579256497922443e-06,b,b
0.9991859937174363,0.0007812251011563335,3.2781181407432875e-05,b,b
0.9653794850314416,0.0345712494190887,4.926554946987426e-05,b,b
0.42259115781640894,0.15897909020536566,0.4184297519782254,b,b
0.9994507303059665,0.000230390583072196,0.00031887911096138867,b,b
0.999811145448833,0.00012667344192622334,6.218110924072484e-05,b,b
0.3064035941063858,0.6895830667375671,0.004013339156047212,d,b
0.9999504384276046,3.036166641568593e-05,1.9199905980160695e-05,b,b
0.7673617880292529,0.23087436506978515,0.0017638469009620707,b,b
0.2482047581641375,0.7293235235222275,0.022471718313634988,d,b
0.9900724791362918,0.00979439889830702,0.00013312196540117295,b,b
0.462297383675337,0.5325360216507959,0.005166594673867149,d,b
0.9623356539395611,0.03756894873777135,9.539732266754853e-05,b,b
0.9847228590900571,0.015234937680010894,4.2203229932241604e-05,b,b
0.9999865381777877,1.0939436332421691e-05,2.522385880249685e-06,b,b
0.9768084762583144,0.023061549506786704,0.00012997423489895664,b,b
0.9864185842131429,0.013160833033657632,0.000420582753199661,b,b
0.8115773731923085,0.1883195348568173,0.00010309195087432656,b,b
0.9999519517236981,4.526728208992449e-05,2.7809942116776467e-06,b,b
0.4412692326129889,0.5537307329899059,0.0050000343971052675,d,b
0.9753285505986721,0.009835457592907142,0.014835991808420834,b,b
0.9968675302265171,0.0030682545419086385,6.421523157424465e-05,b,b
0.9955720841564891,0.0029315229944544543,0.0014963928490564274,b,b
0.9624451137594587,0.037481434000730326,7.345223981108326e-05,b,b
0.7391686998235159,0.2534400441831775,0.007391255993306742,b,b
0.9889668222044423,0.004472755354351858,0.006560422441205948,b,b
0.9812733748763673,0.0185920039199774,0.0001346212036552928,b,b
0.9980924628024215,0.0018906989922031073,1.6838205375713842e-05,b,b
0.9651621108673212,0.03480573489664831,3.215423603048566e-05,b,b
0.791353935942917,0.2084490236747374,0.00019704038234570224,b,b
0.9997892672623394,0.00019679182816430716,1.3940909496745227e-05,b,b
0.9971835010433607,0.002302809757303442,0.0005136891993358218,b,b
0.99645387321062,0.0034956424550366245,5.0484334343333875e-05,b,b
0.9990389080928783,0.0008273762743678182,0.00013371563275401177,b,b
0.9938477915549702,0.0012337058318620845,0.004918502613167842,b,b
0.28597592553046314,0.06199664377625359,0.6520274306932834,w,b
0.9737891725412444,0.026177725889978687,3.310156877702525e-05,b,b
0.9998830608024083,0.00011334443165442839,3.594765936987528e-06,b,b
0.9808730725104795,0.015253338960855957,0.0038735885286644953,b,b
0.9976397924083842,0.0011177867187576562,0.001242420872858378,b,b
0.9988961299437904,0.0010748816842584981,2.8988371951427e-05,b,b
0.9996520532423417,0.0001328623919500155,0.0002150843657083196,b,b
0.9999789777498197,2.032517445626416e-05,6.970757245786668e-07,b,b
0.3502161423953698,0.6466481725874133,0.003135685017216944,d,b
0.9802645918516605,0.00599848441258118,0.013736923735758464,b,b
0.5602082614015506,0.42962893939214786,0.010162799206301587,b,b
0.9657478465483875,0.02132349263693245,0.01292866081468,b,b
0.9821135599148804,0.01782174928531678,6.469079980302872e-05,b,b
0.8522238453841515,0.06535965549501041,0.08241649912083804,b,b
0.9400659867744032,0.05166732852361318,0.008266684701983693,b,b
0.9987527202062738,0.001215142192732896,3.21376009934113e-05,b,b
0.9990144369920342,0.0008112584880646368,0.00017430451990149362,b,b
0.9992175535759705,0.0007674983026419327,1.4948121387604686e-05,b,b
0.9955566287961303,0.0042600020202985265,0.00018336918357124215,b,b
0.5499194785948966,0.4495559990028017,0.0005245224023017367,b,b
0.9771029273296263,0.004885362348105536,0.018011710322268157,b,b
0.9928240208963355,0.007099262880659104,7.671622300553979e-05,b,b
0.33491183336783464,0.6646560444699557,0.00043212216220975383,d,b
0.3789138928287078,0.10888908469406552,0.5121970224772268,w,b
0.9965205804596713,0.00032102338660657085,0.003158396153721977,b,b
0.47792924035138606,0.023472606071967057,0.49859815357664683,w,b
0.42559479037435977,0.5690588471035221,0.005346362522118239,d,b
0.9999898149027988,8.011268100454438e-06,2.1738291010240814e-06,b,b
0.21862537534053256,0.6977644371703826,0.08361018748908489,d,b
0.9998031411939632,0.0001210897969096726,7.576900912764258e-05,b,b
0.9652797804937678,0.015716093852792677,0.019004125653439445,b,b
0.6163279231577239,0.010004683703935448,0.37366739313834063,b,b
0.9939984118934073,0.0032181603384991543,0.0027834277680935516,b,b
0.9989355093804109,0.0006679866862370733,0.0003965039333520878,b,b
0.16481314929160693,0.8209321551372634,0.014254695571129659,d,b
0.699191097533543,0.003555717763499831,0.29725318470295725,b,b
0.31684772060023136,0.0043207382770586705,0.67883154112271,w,b
0.9996955840084185,0.00024611162605271523,5.830436552891137e-05,b,b
0.8745095254021598,0.05125760213756145,0.07423287246027892,b,b
0.9999260320041168,5.083643837468648e-05,2.3131557508307416e-05,b,b
0.9994992520324835,0.00045612134266684036,4.462662484976251e-05,b,b
0.9962975876720608,0.0019400531534758127,0.001762359174463662,b,b
0.9999461325675051,4.825502798032528e-05,5.612404514999211e-06,b,b
0.9962355297552112,0.002111762091211547,0.001652708153577095,b,b
0.9990152505502203,0.0009601765682108245,2.4572881569211014e-05,b,b
0.9846298432677179,0.015315901683006675,5.4255049275798694e-05,b,b
0.9998872275060952,0.0001100577094095487,2.7147844953281694e-06,b,b
0.9999783243838909,1.8287946900481445e-05,3.387669208536508e-06,b,b
0.4758293345951097,0.16092738269550416,0.3632432827093862,b,b
0.9292636019198659,0.07060512522278996,0.00013127285734423292,b,b
0.9964025576446146,0.0035918695807210022,5.572774664476364e-06,b,b
0.997874468048798,0.001088950330571504,0.0010365816206306074,b,b
0.9174814557183253,0.08178180604228315,0.0007367382393917853,b,b
0.997934678051012,0.001498399118364142,0.0005669228306239274,b,b
0.8282021901316481,0.1398274011229309,0.0319704087454211,b,b
0.8389982446268476,0.15930382963807777,0.0016979257350746557,b,b
0.9975433028343639,0.0021325209142204885,0.00032417625141572604,b,b
0.9993644690906336,0.00046209584360113506,0.00017343506576527048,b,b
0.9795757491822786,0.02008101439143168,0.00034323642628985174,b,b
0.9820653954016105,0.008478477319810981,0.009456127278578495,b,b
0.8674186612020076,0.1304858739297413,0.0020954648682512647,b,b
0.797356203475355,0.1992806589211815,0.003363137603463528,b,b
0.32789697421729735,0.17303716229386765,0.4990658634888351,w,b
0.9383890802545483,0.06139591313291333,0.00021500661253850606,b,b
0.9784926586813124,0.021435099114034444,7.224220465315758e-05,b,b
0.9997162839926597,0.00024933161723622886,3.4384390103872336e-05,b,b
0.9962230960855907,0.0021637884536808683,0.0016131154607283012,b,b
0.9998616697394263,4.01722546766128e-05,9.815800589699965e-05,b,b
0.9855121661115952,0.014447464030043407,4.036985836164284e-05,b,b
0.9887497442028906,0.0025902677059420603,0.008659988091167317,b,b
0.987447211467982,0.006709752047582769,0.0058430364844352795,b,b
0.985176828052714,0.014803655611507004,1.9516335779060123e-05,b,b
0.8945260883096682,0.1048385426606643,0.000635369029667577,b,b
0.9998120455268837,9.03320476332601e-05,9.762242548298672e-05,b,b
0.9995628208807157,0.0002411460097665842,0.00019603310951799916,b,b
0.9972712140413627,0.002542854825544764,0.00018593113309239964,b,b
0.9888081870482829,0.0045725540317452275,0.006619258919971999,b,b
0.9965605750998456,0.0032345645736708874,0.00020486032648336239,b,b
0.3381296199705241,0.0139648419146201,0.6479055381148557,w,b
0.9986877586683907,0.0012779598556457866,3.42814759637153e-05,b,b
0.8951476169930648,0.09068567999428984,0.014166703012645285,b,b
0.9873191217569958,0.012671428166185904,9.450076818451668e-06,b,b
0.5698379356025078,0.4294611574160401,0.0007009069814520067,b,b
0.2554174125404981,0.7363900859074681,0.008192501552033972,d,b
0.9996565094928425,0.0003287782368314242,1.4712270325852617e-05,b,b
0.9889760081350216,0.010045779588526208,0.0009782122764522539,b,b
0.9990941933703819,0.0008120899094162835,9.371672020170494e-05,b,b
0.999884631137156,0.0001132654978444449,2.1033649998225798e-06,b,b
0.9998072500428306,0.00010071341268940015,9.203654448036121e-05,b,b
0.9601057763133256,0.006089995082563265,0.033804228604111065,b,b
0.9999907336747442,7.806717039166738e-06,1.4596082166243233e-06,b,b
0.8893204117460227,0.11009455905060449,0.0005850292033729596,b,b
0.971289004955102,0.028588046052693623,0.0001229489922045642,b,b
0.9522754032855689,0.0365392802597578,0.01118531645467322,b,b
0.999986777266408,9.336303837611556e-06,3.8864297542812555e-06,b,b
0.9969927420012996,0.001585213214922796,0.0014220447837777041,b,b
0.27037372993083225,0.7168624740917549,0.012763795977413079,d,b
0.9997532533290239,0.00024301149462821532,3.735176347722092e-06,b,b
0.9998823023169778,2.4396718103417714e-05,9.330096491886461e-05,b,b
0.9978297726606948,0.0005708506373428803,0.0015993767019624422,b,b
0.9942453961368214,0.004586375372180738,0.0011682284909980542,b,b
0.9998142801185859,0.00018237619257031738,3.343688843822002e-06,b,b
0.7721150386999986,0.22771793270235835,0.00016702859764306023,b,b
0.9998185480552566,0.00018046139808239764,9.90546660966866e-07,b,b
0.9997031445613599,0.00025343796528310065,4.3417473357060717e-05,b,b
0.977870677201589,0.02212929229701154,3.050139964069034e-08,b,b
0.9999866670390483,1.0997712357265796e-05,2.335248594566654e-06,b,b
0.9959024862394539,0.0035427681380095816,0.0005547456225366751,b,b
0.9998062243546451,0.00018240783918744123,1.1367806167696074e-05,b,b
0.5818104806322721,0.008763742229255102,0.4094257771384727,b,b
0.9996964942903819,0.0002861727936613875,1.7332915956787e-05,b,b
0.9967589456450874,0.00017985097331383806,0.0030612033815988434,b,b
0.9931815555109408,0.0017491438900276142,0.005069300599031608,b,b
0.17377080093636227,0.029788507593489093,0.7964406914701487,w,b
0.9456768117661911,0.05424943543742469,7.375279638430627e-05,b,b
0.42307758196887957,0.5748667700027866,0.0020556480283338238,d,b
0.9850072081431036,0.014069660867970856,0.0009231309889255416,b,b
0.7229291557989921,0.2769894349357882,8.140926521969276e-05,b,b
0.9974260665671145,0.0013087648055762021,0.0012651686273093487,b,b
0.9998541502404356,0.0001458464428862894,3.3166781996495108e-09,b,b
0.9999787263184552,8.587274266467375e-06,1.2686407278590604e-05,b,b
0.9989280584566645,0.00047431465085922826,0.0005976268924763301,b,b
0.9852861390214508,0.014689979751363257,2.3881227185986092e-05,b,b
0.9511143678444789,0.04878839593712472,9.723621839633395e-05,b,b
0.8711203646014106,0.12300802150221485,0.0058716138963745175,b,b
0.4847101372290028,0.0038680308571585518,0.5114218319138386,w,b
0.9997248330385644,0.00027110416744117777,4.062793994645444e-06,b,b
0.9981014782794122,0.0018731792281117007,2.5342492476322677e-05,b,b
0.9999366160423615,5.1492310715919954e-05,1.1891646922566635e-05,b,b
0.47445587702241454,0.5206353459658324,0.004908777011753198,d,b
0.999857472194023,0.00013912185755865714,3.4059484183868166e-06,b,b
0.45540021706124295,0.5191944621052887,0.02540532083346829,d,b
0.9984787529521066,0.0014460786148327328,7.516843306060804e-05,b,b
0.9769702422822631,0.00878755567197439,0.014242202045762535,b,b
0.999141835869162,0.0008334384855814559,2.472564525659018e-05,b,b
0.9986799108079236,0.001077101655011413,0.0002429875370648226,b,b
0.835429107610449,0.16159846179454979,0.0029724305950012703,b,b
0.3578002102272638,0.6365768536612746,0.005622936111461698,d,b
0.980564142421519,0.018747295499834275,0.0006885620786467043,b,b
0.4903012828114095,0.019948557362889224,0.48975015982570125,b,b
0.9996179165418746,0.0003649580616627355,1.7125396462740187e-05,b,b
0.7193566050119486,0.22670136102926786,0.05394203395878355,b,b
0.5891677947557742,0.2446915904755651,0.16614061476866082,b,b
0.36250270537483176,0.6294794149933519,0.008017879631816369,d,b
0.9994033236990404,0.0005401305007052084,5.6545800254157796e-05,b,b
0.9439726236458625,0.055718267475645046,0.00030910887849253983,b,b
0.9999307620688682,5.389283859511886e-05,1.5345092536845848e-05,b,b
0.3872243805269939,0.5735850220327561,0.03919059744024994,d,b
0.6796050475388014,0.31674002794049394,0.003654924520704605,b,b
0.9873893692007204,0.01260143365387288,9.197145406832618e-06,b,b
0.9739170048268133,0.01330318128215696,0.012779813891029777,b,b
0.9977088591624623,0.0021876162653595146,0.00010352457217823317,b,b
0.9988795596803711,0.0010054349026270457,0.00011500541700190715,b,b
0.9741752917817423,0.00933746964121545,0.016487238577042245,b,b
0.9919950141897373,0.0054068437653250105,0.0025981420449378537,b,b
0.999660494180145,0.0002228482982752212,0.00011665752158007392,b,b
0.997827422630224,0.0009534001239501511,0.0012191772458260974,b,b
0.21577130941816441,0.021649170347844037,0.7625795202339916,w,b
0.28828363479202873,0.6702474930370395,0.04146887217093187,d,b
0.9963048926347781,0.0027822651598305988,0.0009128422053915414,b,b
0.9475134748384425,0.038752038677844464,0.013734486483713124,b,b
0.9996244456629355,0.00036780804514632235,7.74629191825189e-06,b,b
0.999931744036604,1.81787820813107e-05,5.007718131476659e-05,b,b
0.8768963144416605,0.005782034187784343,0.11732165137055534,b,b
0.9995180358719487,0.000446448573451518,3.551555460008243e-05,b,b
0.9798707967758704,0.020117974637615655,1.1228586514066938e-05,b,b
0.9824444380866316,0.0025170035520917454,0.015038558361276669,b,b
0.9998470469212343,0.00015052956462173844,2.4235141442572806e-06,b,b
0.9984671793786558,0.0009187930047793745,0.000614027616564839,b,b
0.9902138345355664,0.009757823996506472,2.8341467927150923e-05,b,b
0.34238244283615826,0.19425389119472486,0.4633636659691169,w,b
0.9994763121051985,0.0005179106393442953,5.777255457197355e-06,b,b
0.9653971864991095,0.03427442385613525,0.00032838964475512256,b,b
0.9991271344346893,0.0005183849709995813,0.0003544805943111992,b,b
0.99975121333298,0.00015939366588065858,8.939300113920036e-05,b,b
0.9679891898820194,0.014116941951997166,0.01789386816598346,b,b
0.9717951933440624,0.028174727521345224,3.007913459253008e-05,b,b
0.9963377460304632,0.003528226684118729,0.00013402728541808714,b,b
0.6377908845247313,0.3593082514039813,0.0029008640712874442,b,b
0.9975276454457731,0.0013631492508607834,0.0011092053033662187,b,b
0.6154250450337126,0.38429989138035103,0.00027506358593638316,b,b
0.464360246456731,0.12621177317493432,0.40942798036833467,b,b
0.9994919574611949,0.0004532473507212827,5.479518808390181e-05,b,b
0.9995436636396045,0.00036719321688561367,8.914314350999653e-05,b,b
0.48418633281179085,0.5155589977124864,0.00025466947572288005,d,b
0.9993025234228268,0.0006702081634138065,2.7268413759359173e-05,b,b
0.7100407345329856,0.2892719393121489,0.0006873261548655617,b,b
0.9624944390867165,0.0274164557971693,0.010089105116114362,b,b
0.9998049835753542,0.00014325928691756855,5.1757137728396057e-05,b,b
0.9998312039375113,0.00011642789042519949,5.236817206380014e-05,b,b
0.3578371307478323,0.08491880937159704,0.5572440598805706,w,b
0.9987840910139034,0.0005062951790535863,0.0007096138070430762,b,b
0.9999792828051841,8.837216206913924e-06,1.1879978608997422e-05,b,b
0.9971901334797055,0.002635129664372016,0.00017473685592276072,b,b
0.46462299698941506,0.5350686648555378,0.0003083381550471572,d,b
0.9987360266895704,0.0008453206002653056,0.00041865271016453947,b,b
0.9007094196365164,0.09832028050361297,0.0009702998598707861,b,b
0.9999437639293374,3.977433039271049e-05,1.646174027008215e-05,b,b
0.9996483197417707,0.0002203829007439485,0.00013129735748549875,b,b
0.9999089166211956,8.926423698600512e-05,1.8191418185332218e-06,b,b
0.9998651091369508,0.00013265586930525752,2.2349937439672126e-06,b,b
0.40709859317389896,0.5887999652250535,0.004101441601047643,d,b
0.9845373752949349,0.015001112477105243,0.0004615122279598714,b,b
