0,1,2,3,4,5,6,7,8,9,predictions,truth
0.4035550359080191,4.288246178778242e-05,0.01737214628155075,0.19571183758480015,0.0016361683835775655,0.022184122002248303,0.004257346073090959,0.025313504445920006,0.00010662142101820773,0.3298203354379872,0,0
0.1056544113249823,0.0036724924731133188,0.8139298889331159,0.0047627843989623275,0.002389035572868295,0.050899802915813475,5.0638117725630146e-05,0.0004259866967092758,0.013093001777119037,0.005121957789590563,2,0
0.7850261124460536,0.001430143564390537,0.020333790650971188,0.0053504635276407485,0.0028657988770003466,0.11700199911367415,0.0035381401077563264,0.05549974501786028,0.0008082379358609373,0.008145568758791955,0,0
0.10390561176703045,0.00041337003977891967,0.012108494982954765,0.008932924102033123,0.017607856578772108,0.06847857843418688,0.0029728832790279157,0.6685393139561578,1.739447056413051e-05,0.11702357238949404,7,0
0.1124663107057467,0.0018232495077902706,0.019066690442743717,0.004566849699042351,0.06077843483499197,0.01927877315708599,0.00011394754120208206,0.0008823506567465124,0.004544564223695627,0.7764788292309549,9,0
0.07636673754932181,0.0010241788181118113,0.18442334646070158,0.1272005914042942,0.21082810953505313,0.2763527718833288,0.013034230656648698,0.004307305495214828,0.0008041209396715612,0.10565860725765366,5,0
0.11197949280550402,0.001288377249429025,0.012781386291587,0.0012390074564365841,0.0018095973774883015,0.04227156560604123,0.02409609421117348,0.7747084343085188,9.61507043837992e-05,0.02972989398943774,7,0
0.06862873457818874,0.00710112015217311,0.2178981369140816,0.010830135941195551,0.1534244549067152,0.044704788340397816,0.0011823840473654838,5.053427656539221e-05,0.4960133427849255,0.00016636805839163497,8,0
0.3964690211167915,0.0016658452957055098,0.4207718303276118,0.017714005735480577,0.0022199943064809694,0.13326667899475605,0.0005121963005533202,0.0017122369288990913,0.00862265993897966,0.017045531054741457,2,0
0.34984382840881606,0.0001783112648447179,0.013131320666535353,0.0015530201747917401,0.0016791741952458213,0.0628983495629518,0.0020373866208006418,0.47759083991127615,0.0018734784428887504,0.08921429075184908,7,0
0.2045199004569973,0.0007055112524329155,0.5836849769585827,0.07099603281983129,0.0026094225273262015,0.1017104402735735,0.0009318083841558634,0.00036519723102624733,0.00026172065872602556,0.03421498943734809,2,0
0.8179185613999322,0.005662269183737508,0.054960793779568654,0.002031682110108425,0.004369316171156496,0.0951131762398667,0.0023869498783543174,0.008611142867644667,0.002003038836440905,0.006943069533190084,0,0
0.8024093396251152,0.0023707246864001514,0.05161983353659613,0.0055777845187194135,0.002845059853227012,0.06960175767530377,0.0012442942579405484,0.035885280617421036,0.0010926352871639977,0.027353289942112557,0,0
0.23506541432073078,0.02042500296023861,0.3027889790743925,0.01431758241840447,0.021376193140419785,0.39679141810418833,0.001109167256060038,0.0005284653155075037,0.003258577693002051,0.004339199717056031,5,0
0.4870068274991358,0.017240500753989745,0.18119312074219082,0.0038497944051844764,0.010794292658809301,0.25454048065135676,0.001398059524164102,0.0008428207740020456,0.024573376887590564,0.01856072610357644,0,0
0.9125475715727801,0.0010510144596401214,0.027429490735809463,0.002180326987354344,0.0008677704601996036,0.01435892329697641,0.000322544861056276,0.006236050801703246,0.001268195958815252,0.033738110865665506,0,0
0.580136564835557,0.0008057843959540286,0.008142972118579927,0.001942785537206115,0.0010312266937699043,0.024299098951887012,0.00469137412725789,0.2947892429201666,0.00048012116997556603,0.08368082924964604,0,0
0.26252148000436254,0.0008287577581444993,0.39056401471649593,0.03249822197544797,0.0027322740959124323,0.215474944761495,0.0021921204937965207,0.022116817469649056,0.0031735855906534364,0.0678977831340427,2,0
0.29012331510420475,8.154572869900975e-05,0.0036712517203941917,0.000673834937106377,0.0009971860312859536,0.0074260916036460005,0.017304867444512782,0.6716530926249155,3.3372980407905993e-06,0.008065477507194819,7,0
0.17876281803841354,0.0018237392509142566,0.17971552227569731,0.019160359378413927,0.011189893119364677,0.5898314311559416,0.001775304495232096,0.0021902565599712324,0.007861811914107791,0.007688863811943624,5,0
0.19239612743918919,0.0030541396482352,0.7217391233309743,0.0031411495711306816,0.00026689329617847517,0.042576886923499487,0.00020497976943911904,0.0008315656584268434,0.03012115024199226,0.005667984120934623,2,0
0.21195500178457743,0.016002929467472525,0.6968228210050539,0.02659203776596532,0.004143680665358581,0.03374866367308872,2.7168523832807377e-05,2.8753767178108798e-05,0.00856255859835046,0.002116384749122078,2,0
0.013602249010869054,0.009170897716525989,0.02039982528338195,0.010225951635021803,0.8994146011025019,0.03513046641004936,0.009219616566846278,5.415169947407918e-05,0.0025859476548800654,0.00019629292044954263,4,0
0.03592347728537423,0.000540903718825095,0.13611290909829338,0.21123902070554862,0.2712556349662003,0.20279783626931253,0.004585074708893541,0.004442403508174612,9.045885120629582e-05,0.13301228088817146,4,0
0.4778302815234113,0.00031758739459288244,0.00128324734897184,0.02630109438907294,0.030563537426857308,0.014840166936072386,0.0013088149242969135,0.3771484865198315,1.6483803897315328e-05,0.07039029973299558,0,0
0.41523549462474596,0.022230551868483106,0.4195960242280905,0.018957796784961525,0.013755780924373339,0.08695341547417854,6.570961764439357e-05,0.0005034425387192119,0.005087240455016376,0.017614543483786996,2,0
0.6213574904166432,0.0004279470597835425,0.05123615143419234,0.01970861411510639,0.005141378416857758,0.0772993862140951,0.001476051754974012,0.07250262818910314,0.005658652022142813,0.1451917003771017,0,0
0.16024339505290358,0.004353984141090868,0.1519326833300864,0.034381622748787116,0.02286852235986373,0.61621784441964,0.0007180906916752676,4.873219628769053e-05,0.006925556964309813,0.00230956809535566,5,0
0.08277125511014109,0.0002472511177680496,0.79536137143033,0.06603128981796988,0.0011917238538905399,0.04415796389205148,0.0004622598859434752,3.832629927017697e-05,0.000814932661655259,0.008923625930980145,2,0
0.08177533480556602,0.002346516770466382,0.004413619026793957,0.004535426991405156,0.002683321282422479,0.0076474274875260855,0.0018633870851669154,0.8124167162933359,0.00011468722776319332,0.08220356302955395,7,0
0.23192804272060802,0.010605225757014211,0.4337283093318668,0.06113601476607065,0.007820340344762465,0.22913590738249998,0.0004443753368648147,9.752042405166968e-05,0.022769083399924218,0.002335180536337317,2,0
0.581297482205144,0.000813777449241625,0.005571097780074063,0.004580481038758286,0.047269102148794914,0.25937269008473,0.0016216635108198918,0.003871724608266734,0.004217773939912467,0.09138420723425797,0,0
0.0890651056249466,0.01255748005083381,0.6716533845885192,0.046313993360889774,0.010830614307104958,0.15025780262491517,0.00016531040196816367,0.00021009343251929366,0.011295354197543591,0.0076508614107596,2,0
0.39889494986854634,0.0030606914247168237,0.08392556562780233,0.0038221084285973888,0.006538837458606485,0.3845563443965333,0.0072866223745925735,0.02833918571048843,0.0026892572797013303,0.08088643743041504,0,0
0.0750407855758657,0.008410453486999732,0.573143477496861,0.0071315455428388914,0.01007404801288608,0.3073085036964614,0.00030920848987593045,6.891286689868015e-05,0.018096374521707325,0.00041669030960537535,2,0
0.21993851553614094,0.015467790005989352,0.03690127411140806,0.001905426981202657,0.016271283691098266,0.6834796319615166,0.001215148753951973,0.0037342194174600375,0.009050331464193977,0.012036378077038137,5,0
0.4409490316215164,0.0014079671415184985,0.03307205923003471,0.00369818364730167,0.012848631559604317,0.4894002479049965,0.000834395617952728,0.0002700230953071429,0.00389086382704543,0.013628596354722522,5,0
0.5775870695977885,0.0018745458447922548,0.021382064605742823,0.0021384820073231,0.0008829608163965682,0.041995613788667674,0.001230399350113179,0.32707106126243496,0.007024916012893189,0.018812886713847815,0,0
0.36803977384688724,0.0006287757009232455,0.009419781903735864,0.0038359522508524075,0.07163411732069296,0.3207563927314505,0.0032010950258568897,0.0018705504490413236,0.0020939030472738444,0.21851965772328583,0,0
0.4418268174590856,0.029529761038722655,0.3064363690811267,0.01141019976049244,0.005599278247271819,0.15060420175088518,0.00026415272894019464,0.0002921422858083217,0.051410984508301186,0.0026260931393658916,0,0
0.3334175192163046,0.02277363568682837,0.3092824027688856,0.001425123651120543,0.032949107037179896,0.29053908242168686,0.00022232800110596492,0.0003908210690676524,0.006796238913402305,0.0022037412344183094,0,0
0.3333398817706061,2.6494651453276036e-05,0.027850316304391404,0.01423356259716245,0.006114713087798969,0.16040450791005628,0.003368252307916477,0.022723754966897235,0.0006460206192063493,0.4312924957845115,9,0
0.40612590374898827,0.0011967136171101502,0.12098520589668624,0.018566024817219178,0.0503507569962913,0.38781013605687575,0.0008668296859126214,8.120909098273387e-05,0.0048290612647920875,0.009188158825141535,0,0
0.3688869593365018,0.032711079889557876,0.19342768950219824,0.03573132293971455,0.05808648207872837,0.2753065055022477,0.004353365899047833,0.0024171598049917416,0.0013107893412763734,0.02776864570573555,0,0
0.4082648751341117,0.009913178894656533,0.33524066800138325,0.004344151959164981,0.006159567907697146,0.06351370572967113,0.0002537707355002182,3.517399735542426e-05,0.17202082018415327,0.00025408745630616024,0,0
0.2944453274874515,0.024562389871708494,0.27901022148902965,0.0031040432185711585,0.010426764676641862,0.14831377288576492,0.0005929181720241554,0.00020014603733433653,0.23804740158135718,0.001297014580116779,0,0
0.3061616742787463,0.018252132051431773,0.5899203700753692,0.006873504277826757,0.003281638970886399,0.05342148064116092,5.7563670332551305e-05,2.964592836520393e-05,0.020900714465868893,0.00110127564001206,2,0
0.7243401419853692,7.503282328453852e-05,0.008036549479849291,0.003160565223140294,0.0014571751609990253,0.1247078825307836,0.010892930225161666,0.10739138978571912,0.001216399506048699,0.01872193327964461,0,0
0.21064687743631666,0.0010811861872025161,0.006270116228077502,0.01405376291936003,0.0180717851872308,0.03735163346839128,0.02518857182403913,0.16272226093035566,8.177691349036965e-05,0.5245320289055362,9,0
0.20600651923108895,0.003679187818835946,0.4925535390477873,0.011789596851617408,0.0006589676833807056,0.05491661057917309,0.0002920696528597204,0.0003270785551584242,0.21430096002553284,0.015475470554565541,2,0
0.08445929244539055,0.00498523350274606,0.6701741588186365,0.1579765102589049,0.008886056288414587,0.052364863221128585,0.00026909147933823653,0.00048508262137530826,0.00363131016932307,0.016768401194742242,2,0
0.34338836451793675,0.13751847401610282,0.2882184315748976,0.0038884875821778506,0.001964064371932115,0.20424663991731584,2.7285100546816448e-05,0.00010418349301999401,0.018168573626633516,0.0024754957994368052,0,0
0.3024955187540925,8.019020301237719e-05,0.023673548910413407,0.040466176433157634,0.17329236021160696,0.019806149098916388,0.004377457293205644,0.05352204049040593,0.00037762432584535673,0.3819089342793441,9,0
0.2660096421796111,0.06648891532146213,0.55990203211334,0.003056764626602534,0.009397625368582045,0.08947039832181183,0.00011448234651782681,1.920161077307861e-05,0.0051178625800817135,0.0004230755312177552,2,0
0.1438283780947699,0.00108961534019351,0.5715661359788216,0.024467744775822302,0.005948753893836058,0.238727514030663,0.000869050391086212,0.00038302419956699513,0.006847483601334688,0.006272299693905944,2,0
0.2508606669897678,0.003253234401479289,0.429427311159943,0.01590961788594517,0.00876562602221079,0.26609526483556656,0.00019839022647622227,0.0001888018577038922,0.022149694300703862,0.0031513923202034725,2,0
0.6424447821502447,0.00021415567607921401,0.027449495507882636,0.12310493670462293,0.08255579905133012,0.04967601306519369,0.008164692894499417,0.00643138380705131,5.372967947685908e-05,0.05990501146361914,0,0
0.749615161366968,0.008176852666330501,0.038716903093588204,0.0070504586729495085,0.0047323760892654335,0.15440519476538328,0.006470167060028353,0.010639713925852747,0.005211426772699508,0.014981745586934509,0,0
0.6498039569441518,4.349109981329209e-05,0.05485793485507181,0.005876767411117961,0.0004687979213480423,0.04070414928103547,0.0025386620141138586,0.1811176780429136,0.004600982070378481,0.05998758036005583,0,0
0.8232830621864988,0.0001400383095345386,0.0310621847155951,0.006334421052064158,0.010360802583418607,0.06734228512806302,0.006245859612032799,0.01877431965953199,0.0016255163118867964,0.034831510441374225,0,0
0.18302524455989888,0.009524513430569816,0.07352940453073126,0.018283348608744403,0.007812262592465884,0.6918563669856503,0.002867320435746874,0.00021459281969804012,0.011912224072975368,0.0009747219635192039,5,0
0.5013034109183142,0.0004517624020197158,0.003873231937924978,0.0007294803603405168,0.00856942150571248,0.04411501530110071,0.06726318734021021,0.3465319792723106,0.00018880216539516695,0.026973708796671512,0,0
0.3192699036505131,0.025635195923493198,0.5140182313754231,0.006166427170989314,0.00580448068674892,0.11169147823095951,0.00039250265890746123,0.00027928625490281897,0.015986037736027053,0.0007564563120354445,2,0
0.4808936915177711,0.0020389044738327554,0.026309810308648103,0.012848100683745159,0.0013625739694761514,0.04005191087005758,0.0012292325308375196,0.4201152529023868,0.0027960400954248734,0.012354482647819888,0,0
0.5681815509517836,0.026664165502448822,0.136889168026624,0.04073232648951121,0.07409133322757637,0.14068813224853507,0.0006291109648644008,0.00021877178872281689,0.0003841023356692935,0.011521338464264565,0,0
0.46513165937624007,1.1876684186902162e-05,0.0006647155886419217,0.00027788382535302576,0.00014314297548781015,0.002985565061010699,0.0002935969544785348,0.5265536742319203,6.043168413228493e-06,0.003931842134267725,7,0
0.6889596430978858,0.00016160680584098548,0.01820870439429774,0.006344111158046693,0.0007735180623419863,0.09517764537526509,0.004160031029778231,0.13633772667769695,0.0020250209089348685,0.04785199248991174,0,0
0.6065572428502153,0.010119604839023761,0.08174718145414495,0.05994332294360956,0.011577287382097293,0.18044300427233476,0.001726013197769782,0.0010671746256700437,0.0008272293814406658,0.04599193905369407,0,0
0.7175004284585064,7.89997795610087e-05,0.0007485357721210983,0.0014074716062083934,0.0015841077385724063,0.008498349434174655,0.0035304346296028016,0.24864174444254938,6.372034770119583e-05,0.01794620779100284,0,0
0.2479304104189889,0.0018409540212802496,0.10161796632392084,0.2855661634996231,0.04612387573787604,0.2572221576377869,0.0028665607233632163,0.002454101035285733,0.0011258082649359122,0.05325200233693918,3,0
0.19173155233787625,0.014621917707037859,0.5090397143051733,0.22645956591398197,0.009478008073807625,0.034878138524027845,4.251526323987179e-05,0.00016307335464807484,0.008037279156226028,0.005548235363981293,2,0
0.07555854042902693,0.015371707888935033,0.4394893358639968,0.11046506390689079,0.04433679351074979,0.15784176460692595,0.0010920376647419977,0.001859059260536033,0.002800764722091614,0.15118493214610518,2,0
0.9072096077815449,1.1810706178209144e-05,0.0054242508539878,0.0021533979136936767,0.0007983914948009026,0.03644393507407841,0.007843269047932493,0.02784937832327825,0.0007897437334081628,0.011476215071097275,0,0
0.3682937925015236,6.001919800692154e-05,0.07768934435704275,0.0845372417084311,0.010193126628491443,0.12623031071414084,0.004840327057697366,0.21799585546496525,0.0027408517004844798,0.10741913066921639,0,0
0.46311304970034267,0.0014309516521251666,0.01695225293662061,0.022931828054987807,0.021667619068457662,0.12358135939717804,0.00035869889380372777,0.0007947694351035697,0.0015304799389388951,0.347638990922442,0,0
0.08341406196402221,1.6637104590716506e-05,0.0029683265230100557,0.00016834668755743296,0.0002791931057199428,0.003738581303740321,0.0004580093809503114,0.9025284645872179,0.0005842905800786683,0.0058440887631126745,7,0
0.6032780453657872,0.001985642893309601,0.08176641018407015,0.00632609380211915,0.001048828289230408,0.17433753713070044,0.00020881365772230546,0.006112130749445215,0.09872383132150099,0.026212666606114612,0,0
0.67854638842671,0.0006725252686665702,0.16262360542054452,0.005608886726724244,0.001390550581202959,0.06079165946604417,6.743589644483798e-05,0.0027276611018349196,0.006774365190921033,0.08079692192090683,0,0
0.1864831673842673,0.0013770923993457807,0.10594598520158843,0.065979236793005,0.0268058532297209,0.5292887848007398,0.0015997027061471483,0.023256401545534836,0.00025834592276270424,0.059005430016888245,5,0
0.3949932047883906,3.854994768760671e-05,0.0014830889987308467,0.0003410616420082427,4.056498326146984e-05,0.003607832704330683,0.0011846797806250445,0.5895414905708307,1.697514300102539e-05,0.008752551441133726,7,0
0.15763955302936966,0.00486474874886317,0.00638244926133562,0.005226768751938229,0.05642015587295503,0.03001384175594408,0.014497270490927763,0.6988755570423327,7.485553362103931e-05,0.026004799512712694,7,0
0.4036196200625151,1.2926814844227747e-05,0.009046803045093772,0.0005356513591801555,0.00015850092306421708,0.020749312640529212,0.0014410349431676474,0.5506285398607145,4.3798349770829185e-05,0.013763812001120408,7,0
0.3097342134904338,0.015378497752330716,0.5073753728968489,0.07734377851216892,0.00598279057554886,0.055542222466964226,0.0001030372777987403,7.716558228371064e-05,0.018265399246305165,0.010197522199316904,2,0
0.7922942759934127,0.0011133820989634995,0.0033875248269742793,0.009926025311550462,0.006982427073295931,0.046491042140288895,0.0698492144215983,0.05589950058939323,0.0007835757758689611,0.01327303176865363,0,0
0.4473996508659597,0.009473934826735465,0.25050335884330743,0.011482929058176817,0.0036366573828330393,0.08507077921797272,0.00030271985708561636,0.0019877424704709138,0.004169774144076205,0.18597245333338216,0,0
0.23944208606591305,0.0036079866782683196,0.19800342567216167,0.004763559460375826,0.010751818907965486,0.22840756830640477,0.0002739884879060517,0.003354897920246645,0.30315000684320487,0.008244661657553432,8,0
0.8115478946321155,0.007639108217923751,0.09271752812666827,0.002223739549877188,0.0004976465795109688,0.040377703872067384,0.00016435404899749808,0.006006763521429369,0.0031702205230726976,0.035655040928337475,0,0
0.7157631603791588,0.014636990022894663,0.009920854411029145,0.011947290778483962,0.013072618858685069,0.11870097541748062,0.011068259211164038,0.008386755333119458,0.006764373194248018,0.08973872239373623,0,0
0.8327236625637732,0.0019354161287493763,0.024306989663522134,0.001554162201159642,0.004688563878873229,0.08427536712357306,0.0009200061735617026,0.0104557454659958,0.0137201442092863,0.02541994259150576,0,0
0.5971143917748134,0.026250553735509177,0.19837810810203496,0.013981452623631178,0.022826789167749006,0.10896976053056835,5.673283320057847e-05,0.001201200368462391,0.0011597586959077471,0.030061252168123227,0,0
0.22520870495637124,0.002964699628725812,0.010716792991517836,0.18997832946475496,0.3966771888860849,0.14028922846855524,0.0065074908911051475,0.004538680887637241,0.0006059741663750834,0.0225129096588727,4,0
0.16763572037988478,0.0023882641376100837,0.5913127613345762,0.03151841644792914,0.0005813959921522887,0.15972024777083924,0.0009374405879901961,0.001999392859316527,0.015849717828382185,0.028056642661319554,2,0
0.5078582210523364,0.0016866599872678249,0.38628625480131373,0.0028958959561047187,0.0007806864697403142,0.01574181240586462,0.0002669732467327578,0.008670175484218081,0.001653404904217292,0.07415991569220437,0,0
0.5369871413443482,0.003545186539394073,0.23093910208906068,0.0029575976900617783,0.0034447509992444666,0.20208395251471625,0.0036501521810047488,0.003840828923465706,0.006679155962003665,0.005872131756700444,0,0
0.693919978706644,0.0017440667015259776,0.04051616847164156,0.12018435692644444,0.025541848898725412,0.08547608579154985,0.0015238137867281966,0.000670160311104312,0.002871877519316155,0.027551642886320005,0,0
0.2572732229278502,0.001181561595847967,0.3045215700642504,0.2468068855671025,0.007801703187578707,0.1271942387536608,0.003557338767870264,0.0010487689723972767,0.0007605012023378715,0.04985420896110388,2,0
0.22000147499622014,0.006129638052847889,0.3376444001043592,0.21219009314058043,0.0016026967044794477,0.11794312263884942,4.5138598290239264e-05,0.00020353084688145537,0.09804558163624873,0.006194323281243301,2,0
0.048041123092924014,9.941201384609389e-06,0.0303768292303051,0.04100376567884093,0.0011790192925267204,0.023930565475171948,0.003195071576050596,0.008587248377783971,9.096737187185258e-05,0.8435854687031402,9,0
0.13508391225272398,0.0003665152420233916,0.0026965762147530296,0.006124725840244439,0.001491087697883083,0.005966100845342961,0.00020003313562806852,0.0018263038096652793,0.0001849864383156756,0.8460597585234202,9,0
0.44512075390150685,0.0006655805029424844,0.01385428975187312,0.006664491507357886,0.007404661780758862,0.04780468096917142,0.004428915422034955,0.37734725904022326,0.00032176861601292584,0.09638759850811829,0,0
0.9725540918046844,0.0008013071988331161,0.01791148229640342,0.0016434117909830774,0.001422091103180645,0.0023567674383737367,2.6870497445772706e-05,0.0004480565622425598,0.0021333774344328713,0.0007025438734205628,0,0
0.13549354324092402,0.0037415990491788233,0.033025954530834935,0.04803397064052182,0.10928373583239345,0.6528555536529593,0.009158439717513202,0.00035560966974175023,0.0016866136613748247,0.006364980004557736,5,0
0.06059839562793246,0.008057108210506475,0.8709958679378992,0.005090802713936919,0.0039430137842195925,0.03216657737005005,3.0394710799692018e-05,1.0796963565078067e-05,0.017960785329342612,0.0011462573517480204,2,0
0.40455314706962375,0.015432454615396904,0.3026947838120371,0.009615486939636805,0.0007539048421882349,0.11725548744365184,6.54951054747878e-05,0.0003835135224508798,0.1447116689091793,0.004534057740360359,0,0
0.22036270793287907,0.008676933173503865,0.22843477291695716,0.0034249103827978643,0.01927105870450746,0.4867072120468931,0.001208678218740304,0.0003504335970230264,0.007682997779253198,0.023880295247444953,5,0
0.24487774789834352,0.008735801368592064,0.1651946880236093,0.529904702327879,0.01574153295456461,0.016014198984486014,0.0007933812853138323,3.2324545361622755e-05,0.011917858813281348,0.006787763798568633,3,0
0.5491227395074759,0.003415063886846265,0.07308078755260113,0.011629328468354527,0.010805940960881541,0.3112255450809376,0.005370283441499389,0.016661066346351436,0.004483964782145759,0.014205279972906486,0,0
0.882187076105453,0.0001353034363430422,0.007958400467396903,0.00600410580564766,0.006342110184335703,0.017702496413885133,0.010175761067687382,0.034962992066239804,0.0005149505487171357,0.03401680390429406,0,0
0.3708996706417676,0.003944963773073106,0.022210674960394916,0.009300508359466131,0.025347716332409027,0.5523736985711563,0.0023819794878548327,0.0013323538710962037,0.0021834454969459492,0.010024988505836004,5,0
0.2344682474633398,0.015051427173871621,0.38522343592599856,0.034191541091668484,0.010615070995020206,0.2981752364488288,0.0005528441851480834,0.0014936035443999744,0.004095733625780544,0.016132859545943935,2,0
0.2056944898629196,0.005359620597495939,0.3294906290221954,0.07299603582934255,0.004277328740578275,0.31171442197445354,0.0007980619104410684,0.0011754052114777997,0.0015319554748551335,0.06696205137624077,2,0
0.6085829076771805,0.00022361959483946999,0.002628032433313393,0.005220732454759434,0.004837932369144218,0.04713055165252486,0.0026574979066005477,0.3139432425189886,0.00021413413151408407,0.014561349261135025,0,0
0.7126982346982996,0.0005515244889835374,0.008533327291799524,0.007966256925486127,0.005541952647551437,0.043918229764830265,0.02317255480504892,0.07459870313425043,8.426064382144113e-05,0.12293495559992859,0,0
0.4094898152778449,0.00012929671182426472,0.002743745549757901,0.0014738860650703048,0.0012227828415516896,0.01205599894305106,0.0019840130140048504,0.5326149197872861,2.0269613454968706e-05,0.038265272196153916,7,0
0.594654705047347,0.0009579524996449929,0.011445302973018438,0.024307342774362726,0.015322960026837262,0.050020326688015794,0.004799296809023444,0.20306177156522953,0.000707506385268448,0.09472283523125255,0,0
0.5731590886409026,0.0004539634452558905,0.09995490191419933,0.20020792944287238,0.009440469757038581,0.05006737316457899,0.002232491664734411,0.0006770286000800945,0.0014677091490570802,0.0623390442212806,0,0
0.9273856263782421,4.848595410171032e-05,0.0028201815044411457,0.0017113658090393345,0.0006951484260200743,0.008555001263543822,0.00716401089286387,0.04210265202057395,1.1370556564576183e-05,0.009506157194609652,0,0
0.342591932630756,0.003858166451618064,0.40289705951523724,0.021341421151708916,0.0019294207050363909,0.20340367393074918,0.000302874573746623,0.005812073853758938,0.00443814444931294,0.013425232738075695,2,0
0.17599642971164578,0.00569975799484453,0.6433852159418496,0.12980015943306877,0.015301540827286382,0.02413023293225766,0.0006291732471483524,4.885332860094229e-05,0.0027985824627834483,0.0022100541205145817,2,0
0.11408434293400012,0.015542086034527358,0.5625349173760903,0.24019098877589987,0.008039923198785793,0.04787962448505177,0.0002217619781466012,0.0004138001724778915,0.0016028064445066654,0.009489748600513652,2,0
0.08892037484963823,0.049332105490532824,0.6816859804157179,0.0032159922293554556,0.06814353789168913,0.10169035959867792,0.00013405295421830998,8.698666431536205e-05,0.00613641642462344,0.0006541934812313065,2,0
0.16206739614372154,0.010082364367614968,0.05918573972787041,0.004554821375304762,0.005650415256022568,0.7087821331497772,0.001726299932696445,0.0002794126244348519,0.04337361836445777,0.004297799058099607,5,0
0.3285759526233192,0.2708311760762625,0.1312422112433286,0.01992356149678791,0.001056129887924835,0.1763620586488759,0.00015628291386316246,0.00011469436134116354,0.06847285580637166,0.0032650769419250887,0,0
0.8151473405382877,0.0011106988198114815,0.01887150201935695,0.0028603623559302358,0.0005819181799540104,0.02218112977376041,0.00254893252420482,0.1181054738415637,0.0009381441672501767,0.017654497779880412,0,0
0.6545658517294595,0.0013343246810490156,0.0007762797000958205,0.002849098998066243,0.0433125290171609,0.03015911082808625,0.19806543477918637,0.009277691931632467,2.4907850037496803e-05,0.05963477048522627,0,0
0.7231521280528436,2.0228345171380245e-05,0.0002501891783388423,0.0002597571486801184,3.0739599391465354e-05,0.006426864102457845,6.601031713726452e-05,0.2667947063978031,2.8144973717530068e-05,0.002971231884458863,0,0
0.15733335158078307,0.009046864304829712,0.4749822174081748,0.06569788816395375,0.07457426736379642,0.21031975165334926,0.0008639876197570387,7.828515715474667e-05,0.002561889143239842,0.004541497604961449,2,0
0.23489101516399885,0.0004656282309998852,0.020730626950565774,0.006094103056757043,0.04176309030147496,0.08430991875853948,0.00025585905338965613,0.0029277139170352335,0.0018157568970678757,0.6067462876701711,9,0
0.8370618221933899,2.981265724366941e-05,0.0028815124343116506,0.0005710259276881422,0.00019458279463174027,0.015321419140419281,0.0010280311396014172,0.129357994702317,0.0002643444196498069,0.01328945459074765,0,0
0.25891423801921115,0.00040575291950813717,0.4093222428325165,0.03485093750597785,0.01060563021428038,0.26543892207200254,0.0013164376424670602,0.00043063643418007804,0.013940953496044767,0.00477424886381127,2,0
0.15440182430303306,0.004770091322643086,0.5776465936536624,0.013764362840787255,0.005999943434540256,0.22189251264349844,0.00015178954142828902,0.00012685211216425276,0.013311782194941394,0.00793424795330141,2,0
0.19696592443856442,0.013912261536861287,0.41190885964973234,0.2090928901320128,0.01289863951389033,0.13734794366896919,0.0002774095647714334,0.00033402289826591354,0.003907671037280035,0.013354377559652198,2,0
0.037952934266932165,0.00270326153328818,0.01886324978864689,0.0018052614088990184,0.003906493515616028,0.9155198695609127,0.0015968684200662075,0.0024998588145336053,0.0005543440532137403,0.014597858637891387,5,0
0.6693392033813965,0.0008515342238895051,0.09658390883609265,0.03233937332381079,0.002837340814582651,0.13725373988716685,0.0009279320924901887,0.022816784697636656,0.009320329094673096,0.027729853648261086,0,0
0.5830504390745479,0.028506826879022798,0.13705774799558107,0.21325265283741748,0.018444591476305654,0.014288976430480558,4.836890129314698e-05,5.4047642880129346e-05,0.0044782703367941155,0.0008180784256774771,0,0
0.6766602881503899,0.0005035029762051834,0.005283120306637343,0.003829037358096527,0.007024163506718878,0.061313710111851355,0.01490310335019932,0.09506132024709932,0.0021464569249223524,0.13327529706788008,0,0
0.8262613040086345,2.225096086358254e-05,0.0038624358374500663,0.009996331483743827,0.0009785422081088884,0.010803803107537719,0.010634720237431599,0.04890526274281329,2.7179441313460332e-05,0.08850816997210316,0,0
0.617796858657275,0.008628901111304946,0.02129170532903582,0.026800811622298887,0.006575712626416004,0.16692022943581492,0.002179989757723976,0.022371305639808194,0.0004119754806917739,0.12702251033963066,0,0
0.08183667047289611,0.001038513662691955,0.11074249699737215,0.028094144584531168,0.055889005055679335,0.7038698531726912,0.009750724646387165,0.0004244819000702347,0.0024434004754264513,0.00591070903225405,5,0
0.8964778881377247,0.00010576085183815076,0.006501744845327348,0.011539679257245037,0.010224006643801305,0.016929945828618204,0.005528917854803857,0.014095931671846876,0.0005185515151044675,0.03807757339369044,0,0
0.6150722740552071,0.00517980373323727,0.1794900391663166,0.004208966184301603,0.008829846832578647,0.1627953162864773,0.004696376130842073,0.0011716267192226403,0.01264834680473368,0.005907404087083,0,0
0.23736645508682336,0.015817480758226966,0.6946790158760338,0.017256386476189902,0.00434650894897046,0.025871518543622615,2.7476462729774646e-05,4.416089640166377e-05,0.002070872856027384,0.002520124094974468,2,0
0.4341741778042959,0.006510030008173585,0.15293546135730995,0.0022277235881549137,0.011907427420754573,0.2606158348717405,0.00041861821575220966,0.0029415494263902767,0.12182761711575263,0.006441560191675452,0,0
0.35846249607013203,0.006933405425947365,0.23114061001594374,0.025478749053929425,0.05030744107305565,0.21848431510224883,4.472162483080236e-05,0.00011302616342603843,0.0038189414419230743,0.10521629402856308,0,0
0.03670425345489076,0.010034641877265202,0.05868349598385629,0.02699538953902121,0.6253726407035084,0.23055512655644586,0.007959512467564576,4.926767732993714e-05,0.0018940996479565317,0.0017515720921611926,4,0
0.13615369982528297,0.012485450322798323,0.5782091171992247,0.004696181007788225,0.030854856667513555,0.2235226587587507,7.590048927581454e-05,2.820650149601993e-05,0.013206701013182689,0.0007672282146869333,2,0
0.049631936865530524,1.9495403833012924e-05,0.0016162791418793078,0.000388464996181826,0.0006986705434753312,0.02010779927271061,0.0017594004861112653,0.8747680051105917,1.0699608208372379e-05,0.0509992485714781,7,0
0.7274985634000577,0.0026247586983991537,0.0014640414128037143,0.006037833983218377,0.006997302821576427,0.01410667729661088,0.00842913632557391,0.15524544739701163,0.00039057840511270357,0.07720566025963549,0,0
0.6056318724975214,0.00433853294514282,0.16419750256103005,0.01946887313064275,0.007342710631701758,0.10117755411307514,0.0005264900701624684,0.004086390312402108,0.0018767995924369226,0.09135327414588462,0,0
0.6700347209893045,0.002636593727782738,0.03389543462270014,0.015189530643963455,0.028614494425134578,0.14079910526726458,0.0065744121257981375,0.024849709025772816,0.001682200540063395,0.07572379863221565,0,0
0.15024204536777433,0.03222518553577697,0.21860828067535681,0.0033928881798290776,0.019642473925760427,0.5547799290427641,9.614159345872932e-05,4.4828144364857544e-05,0.020534053032811844,0.0004341745021029084,5,0
0.4657133135881263,0.00682533852435888,0.10355889552409137,0.04617451640625337,0.005135484705681224,0.1993833913617638,0.0005135515942875118,0.005018632544459176,0.004927430204548696,0.16274944554642984,0,0
0.6853407659252344,0.0023472256678897263,0.07759513824264815,0.003621330028114287,0.0043112938398521695,0.1864377113270249,0.0002889413671378736,0.0005008942194898904,0.02780576421687261,0.011750935165736132,0,0
0.05331043169054015,0.01173442530010551,0.8718185229033376,0.007495173240861612,0.011874275359386247,0.03889615496852756,3.308633289457187e-05,2.758938325302198e-05,0.0034877422991168375,0.0013225985219770364,2,0
0.42476402592978013,0.0027457581921505555,0.3023652744131289,0.010556687372542383,0.008198837210921007,0.21951345694588453,0.0004856223337037977,0.0006721083950554788,0.022037497618602225,0.008660731588230951,0,0
0.13679081612254196,0.00012793044505207506,0.0022165521257179015,0.0007673065648636258,0.00028393524569260013,0.018747518033823945,0.0031701890276039256,0.8080785509233548,0.0001599882393440341,0.02965721327200529,7,0
0.2513319507843037,0.009531784508712114,0.01009305996042184,0.0009468358528855062,0.0019887398088170127,0.04192305368497669,0.09638492186716818,0.16693066049905383,0.0005161148030732355,0.4203528782305879,9,0
0.803019673328814,3.3881710210356353e-06,0.0026366525907574392,0.0005866689388364016,0.00017976563509664568,0.0016667212376542096,0.00023980506984470586,0.15385027866925421,2.3014876477149292e-05,0.037794031482244375,0,0
0.7210249523067386,0.004655581142580599,0.07937915804931088,0.018450908515656207,0.013516002975966022,0.15333891783849862,0.0004327701854289889,0.00017272120646403416,0.004941152977282266,0.0040878348020738555,0,0
0.17926159015515322,0.013088669368389975,0.7292691021014338,0.007036030560865663,0.014008585137285888,0.019516616850185558,3.3355537788953366e-05,0.0001271576728954691,0.0035518939961098877,0.03410699861989156,2,0
0.5792926451025481,0.004641308001420493,0.0077560430521264115,0.028376542883316678,0.029494072578599373,0.08845678115517817,0.0020581031355500247,0.030471877093009702,0.0005447346284973241,0.22890789236975356,0,0
0.9096734128128057,0.00017463262823372167,0.004097844266878199,0.0006487417065122086,0.0002954088145419257,0.015462955723670863,0.0033773867471620575,0.041230429024095114,7.543408667229683e-05,0.024963754189428096,0,0
0.4883736015028374,0.007182164073905328,0.011298201586580688,0.01739446073811724,0.008146071472049706,0.4119733560942282,0.0027310973228189925,0.0052224346467260145,0.0025776260353564734,0.04510098652737994,0,0
0.3667996783527332,0.13189255189888863,0.22963918540475775,0.009546733964121906,0.0029672212633827942,0.1776708470098697,0.0004902408865725284,0.001422114539077711,0.06857765170135673,0.010993774979239111,0,0
0.04087564944086456,0.00021349416457052813,0.001558670637374591,0.02584780154641827,0.00588843220297387,0.01107987172726303,0.0023338670600274057,0.658251591472967,5.12000040906442e-06,0.25394550174713176,7,0
0.4023598852007542,0.0022750900379504254,0.05223353933969747,0.0017775285880041454,0.004676928490130435,0.5129056245347037,0.0016315572077847352,0.0006021177075712946,0.015350576066843261,0.0061871528265604655,5,0
0.36185540132315763,0.00948571525088297,0.028071961475980373,0.0033399111843184035,0.009460237634125243,0.5539692380797052,0.006683537973247082,0.013008180162172036,0.002575530659738082,0.011550286256673058,5,0
0.0018920956857964852,9.840508272020298e-05,0.0001389512379852979,2.5724059044764723e-05,0.00020935755820985136,0.0011399075469218257,0.00037146373166430736,0.9346615679860146,7.899323226824903e-07,0.061461737179319915,7,0
0.04625278681419974,0.0010834685073698655,0.5162914311912914,0.09044571202391931,0.012586577653244101,0.27363029506039,0.0032021349722529675,0.00236960970281619,0.001961678508739348,0.052176305565777154,2,0
0.3047544032944916,0.00421526541459549,0.025900624292340524,0.023459999289816038,0.09089867656827502,0.5282108216543273,0.0034770707549244954,0.0007897174468092772,0.0044562452672683136,0.013837176017151905,5,0
0.07685760548027387,0.004412332293485881,0.0025911587658326847,0.018693805257142527,0.7731562017569685,0.0888478885501041,0.025146215932484967,0.0008980241163259833,2.2143987716841643e-05,0.009374623859664638,4,0
0.5958858878217049,0.0009492131537107969,0.03953094122002197,0.21464843472385176,0.0157620056140385,0.08474303069133822,0.0016490361053839325,0.006390599072942088,0.0007471095080558334,0.03969374208895191,0,0
0.21041542132853158,0.004410671872109489,0.19800112908756523,0.039014530294993056,0.06313481136572176,0.4689223118605163,0.003923600031854843,0.0005097492961624753,0.003755113167616987,0.007912661694928281,5,0
0.23187050297793077,0.005283956956586365,0.08406801097919887,0.018593599614644504,0.021450346114540785,0.06984993668033322,0.004428918938534672,0.00445561714327815,0.0012287256532670253,0.5587703849416856,9,0
0.7956533346461496,0.0025903705776358,0.02863476915217239,0.0019639189033471595,0.0019473914306699447,0.05316881902955267,0.0011668695064152215,0.08270689949759828,0.0035987486777043598,0.0285688785787543,0,0
0.15205712528036558,0.00010856065554880825,0.030197198952468352,0.06919952315516965,0.05805233372170411,0.6565634206517236,0.006324817908161683,0.004855001869199281,0.002318049386004062,0.020323968419654878,5,0
0.020226019533155674,0.0037472271423966853,0.8389944659674281,0.017345940549610177,0.00598278574454543,0.07059073611530849,7.55229247113976e-05,3.0893992822677454e-05,0.04219593540797542,0.0008104726220459132,2,0
0.09161532390450675,7.030906174217645e-06,0.0033932101292098752,0.00016631301257551156,2.6990847446484058e-05,0.004234750946002142,7.519961614252038e-05,0.8971489352511193,1.0114070249058178e-05,0.003322131316574135,7,0
0.2764061003598836,0.0007480567543343925,0.041604346502722385,0.04071987624345359,0.2181649311059731,0.22284895858600484,0.0710347764270615,0.032132566051850775,0.0005581665446933624,0.09578222142402258,0,0
0.3523503059165172,0.012952855245951762,0.4338728823298299,0.014707019939192755,0.0617494122803736,0.09941973893858717,0.000323408723257709,0.00033127149352258305,0.002046228968587982,0.022246876164179436,2,0
0.4898529007724234,1.3044233782798161e-05,0.0058535314104866745,0.003834237857533851,0.0013291504724658465,0.015800073836355503,0.00843323599958267,0.20904529719611908,0.0002378561895760662,0.2656006720316742,0,0
0.4524127206539393,0.01757784912160749,0.3324826694193638,0.003989447247895206,0.006755074369851521,0.17123925471791476,0.0006821868077220793,8.518563746641073e-05,0.011766138052545939,0.003009473971693443,0,0
0.17354094384771712,0.24495608054605605,0.358034927767058,0.004112541844565056,0.003956612775128822,0.17134462129680697,5.891853742574814e-05,0.0001290335479377135,0.041536103818225555,0.002330216019078993,2,0
0.6909704414228532,0.0004070898759650859,0.01691102314410067,0.01267270869735742,0.0057340142820318084,0.08437242643225898,0.005524742346779774,0.06583299197749434,0.0010994842032747334,0.116475077617884,0,0
0.7104521344099416,0.002553539377989631,0.154894180538176,0.06450994107798022,0.0008907444705389547,0.04911806480514603,0.0004848971081800761,0.0012118683519214567,0.0015480200700920704,0.014336609790034139,0,0
0.4160162730250308,0.011326259982505311,0.3209866442062765,0.16191404283843003,0.008056268449870544,0.06393928471518193,7.181080219014677e-05,0.0011482321619444688,0.001599213438810782,0.01494197037975953,0,0
0.05656556122004766,0.000796963241775506,0.43335666641388565,0.039695949243874824,0.002060239971759509,0.44568133992082437,0.000479255836314051,0.000329773439329347,0.015432032486721146,0.005602218225467949,5,0
0.7450951853948924,0.000231580946451252,0.057442220583168724,0.0040025788539481254,0.0024149677983908197,0.10648995322242318,0.0021777591407950393,0.05165998593759173,0.0034694353912656014,0.02701633273107314,0,0
0.12070336745396212,0.00023356595934734284,0.005423189272973273,0.0010101086133971673,0.0004953653440218091,0.017863725552418063,0.0037154194613295754,0.7252665869187243,0.00010522800263263081,0.12518344342119395,7,0
0.1401892861183103,0.744646357493686,0.07899734994084787,0.006539817649228228,0.005037198801792946,0.014992814716794882,0.0005700746061789166,6.978751114853626e-06,0.007788824976395227,0.001231296945650677,1,0
0.6265187687992398,0.004113271138799373,0.1158966756307678,0.02219629158978439,0.029124648836682004,0.18158342736490643,0.0016147993966886156,0.0005663795978881234,0.004413376517637365,0.013972361127606067,0,0
0.5759651015655194,0.00027431515705815844,0.3202256711770758,0.000660359361531519,0.00028922212514435083,0.025252487237552676,0.0005495075532245861,0.035396888816566344,0.0109551233532351,0.030431323653092195,0,0
0.5704570224737432,0.031235419647973217,0.16634093924682428,0.00347735862892631,0.005015712514564645,0.2161206361658706,0.0003461889539505816,8.16030454054511e-05,0.0049416505955862545,0.0019834687271554083,0,0
0.16912151820842075,0.0002629850587740976,0.35860127369487743,0.02971206137987384,0.0015343184672073611,0.10822230971891178,0.026932157110148815,0.000996678069129518,0.0004999091083320211,0.30411678918432444,2,0
0.5604134173454414,0.0016109764237246405,0.0810176781696778,0.06641497298056187,0.0005983261745900683,0.19139221736541717,0.001580629269164964,0.005776420750283786,0.07286438609136964,0.018330975429768772,0,0
0.8784246356593151,0.0014573329624107483,0.0005674723422472319,0.000504208471580494,0.00082019094289106,0.009597866376728093,0.015625094612290315,0.08110037571350506,1.0759986823830925e-05,0.01189206293220806,0,0
0.0815250723766625,0.0042819622673793654,0.7951111162305978,0.008495953257042013,0.008051579683345248,0.07018786162120677,0.0007480482220659436,0.0017129835480590616,0.026215848548755357,0.0036695742448859454,2,0
0.771960648462285,0.000470284257658656,0.10910437347615391,0.013854833064201422,0.0015445324280519033,0.07925773178171694,0.0002601428435046717,0.00836207410752782,0.00045107493595776115,0.01473430464294204,0,0
0.7177563469457526,0.012793560725630029,0.01664838562246383,0.01706252613154255,0.00712373701688024,0.08946467246101664,0.0010163565839936858,0.01026764960630433,0.0006519210195073225,0.12721484388690868,0,0
0.5730180545458462,0.0009404322790506233,0.0036827525044783845,0.0006619006524349137,0.0005217302970620967,0.013620313041918637,0.004034829417234787,0.38856677858544686,0.00015125314468137583,0.01480195553184626,0,0
0.7824083622171374,7.141526228231473e-05,0.0017818433386450091,0.005930081308228735,0.007891134474625113,0.004822249576699985,0.009695972705575614,0.1548825796391028,4.0767115023050935e-06,0.03251228476620068,0,0
0.22656710821092063,0.00011686112179523186,0.0052215075202276,0.0009818484797201306,0.003345074321561272,0.005084015899860643,0.007753651080058808,0.7406903472285555,4.13757651683811e-06,0.010235448560783178,7,0
0.5439199190373625,0.0006535442199127272,0.07233673067112889,0.17867578176647828,0.013328665555105054,0.13244574356613661,0.0033463814144130384,0.0026974758810374517,0.0016324147992699811,0.05096334308915564,0,0
0.7581494885586799,0.0051779115746768585,0.02384225673648688,0.007206480653904061,0.007101699918725859,0.16886802233032006,0.002412496380826011,0.004312175003683258,0.0033204246272674235,0.019609044215429874,0,0
0.40110002447100634,0.020726033032301666,0.2630503690524006,0.050740607275935726,0.10508678371091096,0.14186158284692293,0.0012662346664375644,0.0005276007401990703,0.004123317977177025,0.011517446226708177,0,0
0.8125836166296195,0.028054398915264452,0.0789384140423696,0.04795665671870172,0.0068761948224216485,0.018214963069503463,9.81830015248417e-05,0.00021130721711042397,0.004338157219134725,0.0027281083643496476,0,0
0.0881499172199308,0.0031393690463451546,0.691003227224552,0.027254030512901112,0.002549044437660919,0.044726749145128884,0.0007643717354828483,0.0004672881354470308,0.0012281697435722089,0.14071783279897898,2,0
0.6197278906741456,0.0032930536046141515,0.05959676144744622,0.004573076854359109,0.0052046850939634895,0.19550888301268501,0.00024028396089470424,0.002657791260346262,0.0036562699945284697,0.10554130409701722,0,0
0.5568004681739214,0.0007558773668353744,0.07487360645997877,0.011727999366799673,0.028416474510792957,0.21813259548007918,0.00018052939388665324,9.942775349403893e-05,0.007328341441892014,0.1016846800523201,0,0
0.06006853885250861,0.00047648547558377203,0.8266894776613675,0.015026170903388383,6.647990888802953e-05,0.08654612102183798,0.00029571635061278697,0.0001514658795828961,0.0021478597354211365,0.008531684210809073,2,0
0.8091266789774361,0.0002273078855437308,0.004973747584801021,0.0010113028693117798,0.0017636881825767257,0.016196940934572142,0.003497801634905603,0.1542543035896416,0.00319231840500923,0.0057559099362021245,0,0
0.4177133974276979,0.007267607962528335,0.456080473774349,0.006247776321353187,0.016070754320591938,0.08497580225837846,0.00020429359233445132,0.00019755906398947524,0.0018458877515346432,0.009396447527242656,2,0
0.7708373595533209,0.0016970286532426576,0.09878840580599699,0.007676606782012102,0.0020476998682284944,0.0696717781632276,0.0003612090721570941,0.0014725813658640194,0.011734111500218978,0.03571321923573145,0,0
0.056955059360380283,0.006516814749459991,0.07119649005488117,0.0025071165002376926,0.012111329834668614,0.24196975813617494,0.0008627110433577619,0.0001518221342405452,0.6037017837164521,0.004027114470146956,8,0
0.3673744278203885,0.04052008574022855,0.2069308299523879,0.0010006361401870333,0.006998904174644997,0.36036680227552054,0.0004857245491561282,0.0004384559651525485,0.014656164581028594,0.0012279688013053915,0,0
0.1795624570660084,0.001676349201038112,0.6122180023765748,0.013928099120778106,0.005590923004046891,0.17250472839869835,0.00011306388218751116,8.954620992863257e-05,0.011095927975590877,0.003220902765148361,2,0
0.6597168440302358,0.0003565033104971773,0.034707790239527206,0.003543563278523665,0.0034904900082200225,0.25441854598118374,0.00014201231236269317,0.015551799814344739,0.007531025594057725,0.020541425431047484,0,0
0.8173311170591282,0.002112816301046637,0.04709023212629196,0.004862687339426195,0.0027136205968514354,0.08334432612879285,0.00013608073289571445,0.009145297451976606,0.00526213474754984,0.028001687516040447,0,0
0.27322048406742583,0.005929361902314009,0.5514880767373691,0.007231784075138669,0.0007084936141838954,0.10254475546639227,0.00022417663633671022,0.0004208616429154342,0.05030907733608404,0.00792292852184005,2,0
0.1071984218805864,1.8086463563563464e-05,0.0026613974398003023,0.001488824081093513,0.00027112801951454936,0.035046012494354836,0.00025454266531577634,0.6982529255532963,6.237877264855986e-05,0.1547462826298263,7,0
0.04786011328411531,0.0005480244970936948,0.17176752081236074,0.644153790813016,0.024472725339130117,0.0983127991496028,0.000831770203588428,0.0001594475557619406,0.0070633899034166165,0.004830418441914263,3,0
0.9200987233261189,0.00037819706340020423,0.01036823675736979,0.0014756274302334923,0.0008292771745759753,0.015673133834215015,0.0018120569370435678,0.03525402669182205,0.003823992109874284,0.010286728675346761,0,0
0.18773857640204483,0.006314067852323702,0.16158134695377324,0.005405603054924904,0.047787121905590486,0.5694029860253749,0.008915974101039979,0.000293172014188696,0.003080615359221929,0.009480536331517433,5,0
0.8273965270528882,0.0019648834550333827,0.03994319889745215,0.013780439232384879,0.004055331648944641,0.053450488913917196,0.0034346006693933345,0.03344903233242031,0.0014984999310952536,0.02102699786647061,0,0
0.88641778126894,0.0010093322483321187,0.03428756860404113,0.00033891076070078935,0.0006482778494933171,0.02664401100645776,0.0004895038129663037,0.017128046690886956,0.03039540579051221,0.002641161967669308,0,0
0.2817569324352503,0.006341221564172138,0.014963078489651503,0.011744032099592657,0.4621911764803208,0.09287994071690077,0.0515922332146427,0.03146288505330683,0.00014129264301578423,0.046927207303146534,4,0
0.9409193122175613,5.713396590514283e-05,0.008934715808532999,0.000600589165299354,0.0005758860447380328,0.014197142891380844,0.0029644590210149585,0.022941855158486096,0.0002642334033905053,0.008544672323690931,0,0
0.15445842474723426,0.03549733071660928,0.030637973881133637,0.001857526990637731,0.01490284980105552,0.5508590449974305,0.018452638803012227,0.016315631162389717,0.000620959486226845,0.1763976194142704,5,0
0.11527182749725381,0.0011235873134866983,0.4397448626699896,0.3712105121456582,0.005295624715260219,0.050202571118543614,8.887807303132685e-05,0.00014045483218871183,0.012007904499924477,0.004913777134663285,2,0
0.6975284211478913,0.0006979903634685637,0.019523933799264686,0.001301490899308472,0.00031700567939360277,0.06117128238875522,0.00042840202092674404,0.19235634946945152,0.0017784047167128142,0.024896719514827317,0,0
0.8533095939147695,0.003600913422115887,0.01788072698524805,0.004514814508356415,0.0034716528869247303,0.06520084394640785,0.0021839010064863278,0.02323346572260921,0.001976257422096705,0.024627830184985516,0,0
0.7345489990335617,0.0002512584834849421,0.020887729672230758,0.0027213458865178314,0.0017283327849328517,0.044310550027689896,0.001166451877579944,0.14049562473977753,0.0018690871624141956,0.05202062033181035,0,0
0.27085977387462307,0.0013721832108983033,0.010547163905663619,0.005287975494590893,0.006314804629114372,0.03537551565789125,0.0031744927730327638,0.5265824888928724,0.00303947677447353,0.13744612478683974,7,0
0.08863749663402934,0.008333672653728181,0.5931976859259787,0.048052503119066996,0.022566497300884912,0.20052019721900433,0.0015507213378499962,0.0006960893576199612,0.0042489957315046435,0.03219614072033288,2,0
0.16176707470312973,0.004796169478951868,0.01436273152219552,0.0006851938247988325,0.00302451261447274,0.771906924356577,0.0019489201980614163,0.0027856529815468026,0.0022703846130628954,0.0364524357072033,5,0
0.701075524459098,0.00017981854730192285,0.15086965316686743,0.0029136802715990034,0.0019790175412822877,0.07857896807138597,0.0010880032593487826,0.022113261429309132,0.007663200532979392,0.03353887272082821,0,0
0.23228779367497013,0.01662707501075709,0.6647124095108835,0.0061516483374434395,0.0012610138990970226,0.04730554711513563,3.9649918869705076e-05,0.0001668129578174539,0.03039949898899704,0.001048550586028886,2,0
0.5695437627097507,0.0034196013589247068,0.15191452824104673,0.03635570287045907,0.00961590995820676,0.20332132334347558,0.0009586000522709465,0.002737284105521577,0.005392359429138005,0.01674092793120598,0,0
0.07686787663145903,0.0004865943753452977,0.2900883545531035,0.5222137497361706,0.03595669706271482,0.06170320813181556,0.0008005190701037607,5.003675189414961e-05,0.0013719854856837459,0.010460978201709398,3,0
0.05921548367567114,0.0006401738910148484,0.7794196510763955,0.02855290407256344,0.00413047989896154,0.11563816706992723,0.0007597556841144998,0.00045577222557851573,0.004450619099981072,0.006736993305792394,2,0
0.3747311229523557,0.002293227703351272,0.007191191575363529,0.04293334747673199,0.2396236578562184,0.01880124416295238,0.0007472056750300932,0.15401602240650783,0.0001506089721422541,0.15951237121934658,0,0
0.1827884966209915,0.03259639103260538,0.6732167526213448,0.011435666334734515,0.017503528765807196,0.07184731879789087,1.7923961161182895e-05,0.0001708304884601255,0.0034295638199503538,0.006993527557054241,2,0
0.32358860378107585,0.01107912386703283,0.6059037957694766,0.004553807020847403,0.001378102630930589,0.04058607220462822,0.00012325467208877314,0.0013919954885527504,0.004680403352104946,0.0067148412132620825,2,0
0.2375179005620657,0.0076159321656496335,0.0141094972025797,0.280659117868899,0.17468209057256018,0.039641758423446145,0.004575812048395524,0.0234392086401458,2.496768966340079e-05,0.21773371482659498,3,0
0.46038923258500486,0.011801138329369788,0.3004186921744131,0.026056455201477015,0.008333560275677302,0.09370380903984404,0.00021744684670682492,0.00016739081968090015,0.00205465102264054,0.09685762370518568,0,0
0.11927090582743086,0.0279724813723966,0.07503145399752875,0.004035244827072519,0.0027581452343443474,0.030678521536221533,2.4490254330662265e-05,1.380140889784201e-05,0.7399133444415036,0.0003016111002733304,8,0
0.8369916230084513,0.0037161896229910224,0.0009333496963048109,0.00015735972443679732,0.00034544986606302024,0.006315710607154918,0.003132109408165368,0.13680886908832066,2.0818971276822547e-05,0.011578520006835374,0,0
0.7164199916361249,0.0004216105947269864,0.0009801149115494427,0.0003311554652397023,0.00048420181809236265,0.004210648933549518,0.0008832643449671815,0.2650779917082951,0.00043538950044545765,0.01075563108700927,0,0
0.8367444606897242,0.002995554422574681,0.006705118563639465,0.002945433264890264,0.0014602457900122546,0.03208500953740852,0.006605085698852654,0.05628920024501014,0.0016353986723459631,0.05253449311554202,0,0
0.29565255987288325,0.0028928422409759437,0.05347199207660221,0.002756003217081917,0.039517088861519764,0.5144692617023616,0.00025133694148662684,6.049677678419292e-05,0.09000428179044734,0.0009241365198570041,5,0
0.5590907697011475,0.008379794309037828,0.13892379269492605,0.16565890457560714,0.02966204830606685,0.06903421592398469,0.001227073750400056,0.003925828071292606,0.0011704044905902693,0.022927168176947017,0,0
0.6102999531148398,0.0004493635354078612,0.02353284703985485,0.00586891783305492,0.00878145547242348,0.07423443309294052,0.007567476263341363,0.08363363997066814,0.0008794378837503672,0.18475247579371865,0,0
0.5243107426512594,6.214528480483805e-05,0.03476439465380074,0.008651604044133756,0.0008108166289319942,0.03850887972825159,0.004766954013568251,0.13519069625768648,0.0013953835269953148,0.2515383832105675,0,0
0.8390454409779444,9.887380050093979e-05,0.0033893941491087826,0.0016436677297624624,0.00031668544805604326,0.011107725696041864,0.003199261581339418,0.10651597766626304,0.0002474488630466651,0.03443552408793646,0,0
0.7720112996691327,0.00021564419203303373,0.001517902703385255,0.0008287195444272919,0.0001372193652061056,0.019306754180080522,0.002219633719577887,0.19539966542381598,1.6335663427440278e-05,0.00834682553891366,0,0
0.5260521842196422,0.0014015837126446127,0.004682861106981466,0.0029161905333241534,0.000774493750677383,0.04987939733288103,0.0046694000313725285,0.05879187462256951,0.0011586718005088428,0.3496733428893983,0,0
0.07924275335802031,0.007056858048483418,0.047917644715653955,0.002263822814480099,0.08900116553256764,0.7598011878158656,0.009085416644580187,0.00031667610258410663,0.0013640207358000549,0.003950454231964604,5,0
0.47299145305734625,0.02588951800378181,0.20616497793327554,0.0012549678899425342,0.006346919402256209,0.17253339198430062,0.000113758806847184,4.8542392668749435e-05,0.11402086709235705,0.0006356034372241209,0,0
0.6690722542898802,0.0023078150863664326,0.02842730719006875,0.06416372488062075,0.008968771985569945,0.1188158969840688,0.007760974196765046,0.014503357674562824,0.0008096833767453517,0.0851702143353519,0,0
0.678391585126231,0.00903995401401241,0.005286951823035115,0.0015641693763866022,0.02238513024066734,0.026615685669175215,0.010081787191465305,0.21409534850909456,0.0004843452085453101,0.0320550428413872,0,0
0.8004710074730064,9.860805081351536e-05,0.012267383749004974,0.0011577791168211555,0.00016307644834844662,0.01322435573239154,0.001069180164953431,0.01704549387504499,0.0009534864330829922,0.15354962895653257,0,0
0.6583506323231307,0.00011268809967457881,0.007927516007930423,0.0024033495665991746,0.003256850753813203,0.03884504967090356,0.004156460437590859,0.2625259092836098,0.0002073201426610339,0.02221422371408661,0,0
0.17942440270327065,1.7539566315153723e-05,0.0010060267970506895,0.00010054139209678836,0.000249176427373182,0.0066575769125796665,0.00539427056600429,0.8022533108284833,5.551174280391198e-06,0.004891603632545814,7,0
0.7820578014220793,0.0012315808271888447,0.062329499979139495,0.03709380552013446,0.0018711872654217571,0.052018054785544415,0.000897959683419089,0.01208958652951433,0.0009986283554497544,0.049411895632108856,0,0
0.22586325692251816,0.009296001083781298,0.5713900334780769,0.04234331441573943,0.0036017554287371364,0.1315606227540778,0.00022618376318543604,0.0009176259892364546,0.005207614597140146,0.009593591567506976,2,0
0.18563600971867733,0.001148973590197112,0.030685298907282894,0.2883797582483355,0.12216490302282611,0.32933898662664973,0.005309554436220887,0.0018179037693218823,0.0003619641160186824,0.0351566475644699,5,0
0.11695516167818404,0.7100262768019621,0.15646093045482146,0.0037417087828386124,0.003337774202706726,0.008493077417281057,0.00027189832782347655,9.254241559326488e-06,0.0005880173470237639,0.00011590074579940476,1,0
0.4196784437104225,0.03281689258836388,0.1000896417269339,0.013507458087006992,0.0036495310421435835,0.29546914078007924,0.00010403936017443238,0.001420394769872615,0.12581120868957313,0.007453249245429772,0,0
0.10403135644269068,0.004896812157719617,0.04220973067710562,0.0016762672618908848,0.019280273842004307,0.8118254892847024,0.0030474831599742627,0.0012282700270158716,0.0014124973265582691,0.010391819820338112,5,0
0.20042159796508144,0.003967450376407476,0.20921672328194924,0.09439120308317922,0.010766705462312601,0.47127007617999755,0.0001600039531786755,0.00015387099707357249,0.0053459780564636345,0.00430639064435674,5,0
0.7950945116394667,0.0013585754151774453,0.009110203366339229,0.0032200436453408824,0.002489989885544093,0.038139219962557126,0.006100808064084849,0.04586948740507453,0.0016242673969117064,0.0969928932195033,0,0
0.7579660179933759,0.001024277117287349,0.0305893980363637,0.006454288035300559,0.007579755759610172,0.13697718978049966,0.0008673298140792162,0.004008083253157289,0.00291350271939195,0.05162015749093424,0,0
0.4040064370762625,3.3405416225316043e-05,0.006968255817038017,0.0330332629699797,0.009110098832136464,0.024311234358758815,0.21887227356794273,0.022376094863227128,9.742145192676255e-05,0.2811915156465027,0,0
0.8175446469826045,0.0037310529055317883,0.0016043762933981723,0.0004531891130968688,0.0006186845662366051,0.008637132914504337,0.0026644850844414446,0.13787656838147105,2.7132079470903013e-05,0.026842731679244537,0,0
0.24621233951322022,0.000131303354265552,0.5028196021712178,0.008609208556267539,0.0021324029096004395,0.08760789021597302,0.0002475219895533412,0.0029045557844539246,0.0006812569641700189,0.14865391854127827,2,0
0.8312059928977822,0.0006108833551315565,0.01403766179048016,0.002287659905298907,0.0026141261210648743,0.044523915213239756,0.051407136250284126,0.046703256717333094,0.0007237432706568535,0.0058856244787283615,0,0
0.41784286638873924,0.013841737368937427,0.3150388839025441,0.014464020685859964,0.004171344460361634,0.20190868236283913,0.00031455706265826907,0.0012244512008742735,0.0051700800353457095,0.026023376531840278,0,0
0.5141143742475118,0.00216154036891636,0.2241062983552217,0.04104523976706621,0.0019272174831205865,0.1325242485907628,0.0022797536631838948,0.0012171240520098634,0.003276337949199112,0.07734786552300763,0,0
0.7671531683877985,0.0015147895299801775,0.08313893323948246,0.011645109213358606,0.0023367964211975087,0.08087531373004096,0.002571455418279532,0.03485433544441365,0.001939265024011375,0.0139708335914373,0,0
0.5480071300645557,0.005540958607010453,0.027979166981706674,0.002640389687674656,0.009627520568508376,0.38544491940218617,0.0032429471998807933,0.0027542663718496166,0.004504161492078236,0.010258539624549224,0,0
0.1229262453241668,0.0004927632620856164,0.010258924454714435,0.5111203653670092,0.03608472385016787,0.039237442844642256,0.0076328575524122234,0.005963825514902127,1.4736258510906486e-05,0.26626811557138863,3,0
0.2818163765646327,0.00033217719306151004,0.02605182929113698,0.03323442252348588,0.015087827597208496,0.11312350125357473,0.00019358611946640063,0.001670733825075337,0.0007531364542295377,0.5277364091781285,9,0
0.1348303636416565,0.0034086213428830402,0.555042310454213,0.030891944713520546,0.009072311168163762,0.22783982234210695,0.0009836619599055618,0.0005237760372077587,0.0025471998243131334,0.03485998851602979,2,0
0.6766508718626519,0.004306817759881079,0.05099196291161078,0.0014559200345190268,0.0018305469369380451,0.23451679451570215,0.00013191357799223504,0.011761171972988623,0.0032888604434736504,0.015065139984242575,0,0
0.12858279640046838,0.013423378020223519,0.8152548215953148,0.0029926269777959466,0.0023920180685877016,0.017138324680312053,0.00013767759035603367,0.0004928848034818205,0.009182262447759541,0.010403209415700216,2,0
0.19776874825360552,0.03434186268512665,0.6772903130966125,0.007757634662807075,0.0019079630627050442,0.04380038312581856,7.431423316911834e-05,0.00036742268904013675,0.02994015728625777,0.006751200904857637,2,0
0.021138404619637237,0.0008855600061001679,0.0646045834621499,0.27652433737368665,0.4706722624648143,0.10824970902390744,0.0038661737531595396,0.0004363137021314796,0.0006879576976274686,0.05293469789678583,4,0
0.5775748762589819,0.005452167095474311,0.01072906542909928,0.20931066172804366,0.04468526862626458,0.030343052134657406,0.0016680513362110102,0.004418776508480492,0.0012882361729134987,0.11452984470987376,0,0
0.1294695650525601,0.0045929410457206795,0.08327035581045415,0.004587211866671056,0.050778624214589535,0.7190687476141598,0.00010733455279238842,3.653565292502148e-05,0.007261902441659992,0.0008267817484673152,5,0
0.8463443737881298,0.001281704809101433,0.003993827222875597,0.0013664294757702428,0.0026690257167084324,0.021249894664481798,0.0028851731491028117,0.1011840780103491,0.0007241400377031095,0.018301353125777846,0,0
0.9590260948238767,0.0003772328946526409,0.0012239587952510489,0.0001482245466597488,0.0005685406967650787,0.009730292101617861,0.002215911526445318,0.02203881804428002,4.813648773026106e-05,0.004622790082721184,0,0
0.08818912556523156,0.004450496861689201,0.009398143930325202,0.18426324417638598,0.2678732416607468,0.09573542189621534,0.004960730622907028,0.32964004232601096,0.00010024691792735659,0.015389306042560589,7,0
0.8632520708789445,0.0011032327042956,0.009606530565336413,0.0019263884417502599,0.0020764033472355273,0.01821370266929903,0.004992942057529156,0.03293985499726371,0.010437433255891655,0.05545144108245388,0,0
0.060066317889167116,0.002980119158416211,0.8650354005815434,0.01408167751829129,0.0009807487705134656,0.039656495325343086,5.039485184784637e-05,4.402202383690216e-05,0.0011042517639838884,0.016000572117056903,2,0
0.7430559993811967,0.004924542914234343,0.054049735509605526,0.01142857206390414,0.001743550195180931,0.06663929164568881,2.6756713520583396e-05,0.003536384973712997,0.0019510972661789055,0.11264406933677719,0,0
0.5682112107386914,0.01033584230618553,0.0890300271136802,0.09260022397295656,0.09578813481445443,0.03763094182283041,0.0004190798186580406,0.01618023902310229,7.641699516126166e-05,0.08972788339427984,0,0
0.1278175757796351,0.0034709008549734296,0.13740158362367688,0.32863173883611224,0.029931751199613468,0.33040299814428786,0.0017357284625575827,0.0003226917324117161,0.007173737434150034,0.033111293932581734,5,0
0.2614471110177655,0.028313111908439634,0.32406444109212534,0.0370822946827337,0.004794141002068869,0.07166185094161287,7.639063724089291e-05,5.004625503317391e-05,0.2719679933238927,0.0005426191390872825,2,0
0.11840152031122303,0.45534398885182675,0.33552888017607596,0.03522197742874273,0.005589514481226212,0.03890757654183428,0.0012503120614183595,0.0008853816931052504,0.0036144223183636266,0.005256426136183839,1,0
0.10833578409038082,1.6770260371626288e-05,0.002926397360806696,0.0037615746857317107,0.00018893898081443635,0.01838377358261653,0.0006263927906701739,0.8278865848363738,8.872350226601612e-06,0.03786491106200766,7,0
0.16656086212777743,0.0077034505397616925,0.6646887011120086,0.004752373764182392,0.0034706646350878834,0.06300881139998558,2.284464780790513e-05,5.7454441464064966e-05,0.08839892868482435,0.001335908647100246,2,0
0.2595411269512822,0.0007091607164525192,0.0503188980543411,0.017488586492934548,0.00348405371029966,0.2709718961776839,0.0030076339706601686,0.3522416596625419,0.0015634981708584968,0.040673486092945674,7,0
0.14938171594773478,0.0012276336884287234,0.004290226562908934,0.02840953295673715,0.04755728625527871,0.015026608860136527,0.0022439629381606967,0.03722501324532085,0.00012332877112193288,0.7145146907741718,9,0
0.6873597049930088,0.07110261896870804,0.1849673320806755,0.015501186205003282,0.008812160492744267,0.02546142048881208,8.449386675109327e-05,0.00012025030839696418,0.002558355865073686,0.004032476730826299,0,0
0.07150667091515056,0.017470976918294738,0.2490999731217988,0.3524563967750644,0.030427802457679832,0.2636900086406574,0.009021763357328079,0.00016142956414401998,0.0021837866258403757,0.00398119162404184,3,0
0.4714323610019298,0.0019948152891597127,0.01315028779804443,0.001981385243148829,0.005481250679869499,0.4457465926946471,0.009854063562850384,0.023810451816576338,0.010626897876257382,0.015921894037516492,0,0
0.2741686821011494,0.00958524283756999,0.4995467802926518,0.14073585638851932,0.031706018798724755,0.029111542999435146,0.00010269498232783425,0.0001786493526891782,0.004889700018497298,0.009974832228435159,2,0
0.78836424358053,2.340320291031337e-05,0.0006300919092727631,0.00038414344950393146,7.825553008683314e-05,0.004082418576433152,0.0002302791015184143,0.20199415056538558,0.00010524560493269951,0.004107768479426368,0,0
0.23232111451662474,0.00035274613793053085,0.03205169791540541,0.2754991088605968,0.07272120745918118,0.07576271465642653,0.0018126353022293999,0.0005903112164717888,0.0003077169118730551,0.30858074702326066,9,0
0.08190721879897159,0.0009719515245010895,0.23031660426964984,0.4560978441097643,0.03612803133557781,0.18453091346226935,0.0009914629997354555,0.0004217870618504978,0.0015250659459480809,0.007109120491732115,3,0
0.8314129450784233,0.0012925108707775525,0.08527679313301531,0.006530337386880557,0.0003366539498284184,0.046818575286503725,0.00035263998636617295,0.0019293685197500302,0.012040668961747075,0.014009506826707801,0,0
0.37227472872723927,8.444580128374097e-05,0.007001414323544685,0.023770378594642066,0.001851233214186339,0.05357184534349882,0.02566385372674955,0.040593343494859775,0.00020187860959317594,0.4749868781644026,9,0
0.10790344251687711,0.022262586981862925,0.7632045213443807,0.0033185001740721628,0.0025243990749155253,0.0683375640761062,0.00022328458587595742,1.8080539129260122e-05,0.03204922456588123,0.00015839614089889275,2,0
0.06149598524390901,0.00085343849468653,0.019756105005795818,0.005751197634918738,0.07253717547826186,0.7976347103444594,0.004790240234174244,0.0003995461754188241,0.002584685650255209,0.03419691573812017,5,0
0.06659109776587864,0.0003312117631805474,0.3286853576735713,0.0020616593232579915,0.0011076246245697095,0.4579587947892778,0.0030628901365482505,0.028843487547661764,0.015464613654887648,0.09589326272116645,5,0
0.39692777856610584,0.010046558701883916,0.006787723164619999,0.0103758580426903,0.03603961235455805,0.06270748391217155,0.003810581860753724,0.3489757081178601,0.0005002956275805859,0.12382839965177592,0,0
0.04765148615011436,0.001074693296533125,0.0003241595457715782,0.0020194378366652837,0.0038439302564470205,0.003190822560586538,0.001611112532428612,0.9117780072351191,9.836085001117207e-06,0.028496514501333153,7,0
0.7763265329591127,4.861445927500696e-05,0.000704975978560521,0.0001802531755173109,5.390178572711721e-05,0.007064486901196386,0.00023973678737058623,0.21296223228197714,1.8596630531017392e-05,0.0024006690407323322,0,0
0.10327460909554095,0.0029421525313978094,0.15000559855003412,0.011353306505230976,0.0008611752857857159,0.5162192768544711,0.005123675875250149,0.14801576278945533,0.0036615400586133854,0.05854290245422048,5,0
0.8046477924980664,7.690817262178698e-05,0.007260266275015298,0.0020384150524869614,0.0003677012714470646,0.03622285285949378,0.0012095337059860748,0.12314419695407061,0.0006171453908586373,0.024415187819953443,0,0
0.5676684232362151,0.012684327632344337,0.08800108375190087,0.03019545600808593,0.028243413379744092,0.24109175013804462,0.005642667570614203,0.003364894263704795,0.004402134576313753,0.01870584944303215,0,0
0.7913878094662462,0.001156872869637533,0.011768641901846115,0.017002447345192413,0.013890147412365888,0.13668381252335404,0.003950788925272188,0.008568339832334192,0.0014699908332717537,0.014121148890479896,0,0
0.09503199865698414,0.004093403980777908,0.0036784276857938364,0.03822491311006905,0.16417011253218902,0.042028847475125905,0.005710756788145605,0.5152983489775654,0.00026834781472874025,0.1314948429786205,7,0
0.09870813528060092,1.0781312245196706e-05,0.00036423101986539564,0.000717663601172976,8.869016139376495e-06,0.001553475746552242,3.0115397118523946e-05,0.8970613820914173,5.960926125059975e-06,0.0015393856087631982,7,0
0.3268744881328648,0.015441455173571785,0.5820619846578775,0.01227758589741374,0.0037679736865420203,0.037710520818277526,3.318463577339288e-05,7.857668379367992e-05,0.02036804469274528,0.0013861856211403178,2,0
0.7330859048034172,0.00022582903216747656,0.011368054811615912,0.00837674576887,0.003501072788979074,0.09399795881063289,0.0036526393696011757,0.021622180697835874,0.00020649135607491537,0.12396312256080556,0,0
0.7198429267868537,0.0005873643453582584,0.009162503210618522,0.002420221592631293,0.011499393074732345,0.1760751210655731,0.009475217996408821,0.030525951186408697,0.0017390119532701587,0.03867228878814489,0,0
0.6558113150380334,0.0012754526792233864,0.022295316743682295,0.004330947616271329,0.018781425772544887,0.23048914521168398,0.0003936029914919961,0.0002540103981205916,0.01558515803956169,0.05078362550938641,0,0
0.07782624871671498,0.015221634810785766,0.8157162666735348,0.007656334099304872,0.027245738973731816,0.041353370213299184,7.643521325939416e-05,9.095031332353356e-05,0.011272649045826783,0.0035403719402188564,2,0
0.9087971334544654,0.0004177776691582388,0.006756664718149051,0.0008379483609816187,0.00020142939253255077,0.022519322220893666,0.0009915013584882156,0.04070442760263817,0.0002414119818127118,0.018532383240880506,0,0
0.1711890835559355,0.005886288503662151,0.5724181147096818,0.025822304175297482,0.0008959892191620704,0.2065722145868857,0.00044035821075704296,0.0038590619837254006,0.0027364391673591793,0.010180145887533507,2,0
0.6583470891032496,0.0012019746852037986,0.022120125856265764,0.018016179119941116,0.01865325003997561,0.08519911565140557,0.0003804470079153571,0.0014908818021671364,0.0009622496638681975,0.19362868707000797,0,0
0.1176018433556825,0.0017787959350803698,0.6744409048297075,0.010144357368358631,0.009732337974690926,0.16966104343865013,0.0004052082616374365,0.0005147954741540114,0.007238113805204076,0.008482599556834638,2,0
0.013166661165997701,0.00020295487711058125,0.8832798908073924,0.016670899116144798,0.006468371761571122,0.06784442860932811,0.0002989718273848621,6.366391994786889e-05,0.0004737964376376961,0.011530361477484841,2,0
0.1081171314542535,0.00761837124550553,0.018885448045942256,0.2507820314598968,0.3649145571595751,0.20552947424714915,0.029978207704460705,0.00033541705361259474,0.00017536927777173826,0.013663992351832726,4,0
0.19951678090684546,0.02179200292794581,0.7150005909286274,0.003787902936827898,0.0016490576926234738,0.037161579806151444,2.9667940100434276e-05,0.001337432100417969,0.00905755450184255,0.010667430258617536,2,0
0.5009065697801024,0.00013584706805535912,0.030422317764393192,0.033414336127689466,0.03284268732599331,0.047508343077870406,0.006425086275631988,0.11254905088740937,9.107049126107162e-05,0.23570469120159349,0,0
0.1904466246452269,0.0036649080101001964,0.2395818702847425,0.00913108376286368,0.004304929001508025,0.48145725067091266,0.0005000780185097437,0.0025940876550993334,0.006321639795279068,0.06199752815575797,5,0
0.0906969493318831,7.077938877966197e-05,0.736644446810307,0.07003357357131003,0.011806614974739761,0.08323708958263897,0.0005373107664415435,0.0002132174418698147,0.0008656639218667999,0.005894354210163313,2,0
0.10778334738971473,0.00735676356719904,0.21489909990093936,0.008693348155650793,0.0005091631555518296,0.012578259868639403,0.00026831803897951984,0.001849554010296084,0.6388743604621618,0.0071877854508674115,8,0
0.19086638764747127,0.0028753223226385357,0.26288328258279714,0.36622727155965673,0.021783707982455467,0.13418340808931925,0.0003477922781810669,0.00037496009841099607,0.015746178312006042,0.004711689127063497,3,0
0.31620195045192956,0.02502065253446477,0.17198388145851995,0.005180596603555153,0.006891031703745372,0.4476538211730759,0.003560893450824912,0.001234536136385845,0.019676502182763032,0.0025961343047353905,5,0
0.48472487856723206,0.003400679911404688,0.0444971769432106,0.0035689390360027677,0.005129516233674909,0.4064796285823385,0.0035622519867058626,0.0031103680470385723,0.011255941541371484,0.03427061915102056,0,0
0.18107943440566954,0.007780920021448982,0.04092285401872982,0.005073136658430566,0.0021772619251596076,0.0793091881204687,0.00040429150754998206,0.006954124498293097,0.007468356974615318,0.6688304318696344,9,0
0.22314009870844648,0.045216104963299725,0.6727500120954755,0.021039931761281907,0.004311500948098438,0.02873208521261343,2.3567854541567926e-05,0.0006001705993642477,0.0035422881584879183,0.0006442396983909044,2,0
0.7736613645710781,0.00029279307080651437,0.002985814375079738,0.0005358305783209441,0.0008865889273939093,0.028662833688879293,0.009825116672147631,0.17462050270664423,2.0873082125099772e-05,0.008508282327524548,0,0
0.6215651037392835,0.0036246442252440485,0.0028700035737263996,0.001744446686552395,0.0025137114717889808,0.04719509704231639,0.006835839327464986,0.23464435127982108,0.0001681601689682289,0.0788386424848338,0,0
0.8921365360195782,5.896928934140331e-06,0.0027837159576100984,0.002572565802269476,0.00015227307386497034,0.005089015677915469,0.004097954302916859,0.06651184830976029,0.00027124215521952695,0.026378951771930958,0,0
0.7255605758059006,2.638228947437151e-06,0.005217547103086559,0.00032725787221292587,0.00021491227586150122,0.0035980110542517623,0.00023719141788997242,0.16428799330424385,4.039923412663174e-05,0.10051347370347864,0,0
0.04021695786341069,0.004819847508127806,0.15248499302934887,0.003822528306835461,0.24689253049822446,0.4883435124951784,0.060267547571639074,0.000505018054878268,0.0007923709262233982,0.0018546937461334989,5,0
0.049521135384758226,0.009800242480347904,0.6596802164761982,0.024977272912031563,0.17466214072441505,0.040304950550658865,0.000977923675455095,2.4295366041493852e-05,0.03989848298183292,0.00015333944826063147,2,0
0.09794162801984782,0.00575286927214709,0.7143315477007036,0.01020375420523201,0.011286611226836838,0.1344949912836277,0.00036838296750660066,2.597422568584129e-05,0.025218523583031106,0.0003757175153813805,2,0
0.3586350710051279,0.0005351370262260721,0.032841053862490414,0.02524833478495045,0.030441301029952243,0.26293552009171556,0.0018016783060007201,0.0029689017870400116,0.0038571193355365044,0.28073588277096,0,0
0.8972151201763244,0.0008186456084399508,0.007482645692534389,0.003967005154863824,0.007154131550847625,0.05070815668716282,0.0012475016497706284,0.01629507860686362,0.004468948186302245,0.010642766686890296,0,0
0.12080772111555382,0.01237800823551119,0.7733956553058726,0.02729002404378947,0.02825844418285588,0.035971739346885585,7.481618798979586e-05,7.117831720298263e-05,0.0006188846055180052,0.0011335286588206761,2,0
0.33044312844455503,0.0003344304868223764,0.18919104557154537,0.35564310097000057,0.020809416121077888,0.05468652420955587,0.0015686974658057817,0.000877403314522639,0.0002362771133502018,0.04620997630276421,3,0
0.06663086447194456,0.004891728745214396,0.014314565256296784,0.014042808262347238,0.011968992562653193,0.10699220049273267,0.024267285567612838,0.06439272804711417,5.06254910099605e-05,0.6924482011030744,9,0
0.23934929487658663,0.03298149845701,0.617326395894465,0.022944511890759915,0.021389190867946925,0.060336060281499015,0.0005698349676697662,0.000804819157548603,0.0019620460366727155,0.0023363475698413654,2,0
0.08775527645252432,0.0002361008545478964,0.5857092696237148,0.19615826380419024,0.019825033356938342,0.1013965833782262,0.0006930651452156032,0.0001283603191357413,0.0015852994259856201,0.006512747639521145,2,0
0.32945851113901,0.014900177666334039,0.13649444273168707,0.008690173647016785,0.00807948880331494,0.4896761497514106,0.00047770446133182796,0.0007043314824054628,0.010612285039456213,0.0009067352780331865,5,0
0.8034650292229618,0.0007052960560792302,0.02233531163599022,0.033671918322304574,0.011637976222286446,0.02196327368481179,0.0016270493239464866,0.038325847917887915,0.0011804255627050936,0.06508787205102641,0,0
0.09184292459382569,0.019590641287393545,0.46510944830404477,0.003748085385451537,0.024289075363220364,0.3694383796055621,0.0005468778813311032,0.002755596466565803,0.020476597443897595,0.002202373668707633,2,0
0.016507871772461696,0.00015323774068934113,0.9700177744826101,0.002283005427732987,4.712993728451871e-05,0.005236970290876476,4.745483307149143e-06,0.00012388095723548178,0.0008536670182448167,0.004771716889557501,2,0
0.3443223955087449,3.586251068308752e-05,0.011687611031225488,0.053164173208756424,0.07404213486383528,0.48711086029129025,0.004372565673064597,0.0008911524844979027,0.0009771657712929012,0.023396078656609233,5,0
0.25693802476243643,0.008600639548782263,0.6680172908751024,0.004278198221113218,0.0006913586567284688,0.03514142847339997,0.00011716299159681242,0.0014805764235055077,0.015214998832004572,0.009520321215330333,2,0
0.6741562394278151,0.00016731612676575006,0.003930028092762541,0.008069333281834066,0.002933595306832485,0.0083627165452311,0.0016973988024235225,0.14033107203135742,0.0004154215845572203,0.15993687880042062,0,0
0.2096991675744207,0.0137449218882974,0.5662426360160371,0.027959252207847948,0.017782229733190172,0.15695058644298354,0.0006506313238812903,0.00019506117147044413,0.0032662462637964833,0.003509267378075104,2,0
0.5788099403349037,0.001035940852000569,0.004105798246158869,0.004099616611606177,0.0020495195499525853,0.024288417650044507,0.0038494020986368006,0.00683102455116805,0.0014172514447045959,0.3735130886608241,0,0
0.9066601126769838,3.160200035548708e-06,0.0003219255346121368,0.0002291900560724674,0.0001440624391237862,0.0031385753645253077,0.0007809795100090107,0.03751072591425484,4.413606413677399e-06,0.051206854697969595,0,0
0.15211174400796135,0.00022493655456040103,0.0011531060161010583,0.007254823943689907,0.0031680788909822927,0.017412850386106685,0.038194026133091585,0.22230242133381295,1.2221673482040978e-05,0.5581657910602116,9,0
0.7267238047172881,0.0008710950538286615,0.042123379294675946,0.010583423462968228,0.02044041443695614,0.1577909464077764,0.001321993147141787,0.002512657679023047,0.002636621320409525,0.03499566447993213,0,0
0.46104688306708363,0.00013678518664368925,0.0013213369091834087,0.009509636234720184,0.009191364373841902,0.01324814212064734,0.004982658957718414,0.4865499447083863,7.915706830821417e-06,0.014005332734944101,7,0
0.30509403523439127,2.4991689529989443e-05,0.05573683367577551,0.0163703514973,0.0001712525036360463,0.20187978559121406,0.00041874886596113216,0.04191476810483792,0.002404163655468799,0.3759850691818852,9,0
0.7138278537830158,1.712340844825094e-05,0.03715295277869749,0.002842405847722724,0.0009224289476374298,0.12174207344159249,0.002116990300288146,0.09112131039604927,0.0014047667275197762,0.028852094369028747,0,0
0.14883823330205376,0.08968286655222321,0.3479732373723547,0.34505132241716774,0.016010482885064705,0.02672426663041931,0.00015935751507125553,9.85934291464509e-05,0.003955819179501587,0.02150582071699745,2,0
0.2693539433983422,0.024681491549502967,0.15601317440191192,0.09561360450917804,0.050558312302792216,0.3183238193760444,0.0031175855316158446,0.03150601685413165,0.0014647106344599073,0.04936734144202073,5,0
0.4572494006126212,0.016100726521003108,0.16084150859652,0.0017846464906307372,0.0034929233538671814,0.2754155066002228,0.0001838144393917938,0.00032109636688736423,0.08003303348294062,0.004577343535915382,0,0
0.7757047118907777,0.0007790713408300654,0.005421617130129077,0.057184033613176456,0.05013934110230692,0.048743365378075776,0.005001816093455888,0.00846566524504416,0.0012993378739608837,0.047261040332243126,0,0
0.17936565486625727,0.0014245683534232921,0.7744275903056722,0.00233811983225571,0.00011271541095640302,0.02150814405152334,0.00023573855061548223,0.001717827914838032,0.008854489745207078,0.010015150969251254,2,0
0.9166129837994572,0.00017878315549927222,0.005629123213118356,0.00041578276866170315,0.000325349296502519,0.012553363592328146,0.0015087225833033966,0.049803285583404286,0.0026856850228951694,0.010286920984830004,0,0
0.10413246960941192,0.0016448675338338347,0.3114295083795326,0.11896745853332977,0.13084943220752057,0.1615383048006091,0.00047514144702488217,0.0007750813903669347,0.00024102304066684976,0.16994671305770362,2,0
0.6057330813032245,0.00012389663437202658,0.002694271287422451,0.0007442296498916873,0.0009996739381695373,0.021596936265634435,0.011167956932604558,0.3274672079399893,1.9483034546235484e-05,0.02945326301414547,0,0
0.6045449711864088,0.0012509831431701706,0.05192835462468957,0.03727011347400654,0.004705211464692889,0.22702466036823424,0.0021580086375573345,0.02793979700210067,0.0032718624831180616,0.039906037616021524,0,0
0.8575390580409792,0.0053625262106666415,0.02633205218131539,0.0044747053133054,0.0032700294189058725,0.07641943488029501,0.0001915601050037814,0.014236601675423205,0.006139365890873516,0.0060346662832318695,0,0
0.7794787350151909,0.00014044445249577036,0.009469688341452566,0.005344640095070694,0.016574412742969613,0.012602968022204813,0.019833978575743656,0.035342398264102,0.0003356731791179044,0.1208770613116522,0,0
0.7719034555999484,0.04190291969853852,0.13563814070782576,0.009148656135259656,0.0022293703288140485,0.028719555823102857,3.924942658982256e-05,0.0006868288440108565,0.007282616749769565,0.0024492066861405296,0,0
0.6404385775694896,0.0022524562158386303,0.01865814720231342,0.010403922180644721,0.0018372221449870776,0.020807010116645867,0.0005641130492440337,0.00908405673820445,0.0002649720466339191,0.2956895227359982,0,0
0.7180523005341419,0.005111455204564812,0.10939005739599848,0.005717476738913858,0.008038716663932655,0.07278411508516111,0.00021437131281039367,0.0010555331667820697,0.006815863234923947,0.07282011066277094,0,0
0.4210790976070171,0.0018522521141091479,0.3802813455844824,0.028098643175649203,0.015695662520988585,0.11956137025631519,0.00035544408816176723,0.00011114162152174123,0.003618882608669244,0.029346160423085698,0,0
0.4425035255053044,0.005275326679595883,0.011022174653187222,0.004790417139812545,0.004667996190460009,0.16497165723347684,0.00016409225321352457,0.006454784388866012,0.0009241751581325852,0.35922585079795094,0,0
0.7218740091935973,0.05656617661794506,0.06664624593966843,0.0076178236522171944,0.007840673698703574,0.014970683509720292,4.029370149929872e-05,0.0009236547769442609,0.044698050816401456,0.07882238809330298,0,0
0.6272517835322748,0.0016416828304183426,0.16535391329296303,0.005863771469703135,0.0008683787757719048,0.1415965864565925,0.00017881144003460464,0.0036205238074906243,0.01722406629117722,0.03640048210357372,0,0
0.33198775276329423,0.15495747558127515,0.30383872599006617,0.01688466608680316,0.007109058694277454,0.06537687909819646,8.454861288430211e-05,0.0007192987615871402,0.1177029600532164,0.0013386343583995167,0,0
0.3091050917306445,0.0023660266629437453,0.03611113704382245,0.19410342510668158,0.028780837935154097,0.10728569472866828,0.001340643264336643,0.009906362808449374,0.002915468409774312,0.3080853123095253,0,0
0.7378961875911874,0.0017412650807041828,0.09763107643103858,0.021548867474647695,0.0035938623913707515,0.07730195244984417,0.0003391781094707945,0.0017367719552776775,0.0035103980628740446,0.054700440453584985,0,0
0.15557081804807416,0.00012016230889366909,0.4687498123782768,0.06055324343695115,0.0005423809452209906,0.045783471200892566,0.002682547753461709,0.0008463496614924237,0.002443549140542533,0.26270766512619387,2,0
0.21904455163604922,0.0024781915792878185,0.038701894863219934,0.008280143547918171,0.030588228697146086,0.6727341464155456,0.005932982279335254,0.0016899070570910567,0.0032469883826286555,0.017302965541778223,5,0
0.8140660270263351,0.0010232972024225367,0.17627660637145415,0.0009148940240851849,0.002454879930438898,0.002768767386606208,1.987357837973136e-05,0.0004689409003082106,0.0009807881520371505,0.0010259254279328623,0,0
0.33665451799293566,0.0009130395397732116,0.002650028524220098,0.005758726262567922,0.003845966607421356,0.018393120703596118,0.002751550345626734,0.49070432828236865,2.1270807726454262e-05,0.13830745093376381,7,0
0.39351003574231164,0.0034594742464343427,0.01525247707671438,0.22612438251451433,0.09793944026224717,0.031489893647660167,0.00123314660121624,0.009999329752201259,3.813485470244623e-05,0.22095368530199808,0,0
0.1375907002618087,0.006875354192392713,0.11702395883952561,0.1446472467017672,0.02290203974483581,0.5192368694250014,0.005302480982937768,0.0011367702539840045,0.0009175074105401983,0.04436707218720675,5,0
0.337496079189299,0.0030005045682771664,0.020179873774784293,0.01968773954756111,0.04545684413209331,0.5404138722566917,0.004591867028125137,0.0006029115403725149,0.0008146343506686543,0.027755673612127094,5,0
0.04442488510679744,0.00012064207852744178,0.0005404467612174823,0.00033581206484416287,0.00024461978816930864,0.0022117602376197764,0.0009264189126312811,0.9433491781190345,4.741246236937344e-06,0.007841495684921712,7,0
0.6880777616788738,0.00544520576909211,0.03429242414077381,0.019641587346555866,0.013333661761817987,0.18157956526016883,0.0007271129002146315,0.0032471260816329026,0.000533591398978158,0.053121963661891855,0,0
0.09933086515046187,0.0021942081663784713,0.010136291857729952,0.01332323046281024,0.5124887952910431,0.2893017038319046,0.03697756645102468,0.0064158600085000295,0.00024924597171731885,0.029582232808429663,4,0
0.031267730528836066,6.374425222564325e-05,0.46404862886829157,0.20490190776077258,0.003231246687619311,0.22702514547983377,0.0006677849525598882,0.000199232771740748,0.0019435840628333344,0.0666509946352871,2,0
0.17432595048698712,0.0036973714533888877,0.7645299052516161,0.004075862905929284,0.002121654367884361,0.014849071859984526,4.791304284502651e-05,0.004009048642307609,0.026221168935341745,0.0061220530537151995,2,0
0.688868465712776,0.0014487360829204064,0.08699451541170278,0.007792771332091015,0.004290355794386189,0.1350867295620931,0.0037957730064958,0.008865906200241646,0.015364979505548921,0.04749176739174432,0,0
0.29693840605449007,0.002375490910907849,0.3103061703437421,0.006889949989531316,0.004422888738090137,0.24758550506843435,0.0032337967140568164,0.018726816086170973,0.0014009031183853963,0.10812007297619113,2,0
0.02129074756583711,0.0002583778832226676,0.0804418513189455,0.07188095482601994,0.014347750354052592,0.1769460179259366,0.003463511632037163,0.026021487217528692,0.0004362044814861248,0.6049130967949337,9,0
0.8268645680555765,0.00022330813152787065,0.009849604800292067,0.0009030463150255063,0.0007505198740142239,0.010492479733692002,0.0023338536605945633,0.13855656691146012,0.0015445676577803993,0.008481484860036446,0,0
0.1663361565434635,0.0024447596067244163,0.32194807150280186,0.3933026661911415,0.004206287239004096,0.09757175409913296,0.00017036226016450666,0.0007789226654373363,0.004102338320051471,0.009138681572078316,3,0
0.2931864205590713,0.0001450337367522439,0.048015622120768,0.0036121173146153648,0.004128440147366773,0.12967476254525043,0.012609131601608198,0.314008758465919,3.949467345417062e-05,0.19458021883519466,7,0
0.6216712566131155,0.0007179909863363491,0.017729322502483772,0.007196221464969633,0.002529882962515835,0.06560167891039537,0.016743833168380892,0.23911483235255782,0.0004252714125465059,0.028269709626698426,0,0
0.2774701051553661,0.0449514879621102,0.4817520455094608,0.021850038123516456,0.005725601350348938,0.14129191911274566,5.128044423764166e-05,0.0006668959743616317,0.021311730940688382,0.004928895427164234,2,0
0.834726436020739,0.001713455687889037,0.016148179661255913,0.01805126390710876,0.014723970743112208,0.05882676455772877,0.0003293005090970086,0.0008978842489898548,0.0017477438816036921,0.052835000782475744,0,0
0.788873236867951,0.00023720931945814318,0.0051974621380584405,0.018143405794543488,0.014909461604225828,0.011321225405116268,0.0070494273757767244,0.11342225437316122,0.00036852666174925456,0.04047779045995967,0,0
0.24439500615589288,0.00731050881951254,0.010712711966938945,0.3850353137268572,0.12898632946848393,0.05162298006535147,0.0024962575558610273,0.017319489708342378,0.000734351144747256,0.15138705138801226,3,0
0.8197595019322542,0.00020178541818175906,0.014942150718867283,0.0010139559463248835,0.0003446891994590287,0.03438838400514851,0.0030614889316298768,0.08121198125374363,0.0011090122088656996,0.04396705038552512,0,0
0.8391144048335818,0.000216137820701139,0.0018475639377516203,0.0003010464659526159,0.0005882224566025212,0.007450648638766718,0.0012368627503482467,0.14188661162192895,9.765999702815472e-05,0.007260841477338309,0,0
0.15714549690910648,0.08057731927972923,0.4590368984018929,0.05758323417206575,0.05088735375521213,0.17566635732680347,0.00018947391239676289,0.00030384492263956864,0.011908300696188895,0.006701720623964702,2,0
0.7396940020295125,3.112202089738739e-05,0.0014169424973022597,0.00012299589004910057,3.086116029747527e-05,0.002848029262081194,0.00010142211932002983,0.2511597981499486,0.0015186416272992655,0.0030761852432918957,0,0
0.2352727921655885,0.08491229522740748,0.6539133927028717,0.010083525547614311,0.0020832844907587474,0.003390368465561772,1.3661048304096632e-05,3.3896648266537485e-05,0.008525431628326946,0.0017713520752999084,2,0
0.13159320790794538,0.00017169208522961398,0.375019144234707,0.13875410552522408,0.006787646886883375,0.30408487082484353,0.0008945040829117198,0.0008464992607632377,0.00019142394472612876,0.041656905246766,2,0
0.8316261140540605,0.00026073330160901497,0.0050926617480872485,0.0026535408969607915,0.0005717600302635852,0.018581276445003275,0.004823979915247295,0.08316973174131065,6.82605497399833e-05,0.05315194131771772,0,0
0.1638813392386115,0.00886083654843019,0.23540547117579486,0.046136642955658703,0.034903936161517754,0.4962439195471651,0.0001718337503756566,0.0003573587676498648,0.002924483668660091,0.011114178186136242,5,0
0.29331224825916413,0.0005682315023115503,0.010884472746825271,0.02259585891241533,0.01816864830216913,0.6127583355523288,0.005999120509433274,0.002907269307451455,0.005553398621064136,0.027252416286836917,5,0
0.5368232674310889,0.0048676558641228,0.1948793317830631,0.03351389270349799,0.010789377122213138,0.16600905923902537,0.0014911959009985304,0.012201616836161982,0.004075109117427254,0.035349494002401005,0,0
0.9062476976386455,0.0025452249500192564,0.018501407688686727,0.0007418477201968626,0.001709059993292352,0.03295804003590431,0.0014986207846492238,0.024488229935429824,0.0028493687570232866,0.008460502496152914,0,0
0.3348399371756743,0.00131187543486048,0.3359475339362828,0.10257817111244846,0.0016268038616745583,0.1905347695831345,0.0010204084389686082,0.0027212693275048467,0.0004951971567680946,0.028924033972683262,2,0
0.13609766111209684,0.04204737960850266,0.5337307977744483,0.014067405739561466,0.10702463303239397,0.14858253114041234,0.00024443574846286426,2.7536534923811435e-05,0.01685860771152464,0.0013190115976729933,2,0
0.11213490645991664,0.02898100952582979,0.5781170048164653,0.0463613127729555,0.04670370895218798,0.17510631744077976,0.003759387618326001,7.185654024612839e-05,0.007932101981874095,0.0008323938914188756,2,0
0.17905661569343076,0.007925569916023481,0.5936919112747803,0.08461438206642552,0.009638129438134087,0.11080311662589545,0.000563256313008744,0.00024424217013812097,0.006693544833451296,0.006769231668712206,2,0
0.19865719225444772,0.3149151498490363,0.42938228964938774,0.037326919296608,0.006035759101275023,0.00881326210248104,1.3520991270863315e-05,0.00010718604736610385,0.003965063223971086,0.0007836574841562186,2,0
0.40469227457292833,9.148061803508847e-06,0.00030549000651870805,9.125574990150589e-05,1.9669688174135296e-05,0.002432047887326038,3.6158650163175395e-05,0.5892005030645117,1.4638937142591824e-05,0.0031988133815304327,7,0
0.1063685310263611,2.0785072382550066e-05,0.003106907547202052,0.002793151745033484,0.0016169407398928665,0.03248910313588817,0.013073690850732629,0.08163590957484237,0.00016372302966555918,0.7587312572779993,9,0
0.7989834676622332,0.0003322666403766595,0.06997194912380536,0.0006537538196337155,0.00046072159603339417,0.020298741170285014,0.0026257192750930637,0.08041069712121321,0.009618141896525021,0.01664454169480136,0,0
0.15144761490433795,0.0010779422339645174,0.21076182251186928,0.2541176348145315,0.013572196269538955,0.30343522828320557,0.007677035358001561,0.02337225744189604,0.00969585153699045,0.024842416645664323,5,0
0.438598429326564,6.042880556233014e-05,0.023330529275427975,0.004786941999798525,0.0001442538997537943,0.02129931026567132,0.0013862513958219581,0.48896134989840007,0.0016129626148208773,0.01981954251817904,7,0
0.8325520653215869,0.004599270179780615,0.007713172412298316,0.002061774790383309,0.0039560656653459475,0.03172113518575954,0.006050313206260264,0.0933387307028707,0.0006676071078775989,0.017339865427836935,0,0
0.014321776927404592,0.002024202453463235,0.18453805745010973,0.42027380150670923,0.000951793127661112,0.3554249917703381,0.0021874308459655057,0.0006143888860386257,0.014467289778173414,0.005196267254136498,3,0
0.030731489937018464,0.0009488696176931551,0.02722178965456045,0.0015585874359455368,0.07373180083525048,0.8578155690634378,0.004076887346040201,0.00017109020419109986,3.148466593386976e-05,0.003712431239928849,5,0
0.09538702634778062,0.01151403951348582,0.044711490650778604,0.003548510151985362,0.024481227344404444,0.7285686105324376,0.0030258932089043495,0.0006285858266808194,0.020906329863787078,0.0672282865597553,5,0
0.6095239964512672,0.29707795394696723,0.06313889462778237,0.007402487001901322,0.0056616882037878145,0.011470403325013614,0.0005416110195098101,1.6847556802848165e-05,0.0044014191754913005,0.0007646986914765811,0,0
0.25341280773944075,0.001155680399514425,0.0172348484940207,0.013401110027416403,0.04450227454370194,0.32804229912073013,0.11851619074966394,0.036635357054086416,0.00023657609381383518,0.18686285577761166,5,0
0.17241562432223467,0.0029091885860190146,0.5301206915467522,0.0738307201167067,0.06696376809266026,0.13960357537831622,0.0020769231017166716,0.0001934018964205457,0.0017346093149626363,0.010151497644210947,2,0
0.4151364767029043,0.0001596636252625514,0.002850567682617839,0.0047373701848784375,0.0004765186868881677,0.017871322658944044,0.0025521356870653942,0.5006959989894074,1.416323510822637e-05,0.055505782546923656,7,0
0.3591179654760311,0.008539974003606478,0.010039970314711282,0.0080113154706731,0.005943873586667243,0.5125832586183271,0.0033470623764325826,0.06521415533873193,0.0011436519934736847,0.026058772821345572,5,0
0.7824777275693554,0.0007232059504059809,0.01741743960846231,0.006737194955024707,0.007447076441255203,0.09022850304836899,0.00360321750141063,0.05094370526825687,0.02573423334269105,0.01468769631476893,0,0
0.37773075295657615,0.002880394937818542,0.0278085369765605,0.003241315047774445,0.012406568185912568,0.383148986439631,0.00047299562519031383,0.0007437188800682082,0.003912268121019654,0.18765446282944875,5,0
0.6892479139400054,0.0002711437727664549,0.10641816572299326,0.0045063828880910605,0.0010319315240625245,0.07810109594173494,0.00013468969665248655,0.011199083794966303,0.004370329672489919,0.10471926304623778,0,0
0.24901261125152963,0.001002955773531711,0.016276035330383562,0.008651373937636389,0.05076912328073113,0.14303661786588265,0.00031717409674100576,0.0010836624856274592,0.00041965153552760577,0.529430794442409,9,0
0.12362436771172108,0.009020992505486991,0.21196008295684704,0.008052499015686615,0.0008515292111228284,0.05002321405982463,7.011524351466336e-05,0.0004969540963027835,0.5940164896733348,0.0018837555261586236,8,0
0.1653573239993536,0.002081978829055001,0.3117032544036138,0.14112371719335046,0.03160787091734766,0.33279334820436723,0.00031402336785647485,0.00015072441641669076,0.010137738631861315,0.00473002003677789,5,0
0.46401740524240187,0.07802466257037763,0.25736720322667966,0.050378181728801964,0.010347137849622795,0.1243696676273448,8.413247040818883e-05,0.00035162891218798074,0.00875261788450164,0.006307362487673467,0,0
0.8464600600648979,1.360458474612116e-05,0.0018848802983142533,0.003966157098793398,0.00024523231870720577,0.003594614208095457,0.007443523556691832,0.06096577148746865,0.00017378057353767857,0.07525237580874729,0,0
0.8653850841953967,0.028810954020084694,0.03990595810046384,0.019432030201460886,0.0032806295900813425,0.03637813652088809,0.0003575520780040185,0.0006236626780630783,0.0018944449818700897,0.003931547633687201,0,0
0.8618493535636815,0.004185049078496546,0.11855714373424182,0.00173012023383188,0.002639400346239908,0.0038148114513121356,1.9255067301084523e-05,0.00047758437974184726,0.0037782632829336986,0.0029490188622196176,0,0
0.06960203054110452,0.005436375180475577,0.003605881477165254,0.010672716766917233,0.587878113716675,0.04815897287767139,0.01906857494486575,0.1981861471479073,9.851812947873402e-05,0.057292669217739366,4,0
0.30571819844730697,0.0007272952096807365,0.005470533725101184,0.024114831387595636,0.022294902535316276,0.1051220572310031,0.006230038608228114,0.011103394936901722,0.0016833602260609595,0.5175353876928054,9,0
0.16418096390234743,0.05409038806566036,0.6456416370992004,0.016424605611177187,0.019483507157245956,0.07678555388910546,7.825699327923273e-05,4.5781525592214466e-05,0.0199241728440423,0.0033451329123496383,2,0
0.7137894097257632,0.0023637876367360983,0.03855705889660202,0.01779067512496167,0.0072439776596342105,0.10208844257470276,0.02461437130557158,0.015233876477784083,0.007914588319992736,0.07040381227825167,0,0
0.1006281631782174,0.4301705333944293,0.37428117667177224,0.0017722432119198278,0.006248428003761927,0.06045309021771135,0.00016808592867722228,0.0006388157144999128,0.024785437768186577,0.0008540259108243167,1,0
0.38204113907551196,0.08053565537935424,0.3273797497755105,0.16301392947188031,0.006089702971165065,0.034244304601942485,6.49838556823111e-05,0.0002664034039207341,0.002830825812558183,0.003533305652474379,0,0
0.1400249558183173,0.0052800167879330315,0.22378750070164424,0.0035863073907347032,0.006235841097748799,0.6112490928287488,0.00014137210120765344,0.00013362429888191175,0.00824558931441531,0.001315699660368093,5,0
0.45837367083099856,6.523388752834399e-06,0.005059200805966625,0.004340261842446589,0.0004429791414513248,0.016315794834503516,0.0024870051631767347,0.3150010999432755,6.991369544541727e-05,0.19790355035398294,0,0
0.5485626549326855,0.0068301433778159,0.17980696617542463,0.05594381907468762,0.017760338043472323,0.07450884999333929,0.00019949844534552445,0.0007414868989163311,0.0023602533718635184,0.11328598968644928,0,0
0.15068511936120527,0.00010088841145014338,0.004662878298963941,0.007674632448353907,0.0014211638088036673,0.012383378141155477,0.0005901631375748385,0.0010343968766644306,0.00011850470886002645,0.8213288748069684,9,0
0.9339137169273576,0.0005740002983476879,0.01779372351957452,0.0005727296083214277,0.0014836766173129197,0.014126166538802196,0.0006077455263642137,0.02601610960647772,0.0015896987254302958,0.0033224326320114923,0,0
0.3688926916795366,0.0012872063913227907,0.28959558470318,0.008180792815229345,0.007638839275640808,0.28005905716174434,5.3943419249600994e-05,0.0008867549996239041,0.016820506174388784,0.026584623380083737,0,0
0.169825805365723,0.6965267839848216,0.03421006351576358,0.036220154977798596,0.010369961017872263,0.03258648079936796,0.0006693728345525657,4.8896595014753384e-05,0.0015042592482198845,0.01803822166086579,1,0
0.5027654555118019,0.01296956338460551,0.31316785553265114,0.016788372852624082,0.002231389617392281,0.12315971355207697,7.168891209413123e-05,0.00019580889590980729,0.025406313182254475,0.0032438385585897827,0,0
0.34902926523347416,0.004301347238151703,0.14122255163509595,0.041870800003271584,0.03644616167316627,0.4114496949182377,0.00019805039127025135,0.0003722430149158294,0.006954703321103786,0.008155182571312838,5,0
0.5339622055293636,0.0035890432468122305,0.2535895808388665,0.002579763621659594,0.003952940324104643,0.16297519054191453,0.0013641377395418152,0.0026802249146511627,0.029406652685626332,0.005900260557459635,0,0
0.19255269374617368,0.004555067199176122,0.10375416788848087,0.6786030795235912,0.004109354753232306,0.007995017742485327,4.0246436874175474e-05,4.097709056276763e-05,0.002401598876007685,0.005947796743416022,3,0
0.18725485274465276,0.0003323015040449344,0.7152524071346318,0.012277540405213797,0.0005284970939202126,0.05613353990229553,0.0017765081808718982,0.003171245791183614,0.0005337058231178897,0.02273940142006769,2,0
0.4987419497012884,0.0001564129954662199,0.015414930489791626,0.017524595884503627,0.04100270902142425,0.055995148877774986,0.01091959955292455,0.04841838396817929,0.00020356995880842324,0.3116226995498387,0,0
0.8516970487961162,0.00017140580108645798,0.0061880565208993,0.0007365798275568927,0.0008322956459595311,0.009283618178365236,0.001722259843875147,0.11920399498742476,0.0020318741425119657,0.008132866256204414,0,0
0.17452943288172598,0.015007168001105273,0.5908292932913257,0.006215378715278021,0.01945361590229531,0.18160575812262092,4.29867615840071e-05,4.385878284782597e-05,0.011382285143002942,0.0008902223982139598,2,0
0.7432113820279325,0.00012439846613310484,0.012697357827435808,0.005786642674925332,0.003914605331974585,0.14974117080527483,0.0034085098336475643,0.05379691838229688,0.004097424129264046,0.023221590521115477,0,0
0.06308886426890671,0.016680694311189563,0.5960757439114048,0.005481439491106447,0.013412111211639106,0.21034003605361645,0.000922479108782313,1.708107460003845e-05,0.09367965742008892,0.00030189314866555916,2,0
0.6449520639111591,0.0030822827118343345,0.0011089812510170771,0.00045714635347313994,0.0029044444221421484,0.017640482865454547,0.028983101987488408,0.2698243032832874,1.5022171127001749e-05,0.031032171043017007,0,0
0.20339483049733542,0.047162774740676004,0.48997439640535856,0.19760402695071616,0.01240119640115004,0.03510809310288933,5.5522416654116605e-05,0.0002081900035517896,0.00384188368283317,0.01024908579883551,2,0
0.8423631737456201,0.04451389478530979,0.06374977358349304,0.008392313861869527,0.002455374923432386,0.026066748997717624,2.3831161592544805e-05,0.0006110136442723296,0.009430392148136168,0.0023934831485565512,0,0
0.16757572441223742,0.0026591097405831493,0.38214200568711937,0.1425783103858788,0.000794183411362101,0.19814180131533804,0.0014558510544802777,0.0011658254000318853,0.06063492063070676,0.042852267962262304,2,0
0.341980256998894,0.019273696369557877,0.0810546254802214,0.02392959539845265,0.009273944366822523,0.4335833880756872,0.006642723721757353,0.04507261055818447,0.004458403924219519,0.034730755106203035,5,0
0.4280719928024029,0.008004911165093725,0.4333873535126404,0.008793223546400096,0.0007778200425168589,0.07300482193662688,0.0003526159931621506,0.0005372676514089354,0.03497671438984616,0.012093278959902046,2,0
0.755610686164534,0.026585478002468688,0.06566403493973057,0.07475931579620063,0.005011289471448443,0.03277790095935171,4.598117451824936e-05,0.0005035462906119204,0.03177861659420467,0.007263150606931248,0,0
0.7492428814611238,0.046513351794482946,0.09881562665288117,0.004542251798099572,0.003503247923497999,0.07419828533874491,0.00016611809446497166,0.0011833738730732933,0.012414562952157003,0.009420300111474302,0,0
0.7056021099881653,0.03834284424292728,0.1429953461898445,0.05017343428519713,0.018656093617884926,0.027459008412197967,5.4293826701845255e-05,0.00021068619513398408,0.002378225224540128,0.01412795801740679,0,0
0.8754287961359545,0.00012124012645876043,0.001377183809545806,0.0006729848194569615,0.0002852037812335137,0.0029313835330918945,0.0018616611968759876,0.1029134890214208,0.0002614092215394905,0.01414664835442248,0,0
0.33852546368848946,0.08433240076265955,0.2184465189342015,0.05256747093596763,0.12120821145735236,0.16642281424312638,0.01002234151118588,0.00020818993217167815,0.006747109739321286,0.0015194787955241647,0,0
0.3668113200836502,0.00015381384337614742,0.010130791777889126,0.021081355653215055,0.010273286008118688,0.0722050954721982,0.0018363993614482527,0.010346369135172406,0.0005291273157005708,0.5066324413492314,9,0
0.05102863794453226,0.006953480716785299,0.32980446886247106,0.003708356914188347,0.02179035049603357,0.5733266533013174,0.002545136610203294,6.618061408173154e-05,0.010117677976899025,0.0006590565634879203,5,0
0.47775034071078926,0.0007397165441345245,0.0096251433617933,0.0013399222667495206,0.001111326298585847,0.015120065237981158,0.0015822948213331154,0.4802415800275912,0.0018546328633940348,0.010634977867647999,7,0
0.2049283448501774,0.0012139841836703474,0.0027329877366328685,0.0016970672712586915,0.004625228501714376,0.05190422387675923,0.004106259600650695,0.7196145205370681,0.0003208511771435588,0.008856532264924813,7,0
0.9024110013854973,0.0007684784134431214,0.006383334466357575,0.003495671786777267,0.0015688113184781536,0.02283700627853968,0.0010712679479438505,0.023793418345236267,0.0028153462367951003,0.034855663820931596,0,0
0.5684002789292253,0.0012187294518522364,0.04546544073213503,0.03651858774336356,0.002955890450920435,0.2980326910579408,0.005439194815167355,0.005992498589990074,0.002630938173437113,0.03334575005596807,0,0
0.7362982493901908,0.00045941095297144464,0.004640956445731682,0.013358628391631827,0.006018359594672868,0.020607813141907197,0.008240884563624314,0.14937546500443627,0.0008301520565644052,0.0601700804582692,0,0
0.3753831151101979,0.07172530266912365,0.40962294072675987,0.023456770867509608,0.0040507300484706665,0.10345147842921143,5.3751494343929155e-05,0.00014045522915617824,0.006787052999165955,0.005328402426060773,2,0
0.13090800690141288,0.002892199976604747,0.3660919102287452,0.006923068552114738,0.07126562324273115,0.41705173236021337,0.00027755614419569633,3.214765454679168e-05,0.0027705963142316188,0.001787158625203713,5,0
0.5159609217332605,0.0014169955525814024,0.00589304726989606,0.0036000951807360687,0.0015597011614568172,0.029403676770415645,0.004946342560146906,0.3991654637984998,0.0016810935462693688,0.036372662426737416,0,0
0.5207302942463792,0.0011118723750010572,0.0036472819960307445,0.007309933258406811,0.0011627612746899782,0.011099739367941052,0.000438119853975211,0.0031393270868241385,0.00032029737332068663,0.45104037316743123,0,0
0.2875116878658391,0.0025111565146620383,0.0164010639878939,0.0008833901225752156,0.009488127461565429,0.43958837420944163,0.05177025993847444,0.13817708963809577,0.0004498687531286386,0.05321898150832379,5,0
0.49928726431861314,0.01316286003480616,0.333911780790402,0.04646986134145959,0.00977263546096228,0.0691771412920136,0.00035040569354920746,0.002231292877877228,0.012346538043669536,0.013290220146647318,0,0
0.13804515940211018,0.007744067068601786,0.7345980043754188,0.056136533237804306,0.0033688956977517307,0.045509830854502,4.391549957440985e-05,0.0001684779960322147,0.011211915855563767,0.0031732000126408868,2,0
0.02740382184412469,0.0007300220503150519,0.7913136394620545,0.09045829393178953,0.0010703830500222431,0.05261205612077295,0.0010885984095717939,0.00026402787654575613,0.0005235836493261379,0.03453557360547757,2,0
0.8888232313228525,4.75716607368618e-06,0.008381087263091853,0.0005486517133439055,0.0016443199263196967,0.019055807369470948,0.005270954145472487,0.066337039562827,0.0015571470790130138,0.00837700445153474,0,0
0.31641415278462415,0.009624017189358309,0.058866295566625565,0.02090060013542335,0.008161298232869652,0.500803119768564,0.001539706044286995,0.04640179063779689,0.0018222143753974193,0.035466805265053726,5,0
0.12898780602841475,0.003913828924754343,0.0021190925999850945,0.006776311817444638,0.01948637351786947,0.0317303248385859,0.007732957994354722,0.773545459423171,5.401296731840619e-06,0.025702443558688403,7,0
0.03186769376961516,0.002643342795340178,0.017788869885421728,0.0017847704094450165,0.09927964902323662,0.8265119435098436,0.005912778842500483,0.0013067491808791119,0.00040937632668220487,0.012494826257035933,5,0
0.5529032934683006,0.00154090523338184,0.040922591364742605,0.026097240752403546,0.04131811752268597,0.32349150912027586,0.0037730997150187415,0.002387066490942802,0.0031490120215675642,0.00441716431068055,0,0
0.36988298736903197,0.00023978077133256212,0.008227268688006571,0.1249713424013357,0.14663533135203327,0.09578279187939576,0.023512011448871432,0.008974877333398468,0.00016853464970314856,0.2216050741068911,0,0
0.7253133328869178,0.014042747024485937,0.07333919294242375,0.0047622958007141804,0.013103103280716719,0.15008227939777774,0.0006598845190513852,0.009432105091771678,0.004108813410617079,0.0051562456455238595,0,0
0.22052550479366495,0.012136449492822167,0.14068955260264393,0.3698551674540095,0.0295238844983087,0.20819150311397833,0.00365265812163334,0.001723666280537608,0.0019009733474713263,0.011800640294930123,3,0
0.6841145971177081,0.014559765028878334,0.09607542731134144,0.13340657424588293,0.013064669121510315,0.04371017271689873,0.00012576625687574694,0.00021292531083128097,0.0073233940329339815,0.007406708857139323,0,0
0.4116787923477143,0.0007150861094353917,0.11776021698748523,0.009543451269374857,0.012038738706753429,0.4169737185975251,0.0003517984871843691,0.000840976885365041,0.011942356192501063,0.018154864416661302,5,0
0.4297543509497011,0.009969748046198823,0.23666352924110032,0.027897204327072822,0.011715771247773062,0.2523630015414311,0.0006635219842197858,0.0017519604450015743,0.01915487195868431,0.010066040258817114,0,0
0.14052980050726455,0.0012509628235682058,0.2459683262843865,0.03665147062051438,0.006483509329675002,0.5145539493391376,0.0021843452594053746,0.008750796341544345,0.0036067943192948726,0.04002004517520935,5,0
0.05043346251738647,0.0020104232603079843,0.08463207944403572,0.7858700491784709,0.0029824574439154795,0.049697012995289655,0.0022946544818687577,0.0005488417329310747,0.0007770588000017706,0.020753960145792068,3,0
0.8617891979199267,0.0014506090544342321,0.005036378933960467,0.0015634051856426366,0.00413579411742474,0.0071441160134125305,0.004010387117332733,0.09556403826766124,9.50399601539574e-05,0.01921103343005076,0,0
0.10717744229860611,0.029093763575706564,0.7702490332899665,0.02304214990552902,0.017398837443375892,0.04470524843233256,0.00034336891336621305,1.8619727675960855e-05,0.007505829859179221,0.00046570655426203804,2,0
0.11131757910516275,0.00031206028155784,0.0030006556871418595,0.03202517886318002,0.00982492298410382,0.0620292052802868,0.050846423688797535,0.6752213524927744,2.2887225772779324e-05,0.05539973439122224,7,0
0.09442708669260289,0.0032950471197135435,0.5592361941025566,0.007267902580697692,0.014386421953807968,0.30616457552410825,0.0005040993778859398,3.726874215135403e-05,0.01393457602459483,0.0007468278818810311,2,0
0.49870998918289183,0.0007989970689966654,0.022372347893854228,0.03257185783534166,0.05829751322852447,0.07952518168049831,0.0008810382535685611,0.00034100393404822737,0.0030046145571487526,0.30349745636512737,0,0
0.05957759099257238,0.014107238528275008,0.7264393560314844,0.014737930849782803,0.003899664096726188,0.1284451217909271,0.00023141965584718156,0.00039275651898816426,0.05047005923742742,0.0016988622979694026,2,0
0.1359588748958076,0.00040524076135404986,0.001771680793145381,0.00030783969652511825,0.001437837210907077,0.056570336556454576,0.02212462076567623,0.7714069507097591,1.4807328625975926e-05,0.010001811281744922,7,0
0.1845055430291762,0.0017745191455789727,0.10379228913560351,0.4293052557160178,0.020527682327204602,0.07249119020235957,0.0007523214927010107,0.0009653711245163836,0.00028611363176766515,0.18559971419507432,3,0
0.4456498852168411,0.000797139069975495,0.0033400112482391657,0.020950075402539806,0.024026433602563572,0.03842451176296636,0.020313460787139193,0.3657291445603544,6.748552528172088e-05,0.08070185282409915,0,0
0.32490034048208044,0.010935471440899147,0.3811782661500628,0.1496566872552917,0.03282011432729832,0.06601379045218343,0.0011475795241173996,0.000268674420968829,0.03239977156803314,0.000679304379064676,2,0
0.5049142765169382,0.011287406096091775,0.1310663334104776,0.018779179474627483,0.0736432851389408,0.24254857520378445,0.0009132432770327188,0.00016040993506665922,0.0021074319234836796,0.014579859023556624,0,0
0.8453789632830814,8.762228831191773e-06,0.002554578898658536,0.0005826253067601321,0.0004653438940927404,0.022704929323759462,0.002061563903454789,0.06934110648112729,3.426151600512452e-05,0.05686786516422923,0,0
0.8374468138766987,0.0009410435148787594,0.021779334192838777,0.002704640062719405,0.006620069873773557,0.10429852726795336,0.0018438503922092089,0.01343904508845795,0.002157398717171035,0.008769277013299374,0,0
0.22883294730635273,0.01878498539069978,0.7104558926465913,0.008748754391519308,0.0010346923311462457,0.01740422480049254,4.548892416247123e-05,0.00010294240613590157,0.013678996019278146,0.000911075783621666,2,0
0.16595614425561772,0.0009862335975037067,0.608588078884988,0.11004130019253024,0.017172395945880523,0.06332136762277689,0.00034705584399159436,0.00014087553629073458,0.0007450840551068872,0.03270146406531369,2,0
0.7574992203176798,0.019214800592371656,0.008126973303783074,0.024469750784546,0.02307871853715854,0.03588186446961317,0.006831505243927241,0.09757500834640302,0.0009096644262608056,0.026412493978256575,0,0
0.4034596924117933,0.009840276303853372,0.04872066814732711,0.05636809536209316,0.04367399468289205,0.400354498504579,0.0034347679171503327,0.012132843548682815,0.0003517554129443557,0.021663407708684558,0,0
0.8258765602547261,0.0002718442115063651,0.012934612210037033,0.000567253539550028,0.0034412939672861164,0.11526821330012649,0.009558771044844054,0.022355186447069693,0.0024854205622671776,0.007240844462587199,0,0
0.6345887044869002,0.000894636180627247,0.01181524634193705,0.0044957406100115905,0.001919073824785151,0.057993535219030015,0.007852493039711517,0.25921487507128005,0.0035316220327577578,0.01769407319295952,0,0
0.173512092915062,1.4441798631028803e-05,0.0019951113169623547,0.0010201693901507303,0.0020147826937083465,0.03557702840607692,0.0026984672946966286,0.6217094850224251,6.361799279465802e-05,0.16139480316949226,7,0
0.29798644826051074,0.004348382996207313,0.4019911841246757,0.035907783490649485,0.012921380078506132,0.22980849966904837,0.000493835345000632,0.0003569571966747236,0.005391783891141658,0.01079374494758529,2,0
0.03281553993234536,0.00011187500115110948,0.9580200785314036,0.00025516862691536257,9.487505747792513e-05,0.004756770583868538,8.960490747079811e-06,9.771822179921014e-05,0.0012928247307505455,0.002546188823541402,2,0
0.39503944739993385,1.3606108131400762e-05,0.0003060678264022535,0.0012204776397272436,0.0004340979294104986,0.011272344759957987,0.001402325246829773,0.5846619602847066,5.810973455430336e-06,0.0056438618314450404,7,0
0.479491922014169,0.0034418888654009824,0.010640715565080255,0.22874303835497595,0.047441571202862666,0.11888502436587887,0.007037426881706481,0.037507342321156975,0.00034015566223000724,0.06647091476653881,0,0
0.8054314695111668,0.0031607628842996154,0.022900603207244893,0.0018425351566401682,0.008220941198233193,0.08282900560550266,0.0012864465831667685,0.0033434234319281294,0.017429845399757636,0.05355496702205992,0,0
0.20477059723325602,0.0008342947139544066,0.0034536425841293203,0.046599032038532884,0.027651830791505343,0.029665566243856165,0.07518187615096739,0.21191530253251256,2.176355678130699e-05,0.3999060941545046,9,0
0.6348528876876832,0.0022690828004552003,0.007705052012501187,0.0006523001233149157,0.0048107005391963475,0.19438660823941323,0.00237322431874523,0.143216137341605,0.00161086830512677,0.008123138631958786,0,0
0.3239256314858715,0.008278684524101926,0.3862051502422234,0.14638558027689064,0.0108032578781823,0.053756591264730764,0.00020918912008018525,0.000768798065376049,0.0011259378721268404,0.06854117927041635,2,0
0.2847079128109925,0.00504926451531287,0.10502194393900305,0.029447465625341084,0.014143824239559587,0.20614620740478137,0.0007466376009206224,0.007770499704862732,0.0010448334525292545,0.3459214107066969,9,0
0.13916583303113636,0.22056041716164793,0.538420602825018,0.07560227600171389,0.013526427979901815,0.009989714604439124,3.7875552274903454e-05,2.466323223187779e-05,0.0014158262567273902,0.0012563633549088136,2,0
0.3507484269293587,8.340614119016258e-05,0.0029286777176737635,0.026183838200539454,0.01167288338040368,0.004534972277296149,0.0023853474551745408,0.059692480551956126,0.00018520777458991294,0.5415847595718174,9,0
0.4334865353096978,0.0068595739604749946,0.14376618339233,0.028734942897504515,0.04491114128673705,0.321935124818645,0.005328777917007257,0.0006826154463686138,0.00691810339751662,0.007377001573718197,0,0
0.41236919479815837,0.0010835332516883041,0.018272110350496883,0.040280108463666246,0.038336304605193966,0.19939160447726448,0.0023387273038034647,0.006554590055573602,0.0007332861992596598,0.28064054049489495,0,0
0.012860155911739871,0.0002699931087034557,0.5108627625699236,0.04991379342560172,0.0005184630686723061,0.4037116351989114,0.000746286383355043,0.0005761730098104615,0.010925281973608926,0.009615455349673247,2,0
0.13553544466343942,0.001102697437093627,0.007395557890504438,0.0036170068780240435,0.001049062691290655,0.026941657463145134,0.001182233703978299,0.7979132648217474,4.5938434296650915e-05,0.02521713601648044,7,0
0.5329599218113117,0.00010174290342339294,0.14685159772230133,0.007430459055488548,0.0007554502241580061,0.08581184465801545,0.00138111568529278,0.07948965411808234,0.007328406558287232,0.13788980726363925,0,0
0.8396390925709287,0.036713496527787666,0.0680434789717366,0.012702448633526549,0.006528465571696807,0.025834913851799354,3.761026315940689e-05,0.00041776586435604546,0.007152475901397644,0.0029302518436111463,0,0
0.1492464573537667,0.0071646715444977594,0.7341608143166053,0.03302336775192687,0.006721837599955802,0.060977158026411245,7.648764043492863e-05,0.00011770923123070688,0.0015620980794092303,0.006949398455761403,2,0
0.11283918212018253,0.0033934154455336316,0.7783918151136068,0.04903086094722222,0.01010697557855571,0.0391669200734912,0.0002493968084018097,5.5057050483534215e-05,0.0034820480238357343,0.003284328838686738,2,0
0.34078562490004444,0.024834701499141222,0.19196849006815644,0.0075317155757248615,0.0012919607496530872,0.06827787877911101,2.3938294214545485e-05,0.0002987345045703081,0.36202241055950163,0.002964545069882374,8,0
0.49975749648111,0.11092047532939382,0.17028698803945383,0.08375783560679524,0.011112219341179744,0.09339045447873061,0.0010329523133650374,0.002000340018754056,0.0024618570813550204,0.025279381309862615,0,0
0.276451821565692,0.028921416005763638,0.5601712655170166,0.0029325772120960057,0.02211284359602663,0.10343486131812452,3.9698494452797755e-05,3.6524966528061577e-05,0.005144058965453005,0.000754932358846762,2,0
0.05067311628807626,0.001048446646913465,0.021454337280540477,0.00506738092814043,0.0037235411205459,0.03595663968212671,0.00033497642122670083,0.0003988646269023113,0.8802758409037219,0.0010668561018061028,8,0
0.0531442742461057,0.0006105393812408356,0.031535561752845644,0.00814626979383518,0.10968704024573302,0.46256859862693844,0.00601796306897151,0.016634965169258203,0.0005075875518583661,0.3111472001632131,5,0
0.7015520755723137,0.0004676822721812182,0.009719084318946301,0.00258982411453912,0.0014682908456014549,0.07178250353993251,0.014983014707205724,0.16989624254517266,0.0012964912587062054,0.026244790825401335,0,0
0.04909642284009105,0.0015850061446268174,0.009774667679696399,0.003047694258471588,0.025111816261482303,0.8899342737659456,0.016586278443934045,0.0006009673970184543,0.0019954821871097927,0.0022673910216237983,5,0
0.16719965871093861,0.025322083631403258,0.5758949527306182,0.1316477111372479,0.0088506186473311,0.08206651461881478,0.00045988254516242237,0.0001632565217481298,0.0012234358952825078,0.007171885561452953,2,0
0.12810736269107295,0.0011864354005459651,0.6621247892799471,0.0671296559376697,0.0013778628482211553,0.12085002119507801,0.0007828424237964577,0.0002323315936656346,0.0009555052025347181,0.017253193427468443,2,0
0.03986035156669233,7.628819784571934e-06,0.001191494800242208,0.0014163840245551627,0.00010808921843117125,0.005477964343390523,0.005095714117293316,0.92787314908083,4.522753638695267e-06,0.018964701275141986,7,0
0.3817005030772645,0.014428666052342092,0.44152459730829263,0.0299571216833878,0.027563354378605805,0.10064419361132218,0.0004770933798988869,2.752986609175097e-05,0.0022576314197438464,0.001419309223050461,2,0
0.6656774052886025,0.0037590152558723646,0.021436594928503,0.006873614428646533,0.0022319590435913384,0.10282107531245803,0.006439407927063136,0.16866807738498515,0.0015963169675919132,0.020496533462685998,0,0
0.596343585459501,0.02288004795700843,0.20061946520194873,0.012322186008080348,0.0034106504676894318,0.10535925062328384,0.00017185371426846457,0.007691638343425659,0.030673098239420035,0.020528223985373996,0,0
0.05278780858538288,0.00011185993616250831,0.0032812058490729328,0.009712837086752727,0.0053681810794826154,0.023983900718113856,0.07011136067682883,0.4017225682522069,4.411730057344891e-06,0.43291586608593935,9,0
0.8388032916204217,0.0018703205813230008,0.055711075870921375,0.003672539449412972,0.002765973715663349,0.08439192219807523,0.0008149627098860384,0.0038513341102591695,0.002048226761268523,0.006070352982768687,0,0
0.2690279600226255,0.00029035840831759013,0.04606647985929573,0.005683849765647953,0.0011423313776140027,0.06736648840449164,0.0025310703962257556,0.25176334774651704,0.00021465326201436906,0.3559134607572504,9,0
0.7994813322092542,0.0043657029233925854,0.029610950447245172,0.03487678743425499,0.039936745073483146,0.06883903351631454,0.0011352814925992178,0.00019911192133212526,0.001633305720493822,0.01992174926163038,0,0
0.28061558311584467,0.0001789623975697092,0.013677875319585413,0.0017350511198029705,0.000757604652875436,0.015650833901741355,0.0017703598822847082,0.6729285632160495,0.0037064528005475526,0.00897871359369859,7,0
0.18451389845886723,0.0013054048885222053,0.024124148197378428,0.02979017483208991,0.010223991816429169,0.57165342063409,0.005845320321225465,0.1008883055110745,0.006588955683775956,0.06506637965654731,5,0
0.18025115178045617,0.004059300276903828,0.6783030857745331,0.07227694698340474,0.010857909802827113,0.042355754930765745,0.0001378158673817089,9.845889093120935e-05,0.0036648746873090285,0.007994701005487406,2,0
0.16935986827513216,0.014238743986509338,0.40752340611366106,0.0017134278092001203,0.06337085591382158,0.33804162174272767,0.0001327344861817401,8.633155282772724e-05,0.004646941297487843,0.0008860688224507214,2,0
0.010557016822355856,1.207483335177951e-05,0.006459153141295076,0.013042416057460088,0.00021393444621881303,0.010166643170500742,0.0021328582809737387,0.022775218402610868,0.0008837582827563438,0.9337569265624768,9,0
0.3746133205170671,0.006003537417784786,0.00865517631288327,0.2893478632895912,0.12898120826440157,0.05554314917136072,0.0009559700540233597,0.0024296829054180702,0.0008274460287591232,0.13264264603871073,0,0
0.2226863030700117,0.0030660737033121463,0.12010386040979508,0.6146835391903502,0.006798018127221807,0.012688621790722977,0.0001071786274959747,0.00024161104572887395,0.018477624040699105,0.0011471699946621079,3,0
0.16281665691180439,0.024207520550495423,0.7433726098733278,0.02552270880344161,0.004387017064998427,0.024491389537105997,4.212403854284911e-05,0.0002698247930911767,0.004612635857776718,0.010277512569415765,2,0
0.698224159144186,0.0010749030440356635,0.04129905186231686,0.0024083788677965994,0.0014354452446206096,0.024901796001185195,0.001381863433942675,0.121214917382924,0.09409662515797285,0.01396285986101934,0,0
0.47629910229288536,0.01235561712426801,0.2757230043977642,0.007555874012709043,0.0037048248048898516,0.17113917686191293,0.00021548107700046832,0.0031933220055616104,0.012116776185408209,0.03769682123760043,0,0
0.58866021675345,0.007661688969799837,0.0220055435540008,0.056996602992806365,0.1637069982231665,0.1484685873753525,0.00417191548585511,0.0023002115180346004,0.001095596699966622,0.0049326384275677594,0,0
0.148312607287981,0.0035327069469303675,0.5869783606572615,0.027567244946557132,0.011528074183923369,0.1749267680930045,0.000824474368822165,0.0008838830152918206,0.0017823480325101163,0.04366353246771811,2,0
0.16741263151026414,0.06577413481160672,0.650467480401892,0.0043293410938662884,0.0031867710583818837,0.07785874836489058,0.0001225151739054911,1.3797975462327461e-05,0.030670137491705055,0.00016444211802564958,2,0
0.5432706599282375,0.006096532465732003,0.004208599506804962,0.04663401273047289,0.17276607609937472,0.03806831868956965,0.031242430597878595,0.11572511569675936,0.00027676269188354856,0.0417114915932867,0,0
0.486753666787298,0.00029024992117166864,0.005167476442765179,0.08794709928850863,0.16347375369610895,0.06682710774338989,0.04724011620738415,0.007452491903857339,0.00037010321848530536,0.134477934791031,0,0
0.04046948781862544,0.011233180180320169,0.9322381571472093,0.0032695339624924983,0.0019059053674295723,0.007100395013324315,2.0707425859973638e-05,5.195378240081277e-05,0.0014727401716855585,0.002237939130652234,2,0
0.4547775043365798,0.01419291159743545,0.09085578856866439,0.009607621159743486,0.005603481488716274,0.38958895663004933,0.004009865518295498,0.0006895802505239444,0.021222090728421142,0.009452199721570806,0,0
0.2504013574600127,0.005268111996374427,0.2790165468049138,0.26952896524132897,0.005009940654580199,0.05211313299791209,0.0003453868396416349,0.0005588815974649805,0.0015614075894159589,0.13619626881835523,2,0
0.20135689582622304,0.023042102324172076,0.19046976694144574,0.02535739100272731,0.02688226960043929,0.5113585354921786,0.0012299268874784144,0.0006071317801015795,0.01712598793995934,0.0025699922052746906,5,0
0.07007891883049674,0.01481464985848803,0.7571634431284825,0.002233791497376418,0.07175421373975524,0.07590243521588652,0.0001062053666816691,3.6359337851941256e-05,0.0073915468907797405,0.000518436134201308,2,0
0.1255552633896278,0.015314391145705899,0.6073442806486146,0.0027804807889473294,0.043765225124991466,0.19923253228030907,0.0001418161972831678,0.00012330409329227305,0.0054546783059131404,0.0002880280253152533,2,0
0.11382543963810156,0.0015865115037842462,0.5740192654412224,0.13976817843657188,0.001909196234905779,0.15537245143644793,0.0009846455555761202,0.00024227797134828826,0.006218522000050092,0.006073511781991992,2,0
0.33418214336508595,0.0013608019255820832,0.009896449903560423,0.001674755704509461,0.0021776053107929734,0.08419502096666728,0.0033897636108255196,0.5313391780554932,0.0003884155042938477,0.03139586565318938,7,0
0.028130066673165546,0.00019521801721461964,0.8592973763065824,0.04041390643296522,0.0004902629634400051,0.05536712682902915,0.002122427763616931,0.00014955993322987598,0.0014133093565515966,0.012420745724204495,2,0
0.36801737483150293,0.004108552261963173,0.15393207618248597,0.003135316154103133,0.006900855012023717,0.39587718414368483,0.0005355397991500606,0.0002736620645109764,0.06491238990837613,0.002307049642199215,5,0
0.07938375830062022,0.011972302058190309,0.8448557397378812,0.015460751943265579,0.0018719447738045829,0.038254099842311595,7.411531552663499e-05,0.00013307136656961192,0.0028829557160386537,0.005111260945791644,2,0
0.11034085469021238,0.0004187919375006437,0.6498076368195987,0.09020462100014666,0.0007775856501483621,0.07234499941588446,0.0028049518731328438,0.0002879974040756297,0.0006779141332898807,0.07233464707601046,2,0
0.0614698278389899,9.636008936196934e-05,0.07882856679040783,0.16736390507145893,0.2570694792439349,0.344355523602381,0.01129056848874424,0.004049284564942875,4.6513835971782595e-05,0.07542997047380684,5,0
0.05481103840820048,0.0001090123792910574,0.02361204708914205,0.031521787770459934,0.0009191598250939734,0.015665262936578127,0.0005484451406627678,0.00030826533551862217,4.342341312678717e-05,0.8724615577019261,9,0
0.7827796838737368,0.00011460899411638318,0.0073132305129939065,0.004336954954614195,0.006222078025227444,0.021505135115388332,0.0033733616234766966,0.14074425857330009,0.00019752072208697785,0.033413167605059066,0,0
0.7736136460029789,0.001965792525568483,0.009623722849721688,0.006604754446830159,0.003048879742982596,0.03936465282651106,0.0036105800105601547,0.09659642524799913,0.00010609712716375832,0.06546544921968406,0,0
0.5604991576762596,0.005641167792761494,0.00671305293862694,0.018085228820231017,0.0021493454132569495,0.028411970209987397,3.3654713786764924e-05,0.003664578205864219,0.0012478377439111988,0.37355400648531445,0,0
0.637897471746308,0.0001839187887412624,0.03553052851097508,0.0012728537880813194,0.0007268193426082605,0.02456128918329091,0.0021454577586742744,0.19402024943494023,0.00196050093102303,0.1017009105153577,0,0
0.07885308629803342,0.001431947486468662,0.43560483194951494,0.013153488397623411,0.023416261143306593,0.43414582482224273,0.00030464546712052714,0.00011087048104017793,0.003930904304484677,0.009048139650164735,2,0
0.5674772525586627,1.3349000087312634e-05,0.0014907487576235928,0.011969953244712738,0.0006068524184416149,0.0088871165365501,0.02038950259482742,0.1542609969990896,2.708753872848147e-05,0.2348771403512766,0,0
0.6232260953350001,0.0005545655739843513,0.004567884283353281,0.012937203477443699,0.014097950083816578,0.031693809644539245,0.004253126890849956,0.0020652106131596295,0.0015194067080929637,0.3050847473897603,0,0
0.16999783307456334,0.012178715249636348,0.16731994085411342,0.027184459200956808,0.015539517517786525,0.5934688496307413,0.00018172191386816734,0.00015752996523267222,0.002096474795926867,0.011874957797174606,5,0
0.2130185980697204,2.6290940539599034e-05,0.0029709737125686677,0.0001828974062152391,0.0004697203975332117,0.00872912021651594,0.0015280445013325199,0.7611335849279555,1.1484767190033509e-05,0.01192928506042908,7,0
0.34043084759338693,0.0003513623252955936,0.006894743500131505,0.10630568024079096,0.028014433986096487,0.023712105296139034,0.004692397075275464,0.0996361817611483,0.0004137105068762411,0.38954853771485953,9,0
0.123307796626296,0.0009997327549291497,0.630365519086487,0.013497753704554364,0.0027058403734245167,0.1880254950650733,0.00021434476282289366,3.680951293678239e-05,0.036666689780550106,0.004180018332925794,2,0
0.4450498888442832,0.0029277726473956656,0.12098468685004503,0.08145790832720667,0.03640050509643595,0.2963252890655838,0.0018047136867491145,0.00020068761025967402,0.0034523495176479752,0.011396198354392999,0,0
0.12633504878481208,0.0007335403600312414,0.004573000797463369,0.003452464368865441,0.18866169507050817,0.08685018737882282,0.010219163745576531,0.0026821056886470393,0.0018630538841523047,0.5746297399211211,9,0
0.5292115351730668,0.00011550323246563268,0.0022461579098326735,0.007988016174273267,0.0015447058004736016,0.014590312839381645,0.0017632335261108917,0.40578493302508584,0.00010783282374865344,0.03664776949556099,0,0
0.05072716146676879,0.001786412339538326,0.8747831716969083,0.014330439479740486,0.006517226561007896,0.046230638420317924,0.00010778724251691023,4.4443959675636153e-05,0.001922485411818324,0.003550233421707467,2,0
0.20706636125762867,0.11621230056429734,0.4379551979573476,0.18724172969564612,0.013722237409297523,0.030474556082375908,0.001841332406655446,0.00011884050345893958,0.0019872421812714837,0.0033802019420208474,2,0
0.014258475359051101,0.0006649653830116343,0.013787440307731911,0.14940045138137956,0.133959954521342,0.13181142553407452,0.23437416378390122,0.059979837976737733,3.3720408255863356e-05,0.2617295653445144,9,0
0.38089753568492957,0.029408814105805023,0.4255071736439056,0.0015531429652682824,0.017525580322825564,0.1421329754392567,4.088551454685632e-05,0.00012354507526530782,0.0021757553386438605,0.0006345919095533337,2,0
0.2326064568282536,0.007061243644569534,0.18292110575285178,0.0072418985720584615,0.022260373856025414,0.46463363449286643,0.00030507135676342313,0.0010050261285279901,0.07816654454392383,0.0037986448241595573,5,0
0.1475167828727995,4.513649862747521e-05,0.027112987342183967,0.03839162667208257,0.0046350662994028985,0.037703540891895926,0.004230924079969176,0.00015046494973254608,2.6417944053556325e-05,0.7401870524492523,9,0
0.14454153705230685,0.0005134418763231135,0.03833986747086867,0.012204804545145033,0.010221410174478831,0.06506817442881058,0.006941313592583995,0.19832061383843605,0.0002331612505681253,0.5236156757704787,9,0
0.04568614230004352,0.011670975471503933,0.6992420320056418,0.021061745592976265,0.0062378510946528125,0.17484307880163108,2.829126700221871e-05,0.0008609115407946943,0.03566506435839467,0.004703907567358801,2,0
0.22930093506866078,0.012674221090622204,0.3941228340641303,0.03537719096447788,0.008704305445262637,0.30567361415388783,0.0005535067939258659,0.00039318901828571057,0.0058750267949283525,0.007325176605818466,2,0
0.6117607880984466,0.0006011350636897733,0.015873536280525537,0.009107377668754952,0.006486139018765947,0.04300219212302949,0.013002821990693969,0.2187197597150478,0.00025831455643006044,0.08118793548461603,0,0
0.6182657170981024,0.00017192179423804015,0.0058658218760931895,0.0007777831454530209,0.0009633392246624051,0.012267617907969243,0.0015913162672341703,0.33821885373865934,0.0002151026092339225,0.02166252633835429,0,0
0.5300585737060679,0.00370719251484875,0.04161965848362089,0.008894032893261126,0.015653019978931097,0.31103274018947746,0.01229434950033913,0.012919614376257781,0.007892036290133603,0.05592878206706241,0,0
0.3131208241288934,0.0017469095104738787,0.17023756005673518,0.005375582481861742,0.0014959219920410898,0.44614353150634295,0.004262026161655857,0.03319684019226617,0.0010979673557493521,0.02332283661398048,5,0
0.25940968868050024,0.01714943174587211,0.49008820759248206,0.010217086568367017,0.008722987995283751,0.19029161366793712,0.0002520542390240537,0.0001496530767063413,0.01433730799787121,0.009381968435956239,2,0
0.23704377808124366,0.0001922478917213745,0.4300461743283311,0.06516504237017057,0.0020803894928730026,0.2071560972694555,0.004121396755517565,0.0016265786266021188,0.0009119129020598426,0.051656382282025314,2,0
0.8297093320546648,3.7080479937322297e-05,0.005567199361839302,0.002566365122407756,0.015267918693898591,0.022101006862435837,0.006737754096935209,0.05734866137224616,0.00015375081274781403,0.06051093114288742,0,0
0.5911520716504165,0.004080004247015205,0.21336061438222922,0.010928168629249758,0.0063675313421879785,0.1323226803835683,0.00045069515226993736,0.003994170752519836,0.011641422066690827,0.025702641393852158,0,0
0.41190184104413263,0.004684794202041227,0.23203479758023718,0.07760547908497369,0.00961124749480599,0.21918429101550038,0.0018796451322384074,0.01890797094317265,0.0037294021870801523,0.020460531315817786,0,0
0.05305377788287789,0.008446926730708595,0.07220041428484043,0.0026085404826035937,0.30199946555676377,0.5435693203178222,0.01163049508603359,0.00018632443104151113,0.0016459666446758093,0.004658768582632765,5,0
0.5953269098385698,0.00013365061270584772,0.0025614455592709293,0.004622299013627873,0.004482678782807377,0.03872329037936236,0.005481794967444922,0.2823056597115706,7.035525499375162e-05,0.06629191587964638,0,0
0.33488299945193517,0.00018499330981094913,0.003577553817294175,0.11091130213137461,0.040842193393862955,0.01810749729176677,0.015031386655710589,0.09256492883394978,0.0002783903430295968,0.38361875477126556,9,0
0.857603478179082,3.8998455460683886e-05,0.0048423042811711475,0.0016109805418495328,0.00036329541539696224,0.007066758468708087,0.00149943245418086,0.11752135320185385,0.0005204681113348433,0.00893293089096208,0,0
0.707919128046401,0.00011122753864464485,0.012497535048652648,0.0007614627923952133,0.0025050704695651987,0.015328959554536425,0.0008188796105275248,0.2511998219258002,0.0026357849059449067,0.006222130107532339,0,0
0.08848965353895702,0.000571955157534615,0.43314553127481137,0.0036841999077734462,0.006566515045147403,0.4287840048710718,0.0012020268342851743,0.014440975039629196,0.012713753349883254,0.010401384980906777,2,0
0.7492023728330629,0.006810335942882845,0.005191811632287155,0.02833701429662042,0.051996388817905845,0.03285020314639396,0.013056350243730221,0.09533710290520547,0.001061980675683223,0.016156439506227825,0,0
0.13811799191960505,0.0002899607449748123,0.0030762616290204857,0.0012772072690422276,0.0010659676375290533,0.017508359896291556,0.0021257843344945973,0.8202420462113734,0.0005732048327929584,0.01572321552487594,7,0
0.15233388423222413,0.0240362762796914,0.5820976362405511,0.17067378078273074,0.005398400566182649,0.05024291279080427,3.872191913864942e-05,0.000185212889096633,0.01016320514719412,0.0048299691523863994,2,0
0.48392557859792223,0.0003468318875486015,0.01130471212284015,0.03091617141161417,0.01415417293915888,0.1596690258735344,0.0007386329932683333,0.000598227458911059,0.000693261411799681,0.29765338530340263,0,0
0.4633910282743479,0.0026524802546878104,0.05321190680367538,0.004461152911570195,0.005919899757210095,0.41459777981134893,0.00714384389516313,0.031116003250082066,0.005337966663319494,0.01216793837859499,0,0
0.8934373709874545,0.0006297250407620104,0.00768534768543764,0.00209489768559852,0.004671021581656178,0.018488853064804325,0.004092461359260038,0.051216824798237984,0.004680467733897849,0.013003030062891106,0,0
0.2809401455993172,0.007708161732952702,0.6027233669965988,0.020130734548031055,0.0009806839156355086,0.024060998491802044,9.197107321196532e-05,0.0002562613314379779,0.0015650595244256179,0.06154261678658716,2,0
0.0963358620254675,0.014186244196481696,0.6344735924369068,0.012443002469744325,0.04857909639562924,0.17516313634834146,0.0006474973932025075,2.1194642042370198e-05,0.017962633881999257,0.0001877402101849213,2,0
0.06758789385686247,5.8714432508146994e-05,0.04779403088755181,0.35917134997187494,0.07257365843309871,0.32130782587504425,0.01845951108396536,0.002635207633742127,3.59231138101299e-05,0.11037588471154214,3,0
0.1911904196838886,1.7394149184516025e-05,0.004756611566073574,0.0008819430878617743,0.0007718518757743947,0.008381302365588417,0.001336357454994775,0.7697722956230426,9.171682906136741e-05,0.022800107364529823,7,0
0.4395879561278829,0.00104767984968959,0.013056277833638375,0.1947083159020745,0.06098495139503477,0.12152668432599135,0.017347810378168696,0.002167220691661245,0.001220408976311477,0.14835269451954705,0,0
0.8559547689420597,9.84359375231157e-05,0.005571274992667688,0.0019185049208089002,0.00045882328862706595,0.014956099801724219,0.005875401175238936,0.04377537830051631,0.0004704705415304824,0.07092084209930373,0,0
0.548277217701678,0.013792582359555772,0.2520345790290104,0.03064695142803526,0.03740003556987332,0.1093577677615891,0.0014422436458133045,0.000619053072138363,0.0030721485610555837,0.0033574208712508777,0,0
0.7184556923602583,0.014639568851924828,0.15066422459156414,0.00442664581467798,0.002274250380811285,0.07491559048455623,0.0007114172569835761,0.004220817657418186,0.013214434523122438,0.016477358078683117,0,0
0.18495016895335847,0.012870659007915095,0.014471066009500651,0.0026797962770505304,0.5969765329127471,0.17311066675584585,0.010342242868341884,6.172191812297099e-05,0.00048500311694425253,0.004052142180172971,4,0
0.8078635776559139,0.00037229680929441657,0.009862784608273611,0.016493270860382957,0.00907905373123127,0.039333889456229565,0.004287453500365462,0.038859305119906366,0.0005825161430599457,0.07326585211534269,0,0
0.39269157221899076,0.015384641799025803,0.3030891737140359,0.004350973188650602,0.010849455201552163,0.10834168707181552,0.0006247925777539377,2.3002998719926662e-05,0.164232063110412,0.0004126381190434994,0,0
0.762557038986538,0.001973176643838714,0.0631643845240877,0.008317677551237064,0.0010662285383758977,0.05043680902203555,0.0003424874015405669,0.07319265903525814,0.002990905564231392,0.03595863273285692,0,0
0.15750141735333953,0.0008002662630223684,0.5677591295268161,0.011026137067437141,0.00045824615866078713,0.1931710693915843,0.00018535712252122408,0.004273943072561908,0.003273243051074867,0.061551190992981994,2,0
0.4940806355324696,0.0022639092351738367,0.08789676358599949,0.014030583842466715,0.011153446300903801,0.3419182609131971,9.255240248123705e-05,0.0028075944822724803,0.001785235991070629,0.043971017713965124,0,0
0.04290326680320511,0.0021132787601712308,0.029862947389176955,0.007581030863652145,0.07604564713391905,0.8230637349573179,0.0058029314856339635,0.0001922860050129399,3.390873134863659e-05,0.01240096787056211,5,0
0.42098471788246195,0.0018530548054417437,0.033249251633333615,0.3294184442948424,0.009219532022954243,0.035059426277823796,0.0029355725773918097,0.05552258623849221,0.00027093966532113053,0.11148647460193706,0,0
0.5476252240638717,0.007378543166263787,0.17031752914042864,0.00787801751067917,0.0015327547052819334,0.05741239499398344,0.00011642953123042734,0.0011275337046709245,0.19977813095238467,0.006833442231205257,0,0
0.1521013804751675,0.002911115998705075,0.4670453811513649,0.0071267377944230215,0.011254463710914564,0.35459441619007226,9.027472044212482e-05,3.267446716705123e-05,0.0037311081236462685,0.0011124473680970816,2,0
0.20082402147613312,0.000877545515406272,0.6161370335643781,0.0017921912708536276,0.0014538533192550813,0.14413067257200426,0.00031121373761050145,0.006697764215756212,0.017306986450095065,0.010468717878507719,2,0
0.03816455037874728,0.0032119481704620065,0.9144995465217155,0.0015070549438385423,0.005185148747493263,0.0322738050474387,0.00011103434829518595,1.0433495128348208e-05,0.0037791718775300235,0.0012573064693511893,2,0
0.13523992849559863,0.017404553858003425,0.7253802071533823,0.0025628108171547085,0.018207779955932868,0.09962821981113999,2.343176528648359e-05,2.063014568699172e-05,0.001339521818548365,0.00019291617926645504,2,0
0.11461496684538591,0.0006275717056514116,0.22827265612222153,0.012822920153943177,0.02045103410892768,0.28691380102559205,0.002877034002810189,0.0030469416863308455,0.002136021044806891,0.32823705330433045,9,0
0.8803795772580174,0.00034634905013923123,0.04235913124274175,0.001065588467031398,0.0008132907786354503,0.022090664861697248,0.0014494648614628964,0.025737966956526553,0.002894939567223722,0.02286302695652441,0,0
0.543128685929893,8.324292876424781e-05,0.22349415260097222,0.005308241677257396,0.0032888640336769873,0.10623426755452063,0.0007132308534587935,0.006820520644875547,0.0033022565704483335,0.10762653720613279,0,0
0.21987191909455195,0.004652783043686684,0.21887844234060874,0.013760917036401133,0.015457611771120434,0.49809728871748876,0.0003008920052519828,0.00017365643418821571,0.02472406347134182,0.0040824260853600195,5,0
0.6354825092776346,0.005322295722501376,0.030641274698689838,0.010648078288916316,0.0033345205039021454,0.025297006029809374,0.0002741967813555154,0.009447392060913253,0.0006646917074988069,0.27888803492877884,0,0
0.5321247741924814,0.00037149815474200437,0.033617093143425404,0.20107560100263572,0.038087129754088275,0.12350658791924121,0.0018695526715870542,0.001372655527283319,0.0006489110485532606,0.06732619658596252,0,0
0.8137158063192458,6.16215767829202e-06,0.004824269103992451,0.002511147483051383,0.00029729601495660383,0.01095913241082651,0.004304507613709743,0.11921183922789624,0.0003253177927454918,0.04384452187589754,0,0
0.8990795388220051,0.0002058599041161226,0.005526776745045507,0.0012382822726763353,0.002265378446633056,0.04453191747402287,0.0017345766262589224,0.026842677478718727,0.0009228374151170504,0.017652154815406492,0,0
0.25896876467094226,0.02143065350144747,0.10362993689914257,0.13668692743573538,0.3777027768035729,0.08198584268387246,0.0006873885291533823,0.0005135237734357135,0.0009761295692141778,0.017418056133483708,4,0
0.4224025525989014,2.3681216862887195e-05,0.00515987450684335,0.0029563348311467566,0.0018498534133149112,0.033665677856156,0.009037333859200589,0.36017615398045,1.543286033353362e-05,0.16471310487679058,0,0
0.5967268333854543,0.0007223728667466299,0.0022728370238056794,0.005046967902970786,0.0036518710772272837,0.009981649659984965,0.0005920860638086388,0.3480859310779815,1.0574287913632069e-05,0.03290887665410655,0,0
0.8412062196037042,9.004738748608936e-05,0.0005004015832713771,0.000236684769601346,2.130986767036948e-05,0.001342485368945727,3.708815628491734e-05,0.15250462664434353,3.197330289882942e-05,0.00402916331579329,0,0
0.20036885492881873,0.013619816955676326,0.3876530686477041,0.035363249713034686,0.015672091033314746,0.31609180031652473,0.00013449845357232587,0.0010769368429388504,0.0210214053281813,0.008998277780234275,2,0
0.3115077666989252,0.014429919623934459,0.5118786625776143,0.011445564056718836,0.007454947670793176,0.13165347973116281,7.191650178427111e-05,9.494474670629282e-05,0.004861015467616319,0.006601782924744514,2,0
0.11015180753294795,0.009436207450770135,0.3767846018598678,0.07726890594980335,0.07184844080907958,0.34682231475006453,0.0007118678204780732,0.00013117524416571646,0.002069577209883826,0.004775101372939337,2,0
0.06584694586877099,0.0001702203484854667,0.01464719870356087,0.07131044283397356,0.09260861624916727,0.01792086771260235,0.014290454928552491,0.05027170437255492,1.574862607194041e-05,0.6729178003562603,9,0
0.06132747410468384,3.305559617620715e-05,0.005038498645230701,0.002328837808989886,0.0020960567547624103,0.039655160248278955,0.0030041145229815214,0.8482132042705279,3.0025098810955343e-05,0.03827357294955748,7,0
0.8054864892341281,0.0009304480177381593,0.0022804273335763434,0.0019832815818793675,0.0008801041407224452,0.058987085092565644,0.003925304953389236,0.11321815487801505,0.00020369316317995847,0.012105011604805612,0,0
0.29951073692653996,0.0022739943306026014,0.022559872066239682,0.011755083860806655,0.008857873943588099,0.2047181248173877,0.0013177732881239114,0.01193479735241228,0.0008821363528110334,0.4361896070614882,9,0
0.394953735954673,0.004219532661907702,0.1761672084577922,0.005806377328280961,0.007411030662311656,0.35374685914165294,0.0014697705185862625,0.0017705568303273689,0.011741225719343206,0.04271370272512492,0,0
0.7125504344630427,0.004676724687882036,0.03287981726292337,0.006497793059470165,0.00929010757351054,0.0916490558535471,0.005487660387798015,0.09783703554507267,0.004486063157973793,0.03464530800877972,0,0
0.5522077716599715,0.0012468421491677753,0.08167022952547423,0.015410841367716581,0.0013848072495182048,0.07106387895736765,0.0011641743026569664,0.04286675151166286,0.003752818341049107,0.22923188493541521,0,0
0.3524670775842806,0.0016087040983499123,0.015829935374668824,0.0024519381416120024,0.013296525183391588,0.29310133032354935,0.11385112776405062,0.16088079103134983,0.0009902319694288237,0.04552233852931841,0,0
0.07984563452924126,0.007428734368700904,0.795616847028028,0.07921104192451517,0.009303211463606555,0.020262974226548235,0.00018518983770285364,2.9805946267280502e-05,0.0028445097347974033,0.005272050940592235,2,0
0.6020101286193487,0.007416868886398385,0.09056946453361285,0.0010837871321656475,0.005552638543636376,0.21278207752984055,6.340492360205813e-05,0.00039784853877149445,0.07981274034872428,0.0003110409438998699,0,0
0.5729520173486546,0.00034969056991421884,0.07118403309692549,0.059764943075053326,0.024342070865514005,0.20548430414205038,0.0008394564141678196,0.0022198275363912593,0.0019471593246388143,0.06091649762669012,0,0
0.6888847192351338,0.0008952862650690109,0.05796570656768033,0.00437823219002134,0.0026478591473423057,0.19521748584675894,0.0006272384447619775,0.01612875153094158,0.011370773337848446,0.021883947434442098,0,0
0.36423593350554967,7.393488761620586e-05,0.29161372674717284,0.003490209022437001,0.000765341353458467,0.26902726590356035,0.0006225554256565286,0.01694825982847101,0.004936896339966937,0.048285876986111115,0,0
0.24093568060124368,0.0008909398078152594,0.006180944129224884,0.0021372907319914484,0.12311540464617933,0.5143371129844467,0.016984728361201382,0.006918874591202922,0.0004166439934247977,0.08808238015326955,5,0
0.8787919135962698,1.681693920673432e-05,0.0035509660266737323,0.0003215415274809126,0.000619918484735851,0.012433948621661577,0.0023761124548212485,0.05032995500952387,3.382694253866667e-05,0.05152500039708755,0,0
0.6478454998063231,0.0014705913041511312,0.04387539658811103,0.01746913509912268,0.007920637274083141,0.1330287361455866,0.007723009909057805,0.07534963278955062,0.00032735911833281105,0.064990001965681,0,0
0.8142084333487504,0.0007399058218303807,0.024557693518275248,0.001148104332582052,0.007443571368941642,0.11070880694513019,0.0013530015750883807,0.01125716231345688,0.010922240012144212,0.017661080763800782,0,0
0.8739341169225576,0.0006047509144302477,0.01724835136935568,0.008959298940569167,0.005266140580648113,0.033798644557642886,0.0015480385881494222,0.005210930609426801,0.0033306852864862548,0.05009904223073376,0,0
0.21683163096096505,0.04533080556010851,0.272105109025266,0.011092230892395066,0.012452837319099398,0.42577413615095666,0.00012371047721660512,0.00024588284728199495,0.012122070224556764,0.003921586542153946,5,0
0.7072363762222411,0.0026500390408850144,0.11203543861687776,0.02061084089201298,0.0016361387670504783,0.10751949155251617,0.0002825261946585107,0.004539355453878671,0.02725095670896409,0.01623883655091553,0,0
0.2485719590526399,0.00014331263773869273,0.044994688410721705,0.03423118435935661,0.0025639843752601936,0.0353082554549716,0.008257478951302275,0.01542915178497187,0.000241917181851637,0.6102580677911856,9,0
0.5299126803108228,0.0035799373949719,0.08471995174984029,0.005678437158557191,0.004827240232397761,0.3238863930257064,0.00020079073558921962,0.0009330945412746333,0.03766590674566799,0.00859556810517188,0,0
0.3689356393695031,0.0051409336708705435,0.06467484329246032,0.009071249954407848,0.024876106276963367,0.48259981976803545,0.0022956363089069055,0.0008852416202087849,0.004705110766575758,0.036815418972068116,5,0
0.8094165717604702,0.0005715653292464272,0.027215730216376785,0.008894127090638323,0.0036053301706881202,0.08884076791278711,0.005964794163019396,0.032912082304099186,0.0011301839078128395,0.02144884714486161,0,0
0.5115867298208301,0.00033449240897000276,0.3537546285999799,0.0030490406666069093,0.006388372789751433,0.027832416148128477,0.0004054873481209077,0.04397697982336516,0.035187558025418515,0.017484294368828555,0,0
0.02897100861860672,0.003301026992253636,0.11555878639490474,0.0022095144096390172,0.3257749218111351,0.5126983402644215,0.0038187169132525203,3.85002952365984e-05,0.0009986146322846152,0.006630569668265467,5,0
0.6255669955049394,0.0001638097579361481,0.006998470285329532,0.0064757270971503335,0.0009249142442511254,0.013668835786594629,0.009014360902035718,0.1374364256557184,0.001514145667388238,0.1982363150986566,0,0
0.6773381966027804,0.011248982997407377,0.047089270617249296,0.16522907821881846,0.03491550901101952,0.047706847195128375,0.00037415999877614094,0.003623062978804408,0.002308060942750866,0.010166831437265038,0,0
0.9040175118813595,0.00031359352716677023,0.028707846430952373,0.0021031025259458614,0.000911056010614038,0.034802031078890204,0.0008156097134036813,0.0085788218104807,0.004131201673617878,0.015619225347568905,0,0
0.17876469703574677,0.001856451778107351,0.003535352364116984,0.005403848867120205,0.006869239790455486,0.01806242227992707,0.001832578775992916,0.1380632836922945,0.00012811262715802337,0.6454840127890806,9,0
0.8971568580606136,0.0005278111493146397,0.018613728576426118,0.00022032516309241024,0.0029845081399605855,0.037946302909679354,0.0009778489409052317,0.019036532271642707,0.005237994568707934,0.01729809021965736,0,0
0.04944496811720803,0.0025183180284080496,0.39136619904250347,0.05094242901518381,0.03463775548553588,0.45129560584375983,0.002278513193003281,0.0001168558072748498,0.0167320280198739,0.0006673274472489533,5,0
0.5482045861638816,8.299895808941601e-05,0.1553873707857912,0.015058757669201258,0.00047647873548147787,0.16994886678746174,0.002825987529396938,0.03334233901508604,0.0027407566990174975,0.07193185765659299,0,0
0.47464548095915726,0.010747745708311105,0.3758971214063825,0.002829840634396811,0.0033596342173742113,0.10496935235776013,0.000469837063903054,0.0006817021710334085,0.017714850477482166,0.008684435004199378,0,0
0.6627765755287303,0.0017422129063338104,0.012023329088855547,0.006457566661178327,0.07079540135494242,0.19606914901444397,0.01694801319789252,0.009613246371629119,0.0018727210000584553,0.021701784875935548,0,0
0.3361714278322655,0.004441846227651883,0.0759820665326976,0.15057176059157973,0.04475858966956247,0.3626958360943232,0.0002237993053755433,0.0001116833141098727,0.007998613674886638,0.017044376757547677,5,0
0.10829061718972412,0.0035437898963632513,0.11214524664545314,0.004362674199877903,0.05341813832249158,0.7101313091405337,0.0003367959634070124,5.5241081997553565e-05,0.0034191111591606463,0.004297076400991233,5,0
0.11744799474589154,0.007132298011542894,0.01881840754571255,0.004230886796853482,0.127683076303491,0.5357300810834946,0.08952113092855946,0.02629038994756417,0.0005813107800603891,0.07256442385682983,5,0
0.36757411770779946,0.0008716006740649796,0.04342088759912597,0.007253559907098689,0.0053727505347453035,0.5205589928397213,0.0012359546973102439,0.005309041255795824,0.008840080501916502,0.03956301428242161,5,0
0.2120224404521302,0.002386148481854103,0.6477307397161598,0.015292675254223492,0.022921221867804983,0.06276149256368094,6.370741503554309e-05,0.000115915419615649,0.0028930913800916734,0.03381256744940374,2,0
0.6299921464855379,0.00757233649308333,0.24797456796775477,0.002441903027621924,0.0013165459497776826,0.06582710808527548,0.0002988506818983212,0.0019454820651647387,0.02041209193962663,0.022218967304259075,0,0
0.84022593246931,9.6207946093561e-06,0.004672110936829978,0.005696324078367244,0.0012346337811625294,0.021530885619537272,0.001965732078194454,0.09116959255913279,0.0003808351074229091,0.03311433257543339,0,0
0.0954344177898049,0.014556270372825506,0.09987515167617579,0.01237651621511198,0.010596444734180525,0.028009849596124452,0.0005520310052485467,0.0018117742574434168,0.003260662661980494,0.7335268816911044,9,0
0.8058777028846713,0.00031075004221841,0.004931628309819455,0.0031878101824470186,0.0014095947760337187,0.004228408965149667,0.0023652888426355864,0.10238332374864134,1.796428332749459e-05,0.07528752796505615,0,0
0.46945273703991947,0.006670386375903482,0.02519531638568677,0.011072917047133257,0.008121553957132896,0.2908537220337056,0.002020875949397827,0.009766931860398825,0.0006158032872929964,0.17622975606342878,0,0
0.07441332018952673,0.042647490667720576,0.6454405472780139,0.01768028391505712,0.011393483666111452,0.11585222173725872,0.0021226934090619034,0.00042600741840765954,0.08688904235279252,0.003134909366049474,2,0
0.15650657755218483,0.000479250565146437,0.32934663943934506,0.06767865818501448,0.007448041196598374,0.4114915673282378,0.0025089047292242445,0.0019914415991611817,0.012450856047337554,0.010098063357750132,5,0
0.11126175179573339,0.0033196454039046428,0.503699942586924,0.22078320597701157,0.009553718912552349,0.12297170468092271,0.0009500560187215568,0.005202327008102247,0.0008142162170229208,0.02144343139910482,2,0
0.19413907532360059,0.016849093515554636,0.2630136343906761,0.002462195070750943,0.0058779471298186755,0.4064319630002211,0.00023558466194917858,0.00011968177173691482,0.10983790415382698,0.0010329209818648797,5,0
0.15762019794461585,0.0003806070261221143,0.004981959323746732,0.002803050779792228,0.001051866036958752,0.008616277053022939,0.002614676274309346,0.41315950541639734,0.0002869593308035975,0.4084849008142312,7,0
0.7910574293702747,0.00020198145658242384,0.03815427014720626,0.010288082972083966,0.005224585193573175,0.03208856271166438,0.010989776928232171,0.029011577141734732,0.0003224446360008827,0.08266128944264743,0,0
0.8897431737827679,0.0004961219032370103,0.02287320579962232,0.002327572159839487,0.0013786884761235463,0.055996828586407865,0.00041588447417971035,0.019423711379543497,0.0012883429630422285,0.0060564704752367705,0,0
0.7616319856885424,0.00045036043697968396,0.005783304918811137,0.0012012334398184173,0.00024997034715638764,0.02403775363099697,0.003622320957458098,0.19545687503383,0.0004170846928395246,0.007149110853567456,0,0
0.009738619603970194,3.7687511898036275e-05,0.00045125118916812534,0.0012603056487554749,0.0006371223511673577,0.005988313905297631,0.7900505646811368,0.17597745575906495,7.6174056331924795e-06,0.01585106194390812,6,7
0.22615783436329037,0.00010893011063944048,0.00046464944611643863,0.0010122557217536869,0.0004507343361285964,0.0034102045577220643,0.0008906309565071801,0.7537192416205519,1.9206002992660345e-05,0.013766312884297777,7,7
0.010467609506834155,8.056290719854249e-06,9.43161893278355e-05,4.483699356352915e-05,4.388800198235113e-05,0.00025231904018550464,0.0017868574425757983,0.9811793561909955,4.0394640768409645e-06,0.006118720879738821,7,7
0.007512779931268171,9.13462337927983e-05,0.0001577982672666796,3.3299059964003734e-05,0.0002804660795331199,0.0011715562652925924,0.0032314343856019046,0.9814818524019477,9.274495522025989e-06,0.006030192879811121,7,7
0.0002853391756308199,1.1299593876389966e-05,0.0019684365454470257,0.0010947743758473168,1.8656496815342953e-05,0.0042151726015111106,0.005808642058530196,0.9795504844835417,0.00034287052915466616,0.0067043241396456815,7,7
8.200047569277556e-05,1.2602004020437723e-06,8.256957474706152e-05,3.575162318595237e-05,1.1866335966777156e-05,0.0007756935127523799,9.85029392475063e-05,0.9938756934238999,1.6632461942405873e-06,0.005034998667911642,7,7
0.010892743028473826,7.392972812778688e-05,0.00019075491151542988,0.00011549397869529448,5.568539978578998e-05,0.0025252663662816708,0.002141706394725799,0.9700936218343139,2.9184496718151025e-06,0.013907879908408652,7,7
0.07457623787356996,0.004695730330236526,0.019742269471018876,0.01270663988611809,0.010490517501119621,0.03752299901533379,0.0017171985025463726,0.7884219798079722,0.00022904167094341569,0.04989738594114109,7,7
0.0005858098383120473,2.4359006168070373e-06,0.0007099837961156145,1.3095403656331187e-05,1.0501495520552243e-05,0.007145293936880862,3.6370513575201e-05,0.9861544753880941,3.22383517186097e-06,0.005338809892056762,7,7
0.00014718528684177072,1.0720918119809402e-05,2.458437137421026e-05,6.3428070785910606e-06,4.911366821869007e-06,0.00010263156401312071,1.5554962726722555e-05,0.9985440363448072,7.956017918329582e-07,0.00114323677642486,7,7
0.002282712385286705,3.288846274599567e-06,2.3644711391513012e-05,1.1614106106496567e-05,1.080663139199873e-05,0.000525758567368532,8.712933821542839e-05,0.9965484775247937,1.8918459379360747e-06,0.0005046760432333555,7,7
0.04163250286088166,0.0003594216056465897,0.001178329411967056,0.006174072681254632,0.0023997307974444014,0.012048216951677512,0.033186832450986956,0.8928504239288213,0.0002215624825535858,0.009948906828766176,7,7
0.0007420745779785574,1.4267778298293852e-06,0.0003126279472680296,1.6471963832542243e-05,6.320680453566092e-05,0.0021848457997640657,5.950151887931953e-05,0.9901229759047532,4.108717497196688e-06,0.006492759987661708,7,7
0.0006382109391123237,6.564149198706874e-06,2.8744540540447358e-05,2.0774859587539448e-05,9.105592333552103e-06,0.00015159455188208632,0.00021310917650967475,0.998582642264073,2.038529257753769e-06,0.0003472153975051965,7,7
0.00011607590734399897,1.2960887278064814e-05,5.1894659975245456e-05,4.169126046455246e-05,0.00011568462301241958,0.00115090721652543,0.00012082586962702828,0.9799907343964444,1.6315796415084937e-06,0.018397593599687526,7,7
0.000814683997417603,1.5927862223856996e-06,0.0010907460953731075,3.797349949588777e-05,0.00012149709251908359,0.001283649475313443,0.00020669227299068856,0.9816579823181478,7.024472120812795e-06,0.014778157990399098,7,7
0.0021591718935957144,2.0285984036629996e-06,0.006039387496975062,0.0005279075051055846,2.5122855032076555e-05,0.002242298381538015,3.420902732015602e-05,0.9857333091522287,1.207871953417277e-05,0.0032244863702669962,7,7
0.0395308777004361,0.00013795901168432682,0.0038727967111170615,0.029654239766229128,0.003508181221097485,0.004534230923329882,0.0019328443029569967,0.8539008590285395,2.4129450392612202e-05,0.06290388188421674,7,7
0.00044354054845442985,3.383296932976118e-07,4.530833604562941e-05,1.1149024703660436e-05,1.0977326652122814e-05,0.0001431345599765725,1.93990530876977e-05,0.9973810678488381,5.339421374749596e-07,0.001944551030411032,7,7
0.00036188624174067604,1.7403800917505904e-06,0.00035876485339698456,0.00045753896014578423,7.370095622436847e-05,0.006745098044144113,1.7351479697121137e-05,0.9694173927738711,5.949054690064076e-06,0.022560577255998148,7,7
0.0010775761556092237,9.571928320440832e-06,0.00013160811385813342,0.00011833543282376612,8.59739558303377e-05,0.0002522738463305252,0.00017701292437223676,0.9940904206729788,2.3578531278960277e-06,0.004054869116748493,7,7
0.011059056529229484,5.9980037516035734e-05,0.00021059284727960559,2.3806361231379328e-05,0.0007906062707049845,0.0005308920825953554,0.00020722743106208461,0.9851951025353908,5.225391754945955e-06,0.0019175105132352777,7,7
0.0008899759490173715,2.0040859750817845e-06,3.267432987768366e-05,2.5612795526278453e-05,3.2230981115048004e-05,0.0001847480856327226,0.006939547795816067,0.9887788935821042,8.246306952503633e-07,0.0031134877642402152,7,7
0.0180662563565304,0.0002761129026660346,0.004421068373847888,0.0025767278702550226,0.00267436273653418,0.008590439206683176,0.002154036786877216,0.9153720511712715,0.000636694504087969,0.045232250091246776,7,7
0.8202877598044311,7.758935920125514e-05,0.012372827419043421,0.0015783505401369014,0.00031683774074743083,0.015735032578256692,0.0017204151133660907,0.12937672301419004,0.0023685732767620388,0.01616589115386525,0,7
1.4719012863647451e-05,2.282583568545299e-06,2.0094436305960437e-05,1.0679708183787134e-05,1.412050182149734e-05,8.7794230679853e-05,9.523011732037329e-05,0.99906083667158,3.7507113501106143e-07,0.000693867666541414,7,7
0.008912651347986581,1.2916662096637176e-05,0.0024068329382173933,0.0005130935786221122,0.005109319045332436,0.016875221991633237,0.0029633857641163555,0.8551912910553616,0.00011865289495995924,0.10789663472167374,7,7
0.02682383578403216,1.0320807744673351e-05,0.0003085002967332415,0.0002508641013690943,2.53343912127662e-05,0.012904618516572968,6.305250064085899e-05,0.9579190854408182,1.0049983560605387e-05,0.0016843381773156516,7,7
0.4599367337809096,0.0001166762517520445,0.0035514735442340696,0.004762662727152624,0.015110362820840169,0.01637892946745612,0.004804719520832413,0.47010368646364853,5.212460087811082e-05,0.025182630822296246,7,7
0.0028117791121402575,1.8208149684990507e-06,3.709406041451628e-05,2.8199822656765357e-05,3.263831164552124e-05,0.00024753525651733874,0.0011327230815434454,0.9836330635886195,1.8013901521008125e-06,0.012073344561342046,7,7
0.008357963875735504,5.493690015019657e-06,4.495801913069046e-05,7.148197657341503e-05,7.880854984923485e-05,0.0027546846016268884,0.0009874955204886792,0.9800900410939031,2.1815585782341448e-06,0.007606891114099521,7,7
0.00010957961212398212,1.7469184912766293e-06,0.00013040317479400722,3.025457011267444e-05,4.4956464728597396e-05,0.0008598641251030712,3.400765683395671e-05,0.9973797570000921,2.2516075474771702e-05,0.001386914402245468,7,7
0.0016778272104784457,1.3904398606736572e-06,0.00017185663132699227,2.0317493306475617e-05,4.1041322844180625e-05,0.0007734261668897247,0.00014382643589506036,0.9945045453986916,1.5210075461957883e-06,0.0026642478931606824,7,7
0.011756320862167515,4.569589671269341e-05,0.0013863470505960762,0.0004815605755824698,0.0003502348121015076,0.008404262656096673,0.00611118472827467,0.9334021048764368,6.520103739156449e-06,0.038055768438292344,7,7
0.029546596067289047,4.387773295496377e-06,0.004160652653173132,0.00028999562470710796,0.0022286930617429245,0.005143119372034697,0.0013341725007330028,0.9171009739155217,0.00012065984308086139,0.04007074918842218,7,7
0.37261254954410783,8.5971346416674e-05,0.009434726456804567,0.003354201171627047,0.0010672012605916505,0.05745877546331526,0.009386326957040047,0.5278381254530197,0.0009991140254916704,0.017763008321585737,7,7
0.0051572832306706305,8.595243757427556e-07,0.0015492032629707202,8.111966882232645e-06,2.149035721531444e-06,0.0022764474834327097,0.00011130708088587761,0.9716733136637613,6.922508583936924e-05,0.019152099665459946,7,7
0.009762608748119746,9.957849014493081e-05,0.0016429194807958737,0.0016173053644935789,0.0032292554376639423,0.02365555662694032,0.0018898720862302832,0.9413853506431381,1.3305133836734132e-05,0.016704247988636876,7,7
0.00419951844571039,2.281272848537391e-06,8.054201713799922e-05,0.00011153258338502379,0.00010439900435462137,0.0010677264043886057,0.00024252001175234392,0.9899448905525898,1.1666829433503456e-06,0.004245423024889496,7,7
6.19388097652562e-05,8.794171537344856e-07,0.00014355061261241752,1.8623846082766854e-05,2.838362611361679e-05,0.001119255989171241,2.175459717617521e-05,0.9916009308360133,1.4292194798540676e-06,0.007003253046431682,7,7
0.016715863402327603,1.2198336899102144e-05,0.012460024820338216,0.001232458495123459,0.0005583322289616829,0.009307720652166163,0.0009248827066277156,0.9401960568439169,0.004159616158271978,0.014432846355367158,7,7
1.7730644595819875e-05,1.6004021048192084e-07,3.1107566141033155e-05,5.721040668853886e-06,5.938912334216674e-06,8.1810310935086e-05,2.9622517843938165e-06,0.9982460967830147,4.4560532749418837e-07,0.0016080268449876918,7,7
0.10503970351990052,2.4109185851415508e-05,0.06458507165321657,0.0022240598026404884,0.0006271335459048715,0.18604245308074896,0.006152776598283794,0.345390882161285,0.0018837332040957623,0.2880300772480727,7,7
0.022097807401885928,3.648152419446146e-05,0.0018274565974009747,0.005340594094884974,0.0033611563839685086,0.009792696089207468,0.0001310695273448459,0.9482076533697309,0.00022004679420324335,0.008985038217178765,7,7
0.00013184949714943684,4.78817791235815e-07,3.967658497211244e-05,5.423871537907965e-06,8.542181054631739e-06,8.684700185873513e-05,1.1416528666409219e-05,0.9944541664329793,6.52555977864936e-07,0.00526094652801243,7,7
0.0002577458809027957,4.173568572072643e-07,0.000167546064272993,1.0442162470593514e-05,0.012521994894114234,0.0015499236919901624,0.0017792372964064507,0.981614660385811,7.096541799967438e-07,0.002097322612994886,7,7
0.0005534005084408919,9.334745144745593e-07,0.00020662767829862283,4.5639399243680746e-05,2.1553626384361875e-05,0.00047629622820994375,4.506558355613041e-05,0.9969231650779643,2.15102046481625e-06,0.0017251674029230897,7,7
0.006810284526890141,6.673046714444125e-06,0.00027997511926715915,0.00016506817400054538,4.394783046279846e-05,0.002025317014267634,0.0032264648601587525,0.9824945590657531,1.9778681584958654e-06,0.00494573249432689,7,7
0.003485167508443467,1.2030159536411076e-05,0.0019427178942237975,9.473373132661841e-05,0.00029792213512208144,0.035408440022458715,3.777324296874703e-05,0.8685463326051337,2.3000548154770615e-05,0.09015188215263166,7,7
0.009411132485808113,4.2385210494982564e-05,0.0024015140047822393,0.0012454690197327971,0.002414576735445911,0.003725362910669951,0.00042727672298854374,0.972272625003232,3.210851755621271e-06,0.008056447055089918,7,7
0.07250351220416887,1.3629879208205405e-05,0.001808723258779316,0.0008725248153078546,0.0001867936541472676,0.015085186312846886,0.00460354332057911,0.8559072245346617,0.0013878917576556136,0.047630970262645095,7,7
0.0016584512299539175,2.690922254942887e-06,0.00017931464670922214,1.0702005870418062e-05,0.0005410790681565189,0.00505228910784352,0.00015215082757320193,0.9898580977474924,1.0038798547099904e-05,0.00253518564559897,7,7
0.011809973992192895,1.3392722956737075e-05,0.00021534295543545142,0.00012502443002893436,1.4248320324593414e-05,0.0066380130028305595,1.944642577810716e-05,0.9781202127765825,6.179101215439516e-05,0.002982554361715761,7,7
0.2898362112627697,0.000502268987686188,0.004003663094637204,0.003772973255502638,0.005724604283401334,0.030974649345700427,0.004762029792127918,0.6407371440029256,0.0004294973861036684,0.019256958589145227,7,7
0.01489488934377966,3.9579797493050854e-05,0.0009555442940681779,0.0002534970236825363,0.00015083610218043678,0.009682321117274201,0.011403246448875424,0.9221911355626756,2.8810903377096863e-05,0.04040013940659379,7,7
0.15927693774279422,2.4884581450543195e-05,0.005266575158444386,0.0008029259648941413,0.0005447188464524658,0.005396709202655673,0.0013658693848316774,0.7742887818989909,0.0010957152107661946,0.05193688200871984,7,7
0.04315631732158822,6.613497405310776e-05,0.0009928582242156112,0.00019601440938032727,0.00016427185990966844,0.00724833474739224,0.000672847112378623,0.9379544352572342,4.8695098148072605e-06,0.00954391658403312,7,7
0.0001756174204429921,6.843076132244371e-07,9.277608293907859e-05,3.5185756258547026e-05,1.306821700296863e-05,0.00025479649942751026,6.974772853063768e-06,0.9966150779322314,1.3261883962740975e-06,0.002804492822834743,7,7
0.003983209085831935,1.405391488164119e-05,0.0011338957197499927,0.001988000541480835,0.00016530109451942643,0.008747169267241887,0.001143302426872448,0.9662322813191305,6.736641853045245e-06,0.01658604998843822,7,7
0.006697158080539746,0.0012723976924341155,0.0009289953462997948,0.0006120549678944562,0.0009023750575418384,0.01518320071123181,0.003872454703310731,0.9659926676395459,1.6469025627411578e-05,0.004522226775574375,7,7
0.01641519553370541,2.3413157057928635e-05,0.004437719866632955,0.0002494946253496018,1.4517096914064884e-05,0.023967549205974336,1.5074699558292022e-05,0.9347488193943283,0.00017721616273218572,0.019951000257747195,7,7
0.000267701286614371,6.282681039791904e-07,2.5334547060254784e-05,2.1529117251985007e-05,3.521303086054467e-06,0.00014024644624503093,5.1896100888081164e-06,0.9987790956442086,3.2798290950140837e-07,0.000756425794431367,7,7
0.04695826305222782,0.0005479000666854365,0.0019229881208692417,0.0011924842520859642,0.0006576999130041606,0.007232143506792624,0.002101949682302785,0.9250244209766233,0.00018351731831206872,0.014178633111096479,7,7
7.912024933947587e-05,1.4366654845990076e-06,2.1713469880751906e-05,2.770772812696529e-05,2.6789097111015525e-06,0.00018127032211630743,1.0539411882663469e-05,0.9989730687246404,4.859170099327054e-07,0.0007019786018078734,7,7
0.12496676355530995,7.411946201459702e-05,0.002690362144466458,0.002751934355054756,0.004938305763103619,0.036080148966363364,0.024758921557318233,0.7651707088221507,3.1015699973357895e-05,0.038537719674245095,7,7
0.00012997203596356175,1.6877786584323943e-06,2.471990074747523e-05,1.928571318013945e-05,3.3211729911960806e-05,0.00011703625252204664,7.53454844950602e-05,0.9982757580696301,8.224028172240962e-07,0.0013221606320740393,7,7
0.21297324807307294,3.0896087966219246e-05,0.0032691105513305823,0.010375818766495482,0.1122842112990945,0.08539121689577094,0.03843597283040744,0.4180158951899471,9.83770370983468e-05,0.11912525326881665,7,7
0.0014653077732941482,3.754907168998619e-05,4.4324080848072125e-05,5.3139222591752194e-05,0.00021736904008172526,0.0011536010880747777,0.0014225150835437393,0.9673565057489938,1.9426721814791647e-06,0.028247746218700368,7,7
0.0002761068396212765,1.1738707423895236e-06,0.0003331913075385625,1.296996008385799e-05,1.4424479727183535e-05,0.00018801269012653143,4.6780403892582325e-05,0.9965253178249394,1.4585702208106083e-06,0.002600564053107478,7,7
0.00029100192660860965,5.958059195452282e-07,6.632150375049171e-05,5.807064561680101e-05,7.450801565339546e-06,8.839541335056476e-05,6.348329335124956e-06,0.9990737076567837,1.724441968027024e-06,0.0004063834751020128,7,7
0.0002928187132020263,8.165671795314743e-06,3.8322277626343705e-05,1.642277387841364e-05,2.7131619245755613e-05,0.0001256654734264413,0.00010008203816929613,0.9981132568788528,1.5373330428307687e-06,0.0012765972207610286,7,7
0.00019082425946335133,2.1925799290467485e-07,0.0002962744424219385,6.083340938014768e-06,5.697620226136146e-06,0.00014600061170853918,3.8958438495445975e-06,0.999160829391764,4.7348982076009716e-07,0.0001897017418146383,7,7
0.00021996869097116103,3.1441836866390034e-07,1.608932237156806e-05,8.862720750691015e-06,5.512205542328024e-06,5.7697786050148616e-05,5.077937609165487e-06,0.9995153592729958,3.93500689759199e-07,0.0001707241446510576,7,7
0.16502922538777287,8.046402007834142e-06,0.011082762908624703,0.0001880885653489666,7.881571298470812e-05,0.002542810561259033,0.0007764447741675205,0.8075500016662763,7.3482268256838e-05,0.012670321753301121,7,7
0.39470403945089727,0.00012488952500683886,0.002490527296678028,0.0005511012719193232,2.3704263324511524e-05,0.006924631120619912,0.0007391529161679702,0.5463280697912026,6.733732171366708e-05,0.04804654704247001,7,7
0.001731468695717369,5.572150250154078e-06,3.76174047367006e-05,9.66621788131436e-05,8.882642619786015e-05,0.00017721628277826367,0.00026520212227286433,0.9943455630717277,7.813509744892786e-07,0.003251090316531129,7,7
0.0011039257737429208,1.2593206620791316e-05,0.0004397809984146868,0.00010992100703007787,0.00022224962958821445,0.0014387025581179321,0.004226216858313086,0.9699655858624748,4.647248131944168e-06,0.02247637685756547,7,7
0.03494311944333314,7.04864731028603e-06,0.000877399224412702,0.00023767727636568736,0.00022607799311092936,0.0099796857007303,0.004496746278711982,0.9403174516017662,5.868253891906899e-06,0.008908925580367075,7,7
0.005139549185477281,7.501258232602347e-05,9.14451750967394e-05,5.718047616784532e-05,9.879301080035503e-06,0.002722158444824742,0.0014790844865067852,0.9836089782137276,3.52183468121208e-06,0.006813190300111835,7,7
0.00784297136263747,4.144720563419629e-06,4.527942351733767e-05,6.9271828732266e-05,4.819249550142512e-05,0.0009757411157517444,0.015269303018760078,0.9718368792305817,1.189999160712311e-06,0.003907026804793901,7,7
0.013896184821413925,0.0008253345995377565,0.026542337291529064,0.030551709332967497,0.005493327063959875,0.05288281963729822,0.0013248888196935127,0.8150579148850393,0.00013954432691844302,0.0532859392216424,7,7
0.007576209723425542,5.381594989099709e-06,0.00018604132791403058,8.6480196624732e-05,8.081845645606129e-05,0.0026015417000026667,0.00015659338593610557,0.9822438304069566,4.2120522637116805e-06,0.007058891155431573,7,7
0.007108675917536098,4.142842165450146e-06,5.231180382024044e-05,0.00011043110049068568,0.00012675885901415666,0.000816205860620533,0.000100732224125148,0.9880383403037466,5.582482351086568e-06,0.0036368186061301187,7,7
0.013596483776623527,2.3750673475020077e-05,0.0004032523467900328,0.00015433525812773606,0.00017568035504464914,0.0024268502553865,0.0019932171587408636,0.97707191016206,2.065018639964174e-06,0.004152454995111694,7,7
2.7873953769254437e-05,1.4083801326022693e-06,0.0005337996184117176,1.824999477100114e-05,1.4766210230705881e-05,0.000441470523978733,1.887436824955609e-05,0.996127126185835,1.6204120833182265e-06,0.002814810352538361,7,7
0.0037033580457021516,3.9680456488637775e-06,0.0005502456146137079,5.272681121030203e-05,0.0003425800661914204,0.002566470721065051,0.008160187691697135,0.9738977503263169,1.3389909365563155e-06,0.010721373686618036,7,7
4.044277370878725e-05,1.5390730455808752e-06,0.0001895677216595375,9.630521048010672e-06,1.828091861609397e-05,0.0004245973164731887,1.6848917093390008e-05,0.9961040940497626,7.849285586085698e-07,0.0031942137800341566,7,7
0.00038257614177722774,4.84901629227626e-07,4.93186231956461e-05,4.670532778694958e-06,1.1270738297027134e-05,0.0004179048992213283,1.0503864937075212e-05,0.9981799002322005,3.6460490156005253e-07,0.0009430054610616018,7,7
0.26260393244124836,0.0010398107395018555,0.0475114551537552,0.003694593473119952,0.001898986020130231,0.27044005161633733,0.01769867928586702,0.3612453802701163,0.00952889410430964,0.024338216895614294,7,7
0.19031305730403866,5.151067377592275e-05,0.00570478199055359,0.01816990965374278,0.0008615031605690687,0.03092421604430805,0.007248631143199181,0.3614772316600593,1.9810494602229014e-05,0.3852293478751512,9,7
0.04682788107583418,4.603793258805839e-05,0.0029605648367088404,0.0001967958581498696,6.540616827992636e-05,0.015060164096190794,0.0010098356330559357,0.9058468577418963,6.47228159340949e-05,0.027921733841361984,7,7
0.001924377279673321,1.967735989105071e-06,5.2581849452663636e-05,1.8287839415090262e-05,2.9859994533136468e-05,0.0001253384808424542,0.004200646319787816,0.9919220783423239,1.367985715565678e-06,0.0017234941722668914,7,7
0.004498996092441242,7.35857463417855e-06,0.00014574653398102998,4.647424555772647e-05,3.7098921664442916e-05,0.010251432159135335,0.0008041989997463347,0.9773463308619617,1.067314755129517e-05,0.006851690463326761,7,7
0.011592862916962425,7.052620464239055e-06,0.00016072715609809007,0.0005660568116318104,0.00016900997314407617,0.009924120971306277,0.001479936954308474,0.9531713030958968,1.0416703954391422e-05,0.022918512796233456,7,7
0.00035628546215767196,3.0477640108491975e-06,0.0008332730259741467,6.0459748961231364e-05,7.643929326511612e-05,0.015826548142779662,1.3962502285345365e-05,0.9770225486549936,1.3785693132110257e-05,0.005793649712440374,7,7
0.2178902878115007,0.00013215939583902878,0.003940502074330164,0.0033702116844454293,0.000160638927607359,0.00807920289009103,0.002693681356846992,0.7107903009215458,0.00018686248330889005,0.05275615245448462,7,7
0.00023989016613019495,7.882825701436531e-07,0.00014334289154110312,9.509542993371248e-06,2.7859512951032096e-05,0.0004763138962674396,4.405857402078917e-05,0.9967680654541329,3.76579849492523e-06,0.0022864058808980572,7,7
0.01682835574080328,0.0001588317965360994,0.00042418989614193247,0.003015305609908315,0.0005201762056390323,0.007748687890909408,5.569333888343197e-05,0.9622809869303091,2.65024256013122e-06,0.008965122348309155,7,7
8.623607057297389e-05,6.660358341553461e-07,3.1576123704953355e-05,1.9406152001600858e-05,9.810313669955164e-06,0.00021479047093341536,1.0284146879005352e-05,0.9990313227216069,6.054680795624841e-07,0.0005953024967177306,7,7
0.02711131152518794,0.0002612357522801951,0.0016077282506800948,0.0004336213160187177,0.0003355585629002565,0.011615375568619916,0.0003422969567652098,0.9543668205596858,5.98390004707609e-05,0.0038662125073912522,7,7
0.005347590620514374,2.792713875685597e-06,8.91275523511043e-05,0.00011545607253804156,0.00018564038496098525,0.00027127060830775486,8.642655450119301e-05,0.9922113953602888,1.2037926455260693e-05,0.0016782622062069704,7,7
0.00035266162067197886,1.7037775796946297e-06,0.0017420189785760877,3.200825815881182e-05,1.6846543060402573e-05,0.0003912953169865976,4.532339264832348e-05,0.9932407882043018,3.6160218421271265e-06,0.004173737886174329,7,7
0.21993785771717314,0.0014732515897738013,0.005276858855733723,0.04579292361367011,0.02853278679795766,0.12769509442078628,0.011969620952919084,0.5345340981075433,0.0005813573380783556,0.024206150606364663,7,7
0.027759029345057834,0.0028767167496369056,0.003505401614347461,0.05434588523782303,0.039983545662624666,0.012583821830963597,0.04647737587264261,0.5661509412420841,0.00041996524775531405,0.2458973171970644,7,7
0.0007861467643005531,0.00039411199075733825,0.0018519860795582319,0.0013307085043779356,0.0014398162513308637,0.005065758550902127,0.0032041006978346313,0.8039107441207348,7.573763509563194e-05,0.1819408894051078,7,7
0.018093997784001482,4.403346672623111e-06,0.00038724692915512843,0.00015612591318790546,0.0003214399381163313,0.005035965790638734,0.0005391849855288441,0.9710702191047199,4.30842266247263e-06,0.004387107785316632,7,7
0.003951199763735056,1.0082038517325174e-05,0.0008559542619504049,3.176467805105996e-05,3.610787497482575e-06,0.002755934169775823,0.00026096768424517785,0.9685657618910053,2.862977436036654e-06,0.023561861747786447,7,7
0.016262242974046326,1.3988686288246342e-05,0.004962597678552675,0.0002465040811457846,0.004942788775229016,0.02323838969943981,0.009344683711622882,0.9146305456740496,0.00012518193183285535,0.02623307678779286,7,7
0.015035017799740959,5.955166160545946e-06,0.0008865249508755903,9.68456995617075e-05,5.351680604574567e-05,0.004611336131364921,9.19564649381989e-05,0.9768257437249355,2.261366906749125e-06,0.002390841889470023,7,7
0.004069139223224026,4.942700066510182e-06,0.0010264277257965478,0.00031891294873785995,6.927415017215283e-05,0.0021613740015085773,0.0005536620137526308,0.9132995129986422,2.37903587173082e-06,0.07849437520222784,7,7
0.06428330855483794,0.00015336703064925368,0.003008230999923211,0.0005727583922251213,0.00028053625272485446,0.006452273408160583,0.007909664891745173,0.9049648113115619,0.00013658257623802672,0.012238466581933987,7,7
0.02227847397570246,0.00024264158607856855,0.0011191695437525067,0.0002318488975329991,0.00011423237194789901,0.003219647333311801,0.00041047634983171905,0.9679072828388905,5.8299105326679214e-05,0.004417927997625248,7,7
0.001959780244755581,5.213278701490882e-06,0.0006947486217567707,9.076854230813713e-05,5.221383989931155e-05,0.0018030505206925935,6.0097190338308155e-05,0.9828122434792899,3.177529586076562e-05,0.012490108986397061,7,7
0.011557697027623107,0.002149517482755541,0.003227353045678638,0.002359669542056173,0.0030070524659606772,0.043784809504759194,0.0010025275377283825,0.8876450767064551,1.9065037765081875e-05,0.045247231649218234,7,7
0.0046411702199933465,1.4219011082752262e-05,0.00012813055567262926,0.0009255545873768525,0.00039810681311350845,0.003023725369808646,0.0010608803251126726,0.9861508736804525,4.714362513840763e-06,0.00365262507487308,7,7
0.00013597487832152298,1.3835204202483784e-06,0.00018186242801512394,2.484132177606155e-05,2.0913867429645197e-05,0.0009585145746487333,2.774767279822736e-05,0.9299534628757904,2.247654872524092e-06,0.0686930512059276,7,7
0.005892257365890351,5.853500071098642e-05,0.00023693570820892366,0.000787555892397259,0.0014446541061351429,0.0049240986345241025,0.0010461252564480904,0.9665976527244091,4.3277361675916446e-06,0.019007857575108547,7,7
0.0019685894458958465,8.676915845822239e-07,0.002189610661354781,1.5923865685461334e-05,6.510424950615523e-05,0.0015204466410694314,0.00030044523771678597,0.98958257959701,0.00011104764298477538,0.004245384967192651,7,7
0.012692868396858823,0.009697841947891736,0.00562651129832512,0.005114642849648572,0.00599453731966623,0.039716666754236324,0.0033620167837448848,0.7645775511233283,1.793488266983304e-05,0.15319942864363018,7,7
0.007727048151986642,0.0015019974261699313,0.0024557875681004916,1.806018662901216e-05,0.009119595581224167,0.0257371836730862,0.003732527635833634,0.9454127638855973,5.559292506407483e-05,0.00423944296630872,7,7
0.03299369547087179,7.455894789678208e-06,0.0004467251712132681,4.573832631976723e-05,1.1519538082015577e-05,0.0004600167457068214,0.0005532856865922286,0.9628726406153205,5.4389195256179556e-06,0.002603483631578596,7,7
0.0007026494758809885,2.0884140030225275e-06,0.00027447548082639697,1.9260553889047406e-05,2.442305270291873e-05,0.0004318102859843644,0.00033301112304306193,0.9969338268397605,6.522879277988376e-07,0.0012778024859820762,7,7
0.00034077718651322485,1.2111475558222197e-06,0.00045528191050552897,4.8941450953128976e-05,7.47829168256834e-05,0.002315767668182818,0.00016598838020415033,0.9849969211675115,1.0120513151674708e-05,0.011590207658596446,7,7
0.024700321273001685,1.1279268641003836e-05,0.001991555638059812,0.003442308471227345,0.0009630953302711253,0.005869541664653607,0.002464056308007832,0.8885291627578241,1.711874823554701e-05,0.0720115605400782,7,7
0.002819181191234336,5.39412423716452e-06,0.001259992572041481,0.00024727726017073257,0.00010409085527920316,0.02275103843266862,0.0022129984515590743,0.8820204789400529,0.00010139118499855057,0.08847815698775817,7,7
0.011544445613090546,2.260748451366957e-06,0.0012495648399053635,0.00015983599649577272,6.67163847188637e-06,0.002389103594717168,0.0004887509039696737,0.9798074641628298,7.763658845438525e-06,0.004344138843222916,7,7
0.0014058900852826743,2.394607415666094e-05,7.401092692595069e-05,0.0002490716584862304,0.00015409483812686017,0.0008553919470779392,0.004628305610976423,0.9913223077112926,1.6918892467534566e-06,0.0012852892584281296,7,7
0.014951414596162997,6.518661875907475e-05,0.00043332497864088254,0.0011095026072429372,0.0025671172313075402,0.003567581716142086,0.00035839604102708193,0.9613889766838053,1.7828378699721528e-06,0.015556716689042138,7,7
0.023807030060217154,0.0005439007111330659,0.0006895174495311423,0.0025298967647387842,0.12225876669878438,0.009011908649857854,0.042068786052244046,0.7901193501068107,5.226741252798354e-06,0.00896561676542994,7,7
0.0011521073838058151,1.4765370244683313e-05,4.0417234803983185e-05,1.1370469927616439e-05,2.5066628835357758e-05,0.00014952274698662744,4.156189189693731e-05,0.9983997148776131,6.835895341532327e-07,0.00016478980635195318,7,7
0.22494586104959724,0.0009604687143310504,0.007707308051194682,0.0017346479975711454,0.0007726524320677672,0.0396567491241413,0.0025540782106236804,0.7077480723908518,0.004770982520773041,0.009149179508848127,7,7
0.00013609979016278756,7.082380541883369e-07,0.000124153330510288,5.1241873914564405e-05,3.697653336656688e-05,0.001070277006658749,2.189547512184024e-05,0.9951731995786515,5.474691086814321e-06,0.0033799734824730143,7,7
0.17117654306415772,7.098273149568138e-05,0.003891874581829151,0.005942209411721194,0.0009534704484006134,0.011214235975201423,0.001234432942735039,0.7776475482843853,6.9440424186683465e-06,0.02786175851765526,7,7
0.005801404763058474,2.494785810885812e-06,0.0028615733990369615,7.622209591095575e-05,1.832577197587929e-05,0.00041412638087863,1.34298645096416e-05,0.9888940103688502,3.3905042410876603e-06,0.0019150220657274532,7,7
0.0001767266158744146,5.377155267165885e-06,0.00020065440429054351,7.829209944014522e-05,5.191308000579726e-05,0.0011208444854173684,0.00025215345102665404,0.9923212834161386,4.253652066309803e-06,0.0057885016404729955,7,7
0.00013262548391273864,2.6863891836713046e-06,0.00033021313367146413,8.949548146389074e-05,2.4888785581194933e-05,0.0006202802780425489,0.00032665345592897414,0.9686567215268834,4.30261875264619e-06,0.02981213284657958,7,7
0.46991608129822887,8.405670888741856e-05,0.00040964792321780615,0.0006129566664562114,0.0003000891230501387,0.005310518166684803,0.0005655342290411666,0.5172489683981131,1.2600987762492233e-05,0.005539546498558075,7,7
0.0067407534882712936,2.7141527704252606e-05,0.0002747206043000411,0.0002940532541962042,0.0006455199454280234,0.0013602162533463832,0.0061761054121007,0.9752210897482845,6.400637541862348e-06,0.009253999128826785,7,7
0.0012968223848154321,5.996720229482123e-06,3.9756066127830205e-05,4.406364104226777e-05,7.963106086082717e-05,0.0014749172951490637,0.008600982098655396,0.9832171246920286,1.6212592947318013e-06,0.0052390847817966385,7,7
0.011402782573386925,0.00022647219155043667,0.006483208499948744,0.001103540721912698,0.0019237838513270478,0.047636847555426284,0.008419423602628194,0.8410666635243476,5.1898785959166026e-05,0.08168537869351292,7,7
0.0066738154513445065,4.8026752872216825e-06,0.00011369327065778855,6.679664430028332e-05,0.00013455822415956294,0.0020194098177798957,0.005987638617584923,0.9803452114528016,1.4832450182341378e-06,0.004652590601065866,7,7
2.7563714837382267e-05,5.212643233475536e-07,0.00011369690013934806,0.000239939726923301,5.95310683300245e-06,0.00023307882292943592,9.91124863987249e-06,0.9988223643044539,5.960547122515005e-07,0.0005463748562082228,7,7
0.1095928597071597,0.00011581067476801847,0.0007112783735996771,0.0025201248924491917,0.0005213223491176721,0.007928974126748475,0.0038369521993966136,0.8628653696827819,6.720859079497483e-05,0.011840099403183722,7,7
0.00034486314876604386,5.584642022637689e-07,7.329519266590623e-06,3.7492303365716307e-06,3.976700686112381e-06,4.048842970672262e-05,2.0094866562473675e-05,0.9957205630281978,5.908795781261234e-07,0.003857785732697043,7,7
0.0017168878999700248,3.3222411392175045e-06,8.132982504548273e-05,7.364846690290181e-05,5.19951854962048e-05,0.0004949782860938289,0.00014887705807897512,0.9885426068944875,1.7934567028609443e-06,0.008884560686083228,7,7
0.000657178220028113,2.992921646110601e-07,0.0003256101181534476,4.8512899591297625e-05,3.6919114592403536e-06,0.00021842150058703935,1.6685159370806513e-05,0.990762077118754,6.987326807793969e-07,0.007966825047210593,7,7
0.002629682367101354,1.7274745196583536e-06,3.486356762170265e-05,7.268144814300116e-05,4.173785793840525e-05,0.00041523960226672827,0.001299200901790279,0.9924125985745298,9.501188288718012e-07,0.0030913180872603647,7,7
0.0030026913693358926,0.00017754547772714228,0.00021439959840407026,3.5580204800522056e-05,0.000354480224209054,0.0006207837003087034,0.00020635301351349912,0.9899324803310058,6.881552294492212e-07,0.005454997925466169,7,7
0.3801487128360958,0.0008433625880392948,0.0033744103190417925,0.002930030241705953,0.002145465696078929,0.032353243800080984,0.00507911394746826,0.5619045753609183,0.00029253449954307395,0.010928550711027727,7,7
0.020745457811965705,3.381441470691441e-06,0.0016625705506166828,0.00041539927120694205,1.4041123049102135e-05,0.008256318620448266,2.383213266463157e-05,0.9160745864483076,0.00039886799624090494,0.05240554460402946,7,7
0.006489778691359305,4.105632659523381e-06,6.034942947060444e-05,4.7567792329179636e-05,3.323836651455853e-05,0.000558055356908998,0.00012965982493591066,0.9827944331428484,1.757849047967574e-06,0.009881053913925849,7,7
0.04833053299914292,0.005712234981241467,0.0029537427445797846,0.000910233728296299,0.00032986374535131806,0.031506244552379985,0.000941325023095334,0.7689579349835975,0.0004439543857426408,0.13991393285657278,7,7
0.0248072073092009,1.1128028672033735e-06,0.0002740494724701969,1.3593355449307125e-05,3.108454539137689e-06,0.0018209294079194944,0.00013616423385907935,0.9716179434612399,5.400234598603106e-07,0.0013253514789948791,7,7
0.006327954038420637,6.327142342346339e-06,0.0010005294122477075,7.468944880749013e-05,4.696254803142819e-06,0.00108356281659368,0.00017672255187244345,0.9900784484196365,8.919631972821589e-06,0.0012381502833029292,7,7
7.988519726432141e-05,1.8092720242077754e-06,4.509386740692953e-05,2.9351432653716992e-05,1.677110528867558e-05,0.0003695550036018126,0.00010698621193330898,0.9968897708473827,8.196002898844861e-07,0.0024599574621543344,7,7
0.0010509433826858341,6.800340532774983e-07,4.751230355693499e-05,2.5578148719508962e-05,4.8326344654650114e-05,0.0002940729849392321,1.214245585095908e-05,0.9977594511066293,8.469784816131945e-06,0.0007528234540941287,7,7
0.0006857187362650955,3.0079067646842866e-06,0.002641878725937464,6.948028603661492e-05,2.2156000376208155e-05,0.0031271170612060506,3.726496062774458e-05,0.9748171035356511,3.1939119473858217e-06,0.018593078875188063,7,7
0.010839822266278675,1.0588696478180183e-05,0.0002340337961033526,0.0004164009943091788,0.010153718995801465,0.011198297503960251,0.27852273824854695,0.6822311822340867,5.285495865227811e-06,0.006387931768569971,7,7
0.02315163770433417,0.00018815032022056574,0.003888539600969307,0.0005251363851685328,0.0007299561146242526,0.008009765780313323,0.016315707605205742,0.9288036260384618,8.836140601362154e-05,0.018299119044688842,7,7
0.013912348732804303,3.0550722873668114e-05,0.002969752136911003,0.0003107562512834842,0.00028465662464525343,0.014956022588208802,0.0008320653082181763,0.9234894763657113,0.0003900217312716661,0.04282434953807219,7,7
0.018242836654664845,0.00364306412765512,0.00885689739058693,0.004346285213263415,0.00010551652903825141,0.01364845739061139,0.004338063841705238,0.8382129664311033,0.00016055902339752313,0.1084453533979742,7,7
0.006761839289160972,2.2190397395803816e-06,7.552258695940508e-05,0.00021293540055104113,6.230781511116678e-05,0.0014224369430100323,4.7473005087644604e-05,0.9896306586849284,8.851319287925789e-06,0.0017757559161636618,7,7
0.018617269405923433,0.00016440708644959064,0.0007379251033385877,0.026942323410190625,0.0016801670714724389,0.009083494672689301,0.011236571237915988,0.8080388870471046,0.0001510489755793339,0.12334790598933613,7,7
6.904921850765e-05,1.546287640507782e-06,5.417617425082901e-05,1.1941779065790234e-05,1.1630466867840122e-05,0.00023649069998483977,0.0001517782789149216,0.9985132690095472,1.0870494461981421e-06,0.0009490310357745023,7,7
0.012659384796299876,5.344096892700568e-06,0.0010199715355725088,0.00011660916405410982,0.00013682951615553537,0.003350330848590015,0.002204121328320503,0.9727353936105931,2.9006692034891232e-06,0.007769114434318166,7,7
0.004432362412753621,5.753753943329796e-06,0.0001167698165801241,9.738662200313493e-05,6.141798293020077e-05,0.0011713514647815448,0.0007598014549175222,0.9884950418477165,4.537747660830647e-06,0.0048555768967131745,7,7
0.00026815047111115246,6.262630566828616e-07,0.00015976938240696686,3.7843937582693046e-05,1.7901320608255686e-05,0.0005425618757330206,8.265123483677549e-06,0.9871570149488441,9.144001244071639e-07,0.011806952277049419,7,7
0.06862423538952528,0.0001584123339250472,0.0009425150519877693,0.0003588874075191172,0.00036432296010283354,0.018650324680349002,0.00023678258460417437,0.9048182121604996,3.0091677224188543e-05,0.005816215754263299,7,7
0.00036627230895209883,4.4155062163677863e-07,5.888173070227762e-05,3.513334693948511e-05,1.7262607143137037e-05,0.00014147165285832757,3.825747134393096e-06,0.9970447695110374,1.0327772272879024e-06,0.0023309087673841706,7,7
0.00030582536869151885,2.121328226342388e-06,0.0004689963162976492,5.840898913977208e-05,0.0001251676170687313,0.05304741461942778,0.0002313296843267981,0.9424765317490644,4.5463172243861055e-05,0.0032387411555130615,7,7
0.04416724079668289,0.0011017529460485476,0.003300273092477982,0.021141212182336003,0.032171790869085434,0.014088207647460237,0.0011891027502616103,0.826502508420988,3.7341035470793566e-05,0.05630057025918851,7,7
0.0013940822915974056,2.1094799774025736e-06,0.00012070652073322476,1.069949058194085e-05,6.151224705138148e-06,8.640176187775479e-05,1.263677173088392e-05,0.9981000781947955,5.677625409568932e-07,0.00026656650145963573,7,7
0.05711527828291976,0.00010410991770641565,0.00012390707489262653,0.00014874867319174205,0.000227117332569685,0.0016117447934104088,0.009950023923755786,0.9222709846515671,1.051856146632613e-06,0.008447033493839715,7,7
0.20848462293602368,9.023745288720826e-05,0.0018919835460249287,0.00511101563311089,0.008288360974688002,0.0069775372656676014,0.0029655280416036782,0.7284716474423923,8.615083200216085e-06,0.037710451624401536,7,7
0.027112519721863525,3.261170159339893e-06,0.0010337978614199611,0.0004857806610957995,0.0005060507242650215,0.01052678379804234,0.030566109253515043,0.9156376608818083,0.00019022512217276884,0.013937810805658025,7,7
0.003956233430140616,7.219344800246748e-06,0.0004590609708881446,0.00015940438183639975,0.00010533969595790065,0.013806131197838616,0.0017230706908033576,0.9551095271824503,5.698016269430384e-06,0.024668315089014906,7,7
0.00016096547595072537,1.781030404250604e-06,2.6705471026150876e-05,1.4494220564230942e-05,1.6896001570706458e-05,8.179064749694231e-05,3.5149801415450826e-05,0.9961084494695658,6.203296630293642e-07,0.0035531475523426395,7,7
0.02060550593445231,5.662336711684081e-05,0.01615069466537432,0.004864071865071703,0.01938315583513919,0.026761432148037625,0.01192598726225588,0.7043295985824191,1.4865638330300541e-05,0.19590806470180272,7,7
0.08661340512275115,1.4279161698528775e-05,0.007430907849751529,0.0005418945911266909,0.00016280387145792288,0.011325163019634347,0.00011773145787187869,0.8883274349993412,0.0002087507458605263,0.005257629180506179,7,7
0.0006465034909714379,9.699120675751708e-07,0.00012735116514634185,1.7436218301584966e-05,3.8562330178504066e-05,0.00042872169353011367,1.0773287904281394e-05,0.9976639109001267,4.7085423416478575e-06,0.0010610624594318881,7,7
0.0051994064157520935,7.378295656718804e-05,0.0002077705094369328,0.0003846004079246194,5.830461444669722e-05,0.0011461883967866736,0.00040994759837814957,0.982841163696053,3.4085593389923067e-06,0.009675426845315534,7,7
0.0009543212352447099,2.1351946001878276e-05,0.00023876599162281367,0.00018124927923818883,0.0002957255555882739,0.0010315697633897774,0.0020825541845061533,0.9790578256104134,1.139796755385774e-06,0.016135496637239382,7,7
0.06997267416217035,0.00033309973932402307,0.007070918981327087,0.01685737321885376,0.004498452895420073,0.007286923270126198,0.009377368497724803,0.7721870338667258,0.00013258527220216373,0.11228357009612562,7,7
0.036860488245960624,0.0003162706143400927,0.00203351706959583,0.0028167965696733314,0.006837500136081727,0.010358814718172528,0.0038296656065864307,0.9121387216249328,7.634784343051738e-06,0.024800590630313875,7,7
0.00018845678173844125,9.038785138352906e-07,6.686924869221256e-05,7.28097930755112e-06,1.267052076997009e-05,0.0005301098164721582,2.2049837297037485e-05,0.9986520941353609,6.960633502985556e-07,0.0005188687384978309,7,7
0.004352242221881405,8.358843422506392e-06,0.000617037101907156,6.047943294296628e-05,4.445324413253266e-05,0.0061579134210194425,0.002438350341604804,0.9759408562699075,7.997480344726937e-06,0.010372311642836776,7,7
0.1944756939319545,0.00040261847099845084,0.02418254298181563,0.011321632087992388,0.0019102986080193546,0.032456003302388466,0.0029817645939746802,0.7019563097614607,0.004479190035260306,0.025833946226135586,7,7
0.00194888311321421,6.659176100202741e-06,0.000378481738723526,6.117446700721374e-05,4.863498269706663e-05,0.0021799689849757603,0.0005924940510394893,0.9901000395310653,3.5255616097852357e-06,0.0046801383935676155,7,7
0.00013341111221488547,6.231195028924676e-07,0.0001515165731890779,8.508132173784547e-05,1.0448762948141346e-05,0.0002731170936797878,2.8159106925765417e-06,0.9952033756713325,4.913287231367767e-06,0.0041346971474707376,7,7
0.00016473141342704362,2.0159352779808997e-06,0.00022371275927086134,6.051257310765945e-05,8.034728155390138e-06,0.0013482470256494788,3.272083589204491e-05,0.9936124350393616,6.143539930844701e-06,0.004541446149926932,7,7
0.030999331580919054,0.0006184194043549056,0.004851905182355527,0.0018476857345198637,8.641577107099513e-05,0.007457848762177581,0.0017488933714663647,0.93298436866456,0.00019659533036534748,0.01920853619821037,7,7
0.001574584261495539,3.5743669853319073e-06,0.0004826108728983627,0.0012520351473739783,0.00010743949776385452,0.0033685334952091627,0.0006155511083998233,0.9855184168950298,4.307523136665295e-05,0.007034179123477506,7,7
0.0013247395940154435,3.625761507956442e-05,0.000554091321004541,0.0009366553293592005,0.00039100298779916424,0.0023832412052507074,0.03463192142526078,0.938284903556645,1.8491823525871655e-05,0.02143869514205994,7,7
0.016673511248982406,4.512365694746865e-06,0.00029277734531099603,5.496992641497681e-05,4.813923162604861e-05,0.002122330806546768,0.00022356154990950316,0.9694332074565669,1.5883839130072784e-06,0.011145401685034853,7,7
0.05561487916806271,2.3337118417400337e-05,0.0033396491947946493,0.0005329598609382927,0.0007231885684839766,0.025456264622824163,0.0005781301722426306,0.8998741684413775,1.0023826131716969e-05,0.01384739902672718,7,7
0.013625095970904957,1.4664296364529101e-05,0.008870426832245272,0.0021424239964094372,0.00021962046856802806,0.03182121332031472,0.0030379468384446645,0.7801597013351237,3.008651655380394e-06,0.16010589828996946,7,7
0.00011728245168322678,1.6074183913496134e-06,0.0001347887391660777,1.14315387311735e-05,1.6933323894307735e-05,0.0008444822280333641,2.0897624684209895e-05,0.9978100914204413,1.6423594115017014e-06,0.0010408428955633632,7,7
0.0004911511032111046,4.227646081303353e-06,0.0001096708215386433,0.0007685387318988903,7.828496783345513e-05,0.0026814758562647353,7.690056126363421e-05,0.9937653396274545,1.6598634210736837e-05,0.0020078120502429204,7,7
0.039334544581504,1.786684273523581e-05,0.003709575662437062,0.0010019587687019574,0.00047139416332704544,0.006436312866276276,0.002043239948995708,0.9379399740069947,0.0001840042637663201,0.008861128895261841,7,7
0.0006541433510685928,5.955832707366021e-06,1.3910731535578797e-05,1.424608234884026e-05,7.482249807019055e-06,7.245553271606151e-05,1.2273092525197598e-05,0.9990511011465513,6.214274602219474e-07,0.00016781055327966436,7,7
0.000261956666181322,4.750916010625047e-06,0.0004311146007055355,6.477795222295472e-05,0.00015284189008978781,0.0042902769500994,0.0008958683597947561,0.9795879807424478,4.552174086233813e-06,0.014305879748361788,7,7
0.026037020404951743,0.001041294983677797,0.00012068654819740224,0.0007187596247552169,9.236088860678976e-05,0.0015205425639900614,0.0007438023671860827,0.964849664114667,4.979105679595115e-05,0.004826077447172057,7,7
0.003720686997825984,1.0513437861436283e-05,0.0005534520754670719,0.000523441463058798,0.00013389549110553688,0.0041447446095662106,0.001907817720853912,0.9709980881159938,1.244764440571458e-06,0.01800611532382674,7,7
0.0014879326566931454,3.9170880660502665e-07,2.124933266624476e-05,2.1143843060884095e-05,3.466225671940509e-05,0.00022249048776321016,0.00013710942276702707,0.9966197797140732,2.818462809008756e-07,0.001454958731169258,7,7
0.019305601866498965,6.141957938965265e-06,0.0002799306784224606,7.636887310846012e-05,6.0979745145165494e-05,0.003121840589606168,0.0006431490454115616,0.9625192471084385,5.291543577161734e-06,0.013981448591852809,7,7
0.00029353046334443044,9.603931254192803e-07,2.5752827180940643e-05,2.8236841431858206e-05,3.5602766488321396e-06,0.0008174334128132313,0.0001317122704626821,0.9947473133967916,1.9669228209341405e-06,0.0039495331953802925,7,7
7.75197823278236e-05,1.2654793898207045e-06,2.2439923571316765e-05,2.8423066290297465e-05,1.1671005592401044e-05,0.0007576727339877035,1.3858831638408553e-05,0.9962286194301307,2.9372268152990187e-06,0.0028555925202561573,7,7
0.0006055168309901415,5.458753921079547e-05,0.00016727954901325618,3.9265043375792024e-05,2.4488034075488216e-05,0.0008493183270356077,0.0004038687004330962,0.9962787989451908,1.171583052991447e-06,0.0015757054476223983,7,7
0.00014029969926599494,3.2356800077683345e-06,0.0001264860034697959,6.047840034163325e-05,4.208205104855632e-05,0.0003114370506845085,4.167719469138403e-05,0.9982247897652677,1.207515074275199e-06,0.001048306640148584,7,7
0.054325625130866986,4.244915292129188e-05,0.002807772338500885,0.0002549193242944749,5.1107340994577515e-05,0.010418379069470202,0.0014259534991307543,0.9259612365227825,5.4782514702608935e-05,0.004657775106335749,7,7
0.18670724866784055,0.0001421783027521329,0.00351803523211688,0.0014798622777453833,0.0015724996763152618,0.010280622807015957,0.002490386219044559,0.7560724991536792,1.759508342189231e-05,0.03771907258006809,7,7
0.16921474362245256,0.0002748434549101251,0.005755522824546876,0.004267301780892679,0.0015992636020909464,0.012831539355102641,0.006388972366497322,0.7601226480792415,0.0007588721873289918,0.03878629272693636,7,7
0.0014514548530934765,1.882779655761731e-06,8.27118331345244e-05,1.5192562074403002e-05,1.9495001001483322e-05,0.0004825790052365867,1.1597375464702345e-05,0.9956893034675196,1.3622580322252272e-06,0.0022444208647872787,7,7
0.007908312640934839,1.1297123608865492e-05,0.0006254599781721974,0.00078619691712907,0.00021286108517697876,0.008448420836454276,0.0008648457438334783,0.9650144362017292,1.8816307614981532e-06,0.01612628784219943,7,7
0.012070696105574189,7.358123647100068e-05,3.321155614340765e-05,0.00019427962685844737,0.0009460192566488574,0.00042176523485435097,0.0017823457222185934,0.9820910948547994,3.5514990804746614e-06,0.0023834549073514164,7,7
0.00328092466442083,1.5238455113708773e-05,0.00012699017956773267,3.676490112083263e-05,0.00010617996268014904,0.00214904314163025,0.0028065414165038194,0.9821690587747186,8.086379013391108e-06,0.009301172125230545,7,7
0.0015511680957805835,1.6514417243505079e-06,1.8640844613792545e-05,9.019409924330286e-05,2.2849231808423105e-05,0.00043304499844753694,0.00014080037929195015,0.9951748541008553,4.135275452434954e-06,0.0025626615327822427,7,7
0.00014274567856922658,1.4100988886739162e-06,5.872905080394528e-05,2.0955945130120012e-05,2.3611364476549024e-05,0.001005728236482026,7.150248943845668e-05,0.9957142855096659,5.145103933735926e-07,0.00296051711615154,7,7
0.0031051181784455613,0.0002363184233273394,0.0013938771809497237,0.00032681435549111883,0.0003121001451632186,0.0042103130978698505,0.0006659537648168157,0.9781648061725225,2.375166530075844e-06,0.01158232351488367,7,7
0.14546587886306767,2.6069719872308333e-05,0.0005023547775546606,0.0005374337497657034,0.00043190436702547386,0.00321336783379179,0.0012558320656842696,0.8414803772220953,1.1795256690150079e-06,0.007085601875473821,7,7
0.206239955051997,0.030328800217464286,0.017239811746012263,0.062184180841470454,0.23259443403496674,0.36125502360881123,0.008400264000264755,0.06044842479110954,0.00039153567367939253,0.020917570034224585,5,7
0.0023188335507517976,1.5016672923117548e-06,0.00010575773648931227,5.484878504686696e-05,4.9066283900873196e-05,0.00053972267472598,0.0003859195356166669,0.9926023348612324,5.427094872468138e-06,0.003936587810071404,7,7
0.000397185460858595,5.1582639687342894e-06,0.00010065328561249993,5.024802906894411e-05,4.597448682127713e-05,0.0005744560010571584,6.406419171290167e-05,0.994981808101488,2.232434308162669e-06,0.0037782197451040464,7,7
0.0065617729089435545,1.0736657667748997e-05,0.0019914166428790956,0.0023460955728166035,0.00045709856635608103,0.003024731645996746,0.0014748437303184346,0.9236600441425652,1.5808206927960685e-06,0.060471679311763865,7,7
0.01915630401015328,4.893653270867316e-06,0.010973487227166295,0.005438367627848085,0.0007530287714590975,0.02328538070979854,0.0002600623792065565,0.9119288086938195,0.0218128457908492,0.006386821136428631,7,7
0.018843583144416233,3.0809662189399515e-05,0.0004174230601050562,0.00027414166794606813,0.0006896504030988181,0.003765921531035651,0.08190474811613624,0.8727012016629844,9.111426584647832e-06,0.021363409325503624,7,7
0.05453008899027881,6.035848927115921e-05,0.0013580686027115743,0.0003296932764989655,0.0003085927544119926,0.008419701545076888,0.001322563842152275,0.924820993788484,1.6391911074201358e-05,0.008833546800040067,7,7
0.008958409495061022,1.636461114381981e-05,0.0011084526871346018,6.841837574381607e-05,0.0003293905243463674,0.003257310628375889,0.001149950654915606,0.9759149080805488,4.216539137394952e-06,0.009192578403592742,7,7
0.00990461975735344,0.0001582318337832407,0.00039444226374552233,0.0008907437177219145,8.383932645645796e-05,0.004549137829928104,0.0011356607115837066,0.9627819457728604,3.2346455032726704e-06,0.02009814414106418,7,7
0.00015208491954559915,5.478179705371422e-06,0.00010423412600555475,5.47686970494703e-05,6.134583292906967e-06,0.000369687742375319,5.395678659377281e-05,0.9980713749313179,2.469201997565163e-06,0.0011798108321163896,7,7
0.003694245219315223,4.857799810826935e-05,0.002104672086858662,0.0016792155110206676,0.002447632808131638,0.008480461483756517,0.00037540672171191994,0.9604440283397678,1.6233205188698137e-05,0.020709526626140628,7,7
5.105054078504749e-05,6.843068656471592e-07,0.0003929714340691483,1.7916502395917998e-05,5.973327798585037e-06,0.0002449441214483502,4.8590088764181485e-05,0.998744193738109,5.456605136317362e-07,0.0004931302792510533,7,7
0.08798237156222634,4.8477223177671266e-05,0.024072654592044378,0.00854463710628578,0.0019694733957596145,0.15486623685539314,0.0019700125200073472,0.06938266514077686,3.666647778540489e-05,0.6511268051265434,9,7
0.006451827932439411,3.354264687919923e-05,0.00014302352563339295,3.213791305078388e-05,0.0023696096220324255,0.006432704178222197,0.0010217066172135136,0.9691651997533166,2.001547185708354e-06,0.014348246264026865,7,7
0.06474146521698887,2.154964364092787e-05,0.003317534478730448,0.0006766842754261158,0.0001399911005302959,0.011398001459267521,0.0014402428553901587,0.9099507299357957,0.00011280471016449729,0.00820099632406553,7,7
0.009594597455659052,1.5220227667144548e-05,0.0016285504068392232,0.0007922555849761651,0.0006807533110685927,0.00486300426024864,0.001325810523751344,0.9576726789920905,1.4460956366035591e-06,0.023425683142062746,7,7
0.3705760923440754,0.0018063207731837745,0.0027737606674610527,0.024925273432741122,0.02319312141748625,0.01649481563420543,0.012746242251462082,0.383821032615046,0.00013245173145933083,0.16353088913287953,7,7
0.0036213719247163386,0.0001372715819275609,0.0006554048731412623,0.0002498937887829365,0.00017994620815655918,0.002676728206807867,0.0014229956607375793,0.9829361935123762,1.3461094515489345e-05,0.008106733148838212,7,7
0.0007289258761484939,8.155182672437622e-07,6.861402421688904e-05,2.8119054376572506e-05,1.0832755068703506e-05,9.010966173623864e-05,1.4986221103326562e-05,0.9975709480324969,1.45732762299e-06,0.001485191528962481,7,7
0.009039287107142911,2.8738876176077334e-06,0.00045312103088656464,0.00011883231383584729,4.156121769028892e-05,0.0008200929290693175,5.029592322941341e-05,0.9871227594418499,0.00011919690425218751,0.0022319792444257906,7,7
0.0060804205144667405,3.777879916771212e-05,0.00029173852519725644,0.00038800654490078745,7.062235142362501e-05,0.0020540030782374773,0.0016904012197745178,0.9847744525881731,8.075434664063096e-06,0.004604500943994909,7,7
0.03328727432084694,0.000768575045570073,0.004923522479466489,0.008642988216577203,0.00795326882515643,0.025231538410751674,0.001900915765402026,0.8953732895634307,0.0008490457059683334,0.021069581666829967,7,7
0.00918270125852282,0.00018828739056432064,0.0013663005378804164,0.001346281630576022,0.0014992655723863127,0.01266647938531196,0.006197917717162532,0.9020713711703267,7.454263733234919e-05,0.06540685269993657,7,7
0.0014828343949068843,4.052135997593775e-06,5.429157066863492e-05,4.264091375269054e-05,2.3960918450641788e-05,0.0043855013783994125,0.0036827916473535956,0.9723779599175777,1.1627833273229627e-06,0.01794480433956551,7,7
7.677242083108012e-05,4.283891526403731e-06,0.00011949311185590955,2.8116763711974473e-05,7.377395750021038e-06,0.00023333234433803115,1.2297581768042744e-05,0.998708228844152,4.2814761343478845e-06,0.0008058161699321312,7,7
0.01777984756010794,4.912666336976544e-05,0.026006698774713292,0.0006329879028207498,0.0024480286646855424,0.01790068296293587,0.006762536848964638,0.9135636464047439,0.001683593502976209,0.013172850714682032,7,7
0.0005182578867938465,1.6786797005810633e-06,6.559441881396786e-05,5.8024554274166744e-05,2.6333730298718295e-05,0.0019666935083628287,6.624020349182528e-05,0.9909342296014093,4.750190272199524e-06,0.006358197226582681,7,7
0.012242310948855294,2.870613404092606e-05,0.0001267922542182924,0.00011069719727570421,1.744644990225163e-05,0.004597855575401897,0.00018398404613745252,0.9752123427376277,7.82052995547757e-05,0.007401659356985729,7,7
0.015745322463587605,1.016568478041317e-05,0.00035749619166376137,0.0006013941617784775,0.0008277979032637356,0.0053582464465936125,0.0007289627738776973,0.9694178746223767,4.791315513838711e-06,0.006947948436564367,7,7
0.0057203595889924585,5.8146350074515895e-06,0.0017531201147830758,0.0009435483118670021,0.00011827509701981662,0.011852539174627339,0.0007210361697732523,0.8784503740558772,6.28625436537156e-06,0.10042864659768705,7,7
3.5390214655141947e-05,4.958899113894433e-07,1.7135466024256285e-05,9.036452412930557e-06,3.305181190539903e-06,7.372901799657378e-05,2.6184251416097995e-05,0.999079040660415,7.080068877386286e-07,0.0007549748590909474,7,7
0.0062484654013274825,1.114104225118857e-05,0.00019293412266393467,0.00011034481254145789,0.00014804123156505672,0.0012028424769868415,0.002090997516919726,0.978367626874393,1.5229629035875112e-06,0.011626083558447903,7,7
0.013753715149532187,6.745140214017564e-05,0.0016059018435394168,0.0025443970297207644,0.003139206635848658,0.01988284050278667,0.0017886561051140186,0.9365453298213265,8.002955550377724e-06,0.02066449855444112,7,7
0.0013056879402342746,1.7569053462704404e-06,4.745468398046359e-05,5.233529457811749e-05,1.434923467094686e-05,0.0003553629846394352,6.94612733412645e-05,0.9846297423395787,6.136035519479026e-06,0.01351771330811118,7,7
0.03624719890053883,0.000213608159539707,0.0013684659360306813,0.000120438398243639,4.6263337666150026e-05,0.0016583958273821346,0.0005146277126897363,0.9531818465310095,0.00015737828049568333,0.00649177691640406,7,7
0.0009873562034060457,3.864085560388276e-06,0.0001556396276894702,4.5440544408924136e-05,3.367279374386926e-05,0.0011872750956861851,9.835477847507092e-05,0.9722941470457155,2.1762980349532188e-06,0.025192073527279486,7,7
0.0004202888943878416,3.5338564885446997e-06,0.010393945214766066,1.241023301664509e-05,4.39133124245075e-06,8.994314941200214e-05,1.9841001450919117e-06,0.9800429292839514,8.823909366803712e-07,0.009029691545653765,7,7
0.00015911499771864335,3.199294050892312e-07,2.5143050230501094e-05,5.525418590928911e-06,2.2817301734631714e-06,0.00012043983630868564,1.6713903080312523e-06,0.9992962894610182,2.5804444790985e-07,0.00038895614179895293,7,7
0.0006157115281666494,1.939310824990724e-06,0.00018140108005695023,1.3918392386681847e-05,7.339351731729742e-06,0.0004417426427056132,2.2305730870119824e-05,0.9976778891436318,1.3654124050976577e-06,0.0010363874072203,7,7
0.0013288104899662797,1.013444280839077e-05,7.777362333626463e-05,5.467518691448105e-05,0.0001259034849214039,0.0008804258700027586,0.0006657729270366048,0.9926633887929989,1.1219211326667399e-06,0.004191993260882144,7,7
0.0015701788097038235,8.330945854623798e-07,0.00130511197527376,2.652860740921979e-05,4.004600470534087e-06,0.0013292551059273822,2.653626223620826e-05,0.9944002470411251,1.3031657033554566e-06,0.00133600133756537,7,7
0.01149869097445845,1.395326075181262e-05,0.00018247227478828605,0.00018589166538157922,0.00011225477367897151,0.003768886223913615,0.0005289000442320495,0.9788170076148207,1.3021235304354133e-05,0.004878921932670348,7,7
0.012282168090823565,6.110313221876036e-05,0.008541832229723557,0.011361984563818909,0.05366081986570729,0.04014126169255254,0.017611896982905318,0.14870799966526665,8.548116414621505e-06,0.7076223856605688,9,7
0.000867885881123269,1.7047657098028021e-06,4.879855420546123e-05,1.852427638182822e-05,1.3957735017569263e-05,8.155543426437e-05,7.55523520318805e-05,0.9952851690455675,4.663840884680597e-07,0.003606385571609999,7,7
0.038588123785804694,4.3002267752931974e-05,0.00031002184475250493,6.838203371871404e-05,1.0719801466631152e-05,0.0003087063838773994,0.00023089086717901586,0.9592399884417966,2.510900337249465e-06,0.0011976536733144907,7,7
0.37876662706416825,0.0004405656288262677,0.0048417041747348824,0.007376542416609168,0.050331622313841605,0.017827911968141374,0.004897819618722747,0.5116408619613516,4.6602566972360566e-05,0.023829742286631577,7,7
0.43189645262853243,3.03506791901879e-05,0.0008196011831171136,0.0005466610893497913,0.001557591856100552,0.036150403236418265,0.002185806066949907,0.4261280269937168,6.88872231939588e-05,0.10061621904343099,0,7
0.009712790944114702,2.8815044912282946e-06,0.00018579231524106096,3.5977772856762994e-05,5.386781831072585e-05,0.002796322120205222,0.003203422334419661,0.9757061448970006,1.087368457402508e-06,0.008301712924902522,7,7
0.011646959142333848,1.195896922520462e-05,0.0002807254387665526,0.00027224750690335836,0.00016492455617134175,0.0022506740398168528,0.0065571532257961,0.9692828414856794,2.643244265102811e-06,0.009529872391042285,7,7
0.014942216097764409,1.5587586225629446e-05,0.004738649912060137,7.964913835481522e-05,0.0006247817813706056,0.03650154520686444,0.0025239650765731536,0.9195229516393205,1.0994553162151796e-05,0.02103965900830437,7,7
0.03645272288281338,5.662668553259683e-06,0.00017112430140504156,0.0002878762622020618,0.0001811926044612586,0.004345288356659078,0.0027293410934288265,0.9477366333415995,1.1653811306568061e-06,0.00808899310774689,7,7
0.01895513492383409,1.3015515813543169e-05,0.00022586005061457363,0.00016233162175870308,0.000639164966339249,0.003614103213115424,0.00019729905135443254,0.9734094251511698,3.615015298031734e-06,0.002780050490701912,7,7
0.00010374187789132346,1.2412004519477326e-06,3.99599692519728e-05,3.1243889853052056e-05,2.3632826218091376e-05,0.00038688241717765534,0.0001486626808953412,0.9976022504578297,7.336626200062678e-07,0.0016616510178107755,7,7
0.0011314886490679066,1.2745695861379002e-06,8.57376413894295e-05,2.8550471876574876e-05,5.4875383532861387e-05,0.0015120141705633832,0.0006913824062288277,0.9952100311929255,2.262667021278746e-06,0.0012823828478082215,7,7
0.023653462437818056,2.2427479781209327e-05,0.0003674155009330256,7.820063018395346e-05,1.5174763137421307e-05,0.0019132002261776579,0.00011921755834869753,0.9666893117463722,3.622069457741947e-05,0.007105368962670484,7,7
0.01917873135206867,6.760394698757185e-06,0.0006352750929205434,0.00024023975942262976,0.0017698046347607215,0.04027546046017066,0.0011343126001870955,0.9068662219507526,1.1369018920315824e-05,0.029881824736098152,7,7
0.00026901896462168206,1.088967533697493e-06,0.0003543493603077233,0.0001330187105615403,4.4747198228829385e-05,0.0008943271295248161,1.5194477880105525e-05,0.9956375389006549,3.409122591194364e-06,0.002647307168095334,7,7
0.005426270589419682,4.528826331831493e-06,0.00013679935658461262,0.00022762966331253925,6.534990056984496e-05,0.002356559782891653,0.001958827222729484,0.982275555798708,1.8405473293416535e-06,0.007546638312123299,7,7
0.21661624650813527,1.93152302917419e-05,0.0017767352875493634,0.00015420377847795612,0.00023844997191192123,0.010063064072348839,0.04405651718241316,0.7196976638244312,1.304044340792575e-05,0.007364763701032709,7,7
0.0019546478079661856,3.821427471046102e-06,0.00018948141879520918,8.645305140318793e-05,1.3659137025637331e-05,0.0006053416295665984,1.0874699144718942e-05,0.9946038068794933,7.212974915346307e-06,0.0025247009742184493,7,7
0.007705238461286238,7.50970079044512e-05,0.00013476228928048116,6.989347571686693e-05,1.096121711291676e-05,0.00040439414032734,0.00014601329084616197,0.9691249460236723,9.215155065258598e-06,0.022319478938788193,7,7
0.11212098680341533,0.00047035074411526986,0.0031263041430926296,0.00039002277862041046,0.00021524251827011802,0.0032503556219242455,0.00041270948113531966,0.8745587340753731,0.0028590521600111284,0.0025962416740425622,7,7
0.001134886916749774,2.3967861769143458e-05,0.00013737809929671913,7.628167587547353e-05,8.304410298098173e-05,0.0011759892805122867,0.001268093926946655,0.9506715867234861,3.4879111620395502e-06,0.045425283501220964,7,7
0.5779696762062371,0.0008240080883104941,0.1424518503647112,0.013621656618669525,0.0026784004650396423,0.11111952618323283,0.0006156071617091894,0.061032876626259905,0.006357835442325071,0.0833285628435052,0,7
0.00999749606145997,2.2562849162824365e-05,0.003602247971592444,0.034896578491447734,0.0006080372316247103,0.03678941026001427,0.0017924254739299559,0.8790151570345323,2.5015603963293786e-05,0.033251069022272636,7,7
0.0013712594189732308,5.5261144592217926e-06,0.00016828717694483518,4.8332666345617285e-05,0.0001931557293304435,0.0006191241482014767,0.00036546171200745525,0.795973454610846,4.764528641139199e-06,0.20125063389425046,7,7
0.06805398063536351,4.240962927365248e-06,0.00027358439718072077,0.00010771281052511658,9.182011778844614e-05,0.01033289975487004,0.0006054531297483164,0.8795434736868551,4.044787729212017e-06,0.040982789717012025,7,7
0.08136637299816518,7.021481011798528e-05,0.0013524103297861915,0.0005237521887667501,0.00013402392890903757,0.021761680999110453,0.001418388086495727,0.7974889068411157,0.00021630606823382277,0.09566794374929913,7,7
0.014027475657563265,5.345038798528812e-05,0.0012612469467565496,0.0007422149835369857,0.0005088112454836705,0.018422876816600712,0.0008233488772985477,0.9380918468998969,1.3710054261700763e-05,0.026055018130616607,7,7
7.307611996527552e-05,9.586066379763322e-07,0.00016783635691469372,3.625713090217064e-05,8.721059606912815e-05,0.0005708335100278413,4.159563933774292e-05,0.996457335784367,5.89621895185315e-06,0.0025590000368264504,7,7
0.0013562013443717093,1.7686184787481577e-06,0.00018291243341009872,2.713318106609282e-05,3.239453182287736e-05,0.0025338830438334597,5.6015928681564936e-05,0.9949136959266313,2.6280950464596635e-06,0.0008933668966578103,7,7
0.005111983879784739,6.423763374528631e-06,0.00022141219720214262,4.502452938527647e-05,6.828766162309945e-05,0.02332111438058491,0.0009458171767206105,0.966495985073242,3.343479430574468e-06,0.003780607858652278,7,7
0.0012000680502855367,4.5120173512446715e-06,6.392598907216534e-05,3.5308548508221375e-05,6.189448707760198e-05,0.0006734001806167707,0.0004808775297038957,0.9881161269856387,1.5631925520132855e-06,0.009362323019193642,7,7
0.03826768436369932,0.0020922464415041257,0.013051651574468876,0.0024397385314242244,6.019959914094662e-05,0.012478215901781834,0.003937582977880642,0.8855199785765488,0.0007621916110676831,0.04139051042248361,7,7
0.005433878365815526,2.470302478462169e-05,0.00017912685980103218,0.002670585478108821,0.0010342731269848918,0.0028126363890704324,0.0028754605283964176,0.9750603527453254,3.487886536571987e-06,0.009905495595176492,7,7
0.0026751696516978123,2.1716211710001037e-06,0.00011316195051055282,7.35699845256465e-05,6.481487442578596e-05,0.0023161149712802717,0.0008566971639860626,0.9809405191976944,0.0001841085036227299,0.012773672081085478,7,7
0.0007072124987429915,4.374928638127014e-06,6.537346499739566e-05,4.2495595363845936e-05,0.00010862317501826063,0.00024382944044080878,0.00017305124110006864,0.9954206970738848,1.200938378070084e-06,0.0032331416434355645,7,7
0.018908874698654474,4.214125399910063e-05,0.00021837133970752985,0.000976344858353682,0.0010351161356517763,0.006604741958611458,0.03783842391646541,0.9131464520393762,7.84004440446359e-06,0.021221693754775985,7,7
0.008034058782933206,1.7485668875173486e-05,0.00084019328888169,0.0024285838983509737,0.004352974612793374,0.005546546689687328,0.0007047731699696418,0.5135406291332785,2.2921355196462944e-06,0.4645324626197105,7,7
0.0002664515459937601,6.416127253763723e-07,6.281514615997116e-05,1.1725992217436375e-05,6.549610737210743e-06,0.00015417848252514765,3.2383246911509676e-05,0.9987676187119628,3.291734974527273e-07,0.0006973064772694612,7,7
0.020732002699748914,6.580450026247458e-06,0.0004451291816930772,0.0004038760888108113,0.00033742406433630637,0.00981014003659587,0.01048191656533811,0.9119530574806285,5.160988946330962e-06,0.04582471244387584,7,7
0.0036545994873571526,1.7927669447039894e-06,8.570115576189993e-05,7.397633969443434e-05,5.9261194509876664e-05,0.0008064181203985854,0.00017367127368603106,0.982251066484021,1.2883864358162639e-06,0.012892224791190454,7,7
0.00044419071371797135,3.0397617145737813e-07,2.0993057851479016e-05,4.6478335250803345e-06,9.744295225673993e-06,0.00011646462905877683,6.159212796798059e-06,0.9981712414630433,3.520505653822413e-07,0.0012259027680442802,7,7
0.0820244006068008,5.374803108929064e-06,0.0006170265465383702,0.00047600268440771133,0.00027008239650582984,0.0289777916899788,0.00012365391032386722,0.8001013615595984,5.661546313055823e-05,0.08734769033960679,7,7
0.003460512001110595,8.31254605926822e-06,8.848347279936072e-05,0.00014008970975424494,0.00010422805822430528,0.000576697336094301,0.00286556227849938,0.9860017233739427,3.4283761965989164e-06,0.006750962847318983,7,7
0.05506842976508687,1.380006199518976e-05,0.0028248076520844545,0.0008347753689020118,0.00151159935158726,0.009179046657717169,0.0042109583736098565,0.9095112454122999,1.7040281031825523e-05,0.01682829707568573,7,7
0.0034646709830654186,8.654859078999568e-06,6.743172028746242e-05,0.0001012660426036413,0.00022784185068221063,0.0017863822077047726,0.00020129022708973934,0.9893090684922632,1.4259653985707742e-06,0.004831967651826316,7,7
0.0008690315848717984,4.843596934225515e-05,0.00035312429836531473,9.417649978048028e-05,0.0023436435806639465,0.028080553841905897,0.008491548199779337,0.9473421597866989,5.669321554870347e-05,0.012320633023043433,7,7
8.751647651091465e-05,7.5768687403163735e-06,0.00020806994669260047,1.758711010127991e-05,6.68149576155499e-05,0.0018776001609117896,0.00020163898786256245,0.9957429837895609,1.9104994321556065e-06,0.0017883012025717827,7,7
0.0027844349121798175,9.234624690189852e-06,0.0033906288078220867,0.0004927950879940469,1.8197072184929975e-05,0.002225531476851638,0.0007887394868701014,0.9823456345928875,0.0006214191726386121,0.007323384765881346,7,7
0.0002162770818799725,2.365102232572116e-06,4.603937999238988e-05,7.59135762821696e-05,2.8073727441018227e-05,0.0005551430346267941,0.0002770721118335424,0.9968769857316302,5.830419185759738e-06,0.0019162998348955748,7,7
0.000557746928826992,1.6140220449757231e-06,8.593374483226367e-05,0.00016043046083566876,2.0532960460729306e-05,0.0014515685693095306,0.00016793800984196087,0.9938754970219257,2.216599581741977e-05,0.0036565722861048072,7,7
0.00023605609519406065,1.0929912443475537e-06,5.2110138206625514e-05,3.263929155370564e-05,3.0000858426061605e-05,0.0011451011888350979,7.563953549085738e-05,0.9930503615031954,7.775734347825805e-06,0.005369222663506003,7,7
0.05511861853372624,1.9088855771718037e-05,0.0014951500564831589,0.003412145402839315,0.001998035754022294,0.006399819940263099,0.0014509435703168455,0.923735277757805,6.514514177985173e-06,0.006364405614594494,7,7
0.059311479900094624,0.00011632146613367674,0.004451993528581093,0.012327784639343656,0.00525653838246465,0.0073796206298526405,0.0037708120521922055,0.7116653663880412,0.00023410462416618722,0.19548597838913004,7,7
0.005728641082983742,9.67023668844041e-05,0.00017091225929209082,0.00014933309994129884,0.0006777931853367246,0.001288222815373905,0.0009158237450888466,0.9878692554399154,6.920327159129411e-06,0.0030963956780246877,7,7
0.028725014019032727,0.00014224488687055887,0.0014803645894547477,0.0007189473241928518,0.0005909776767867765,0.00461605217517493,0.007437874685843785,0.9398364393267865,0.00022778249218104705,0.016224302823676186,7,7
0.001955280184816802,2.162399629930236e-06,8.252067452288312e-05,7.496991144027036e-05,5.239920743974198e-05,0.0002012591433744356,0.0002773254104821897,0.996159503394745,8.789129313236578e-07,0.0011937007606175924,7,7
7.871299089186295e-05,2.4705928686073333e-06,5.425149333169295e-05,3.319315559070532e-05,4.4788708738181044e-05,0.0009464455224788957,3.889389507775595e-05,0.9949973759982093,1.01949519321867e-06,0.003802848147619797,7,7
6.618213598961082e-05,7.598022396702412e-07,4.738806280380923e-05,2.047814432772553e-05,1.1986275726333133e-05,0.00010851870685463809,2.84591154625139e-05,0.9988092852718761,8.845872783642273e-07,0.0009060578974411753,7,7
0.0025715405964422304,1.8406489093844935e-06,9.798213101025805e-05,0.0013846313918233516,5.298559083960345e-05,0.004069018537356334,0.00040257115183200704,0.9829424033509548,4.938394227026863e-07,0.00847653276140959,7,7
0.059976851647100766,0.000262713342873311,0.0033895000809696573,0.0007304064190963937,0.002516813101738613,0.013794519562990604,0.002037160397470281,0.8929653658141142,1.7039128649346697e-05,0.024309630504996932,7,7
0.0036922572954505403,1.4949437285645343e-05,0.001644658017586172,0.0001466467787174337,2.175694690000933e-05,0.022588853213237614,0.003790305032866496,0.9289191504109472,0.0002208052439713528,0.03896061762303758,7,7
0.016691283588771363,2.7496262896802695e-05,0.0016946055964269374,9.83824925499888e-05,0.00027423050564524045,0.014759559234083739,0.0031321850602388777,0.9461843717821711,2.263770069001245e-05,0.017115247776525903,7,7
0.018473555346895255,0.0003924760974124022,0.0023748887784381953,0.00431545071512227,0.0033548766445283453,0.020414198159333985,0.0007860615723760026,0.9256190532964548,1.9446694169705258e-05,0.024249992695268868,7,7
0.003276231598233925,6.387764120701728e-06,7.42861477054192e-05,4.2561736639736014e-05,7.657202276279723e-05,0.0008001985352527748,0.022957877684213014,0.9698144588764246,4.820953263881391e-06,0.0029466046813832704,7,7
0.00011390800772230144,1.0837729420856458e-06,0.00014871442610681036,2.395516473749737e-05,9.547800778817978e-06,8.42899388261365e-05,8.066177524606215e-06,0.9970340019566573,2.900968484128442e-06,0.002573531786220269,7,7
0.000613374591682931,6.2137342789794474e-06,0.00031264162509390004,8.958404544098015e-05,2.389225159775867e-05,0.0013407652165761106,0.00024069100426899295,0.9938201953688788,3.4314812801586e-06,0.003549210680901493,7,7
0.006484488231396777,3.6041211494209315e-05,0.02781914804139676,0.015864254618511382,9.380807957972808e-05,0.034634861976160405,0.001147752398838722,0.8897683971608948,5.2937631727261876e-05,0.024098310649999954,7,7
0.00033902749801769294,1.5739226821760482e-06,0.00012015435578992164,3.397849622399861e-05,6.39119531214964e-05,0.0008514265982506261,5.299793983526666e-05,0.9975912565900817,8.683657847674485e-06,0.0009369889881497387,7,7
0.058721584933070475,2.5105644955226816e-05,0.0016122774496280588,0.000938181949126207,0.007859062685011235,0.022097717667122593,0.007809453277186998,0.7233333524291974,7.5317740694301355e-06,0.17759573219063257,7,7
0.0001148605947646118,9.202243988128494e-07,6.317664845832311e-05,3.5163470589548905e-05,1.3985865427835e-05,0.00015591326157137904,1.2656444707663991e-05,0.996418139060874,1.4052076762625747e-06,0.003183779221531754,7,7
0.054359818080382455,7.053950551047684e-06,0.00029195282758767466,7.249896968892946e-05,2.7614359366904436e-05,0.011420091340055467,0.00017827267798005924,0.9299213508579023,1.828667041928743e-05,0.003703060266065852,7,7
0.034003025930186774,0.0011529822272400242,0.0009615296813729952,0.0012723559303633048,0.029669547328697133,0.007405631094934646,0.02067415484303789,0.8983396543928253,6.57319316395091e-06,0.006514545378178067,7,7
0.059174611404135914,0.0019985242546311497,0.1471162572356915,0.013121815393093142,0.026100012397608084,0.685933968713441,0.005358810363430742,0.029749354640932545,0.008379361644397686,0.02306728395263826,5,7
0.003701534521950934,7.4642180040090795e-06,0.000131624556262154,0.00017336343642512797,0.0001181268412991032,0.0024131389182288766,0.001241448363215734,0.9868427438335079,3.063450376967952e-05,0.005339920807336724,7,7
0.004393471654464897,3.593140692713668e-06,0.0002932769953973155,0.00013597676114012285,1.103021662861762e-05,0.00547307068496626,0.00019021094449641338,0.9808178258669806,8.422676106990068e-05,0.008597316974163209,7,7
0.03011564042422467,0.0027894876785244057,0.004991750954709292,0.0012475948886251646,0.00012449354485931122,0.010619188220124334,7.57464109480827e-05,0.9367307745609158,7.679399586433256e-05,0.013228529321204392,7,7
4.4815340010091124e-05,7.505251897805283e-07,1.7753149983062365e-05,2.538528773077229e-05,1.0579166795163583e-05,0.00016319470125243386,0.0004357618080903475,0.9985151741469667,6.387345485390944e-07,0.0007859471394330554,7,7
2.138001717820623e-05,3.594065470248881e-07,2.25108531319479e-05,1.2221696395920233e-05,7.880682660179881e-06,6.25032476263776e-05,8.425941799974225e-06,0.9966947929198386,4.996158993288604e-07,0.0031694256189223153,7,7
5.420559003809647e-05,1.9049907057493665e-06,9.55408146233454e-05,6.3791474534757535e-06,5.669310728354929e-06,0.00030020468424160303,2.918218045885427e-05,0.9989934015908738,5.734646896837103e-07,0.000512938226186901,7,7
0.0007782746979311556,3.49024541878622e-06,0.0008695810473424273,0.00015372383373024335,0.00016074565101659622,0.01080390909485371,0.00011365203530123783,0.8722419721690409,8.91164303582906e-06,0.11486573958232925,7,7
0.0356600482191841,1.780864138401583e-05,0.00016285175005401398,0.0003178327418210727,0.0002482986847954555,0.0018432360637332123,0.0021337361070522367,0.9548696656422883,1.9288668460004816e-05,0.004727233481227609,7,7
8.778992601928176e-05,1.1645896870685328e-06,1.2947449446451444e-05,1.136129519570022e-05,5.970730217940646e-06,0.0005296914986027972,1.5847758485332826e-05,0.9983152363526693,3.1555304487334266e-07,0.0010196748466313986,7,7
0.06963060743871433,0.002382439571150844,0.006350139605405777,0.0001343055508257368,0.0009635933789330902,0.005969119719791007,0.003827346976329005,0.8945817101710662,0.0004525897184650174,0.015708147869318956,7,7
0.015399269060714059,7.040890641323944e-05,0.0010400607081242639,0.0006837790926787035,0.0010673175794222757,0.01580687285132737,0.0005432762959851037,0.9565701227602191,1.1793492878522755e-05,0.008807099252237341,7,7
0.00016820677999147544,4.5491431238083244e-06,0.00011858300519442253,2.1879358614248e-05,0.00011647995444699776,0.0007940557943378078,0.000631192522533939,0.995480512081695,2.4676612043283066e-06,0.0026620736988580717,7,7
0.0007041497263479538,2.456751184056535e-06,0.0002201522069442556,3.9822091798301246e-05,2.682962291696145e-05,0.0010893237565824357,1.8463230386809523e-05,0.9939979562615499,9.251458629723425e-06,0.0038915948936595027,7,7
0.06551046702951871,0.0004587302462273543,0.023997392030828058,0.016185397986252556,0.002383465230486483,0.14667742213186405,0.005998470053353557,0.5573125144787284,0.0001344520889183554,0.1813416887238226,7,7
7.866209869131131e-05,1.1689358640150349e-06,0.0001667789726667111,3.2013530666232236e-05,2.6522798094717807e-05,0.001058103263221329,5.2321963698092676e-05,0.9972784324977751,9.443972719813711e-06,0.0012965519666024122,7,7
0.013703966974783205,9.149975266413784e-06,0.0001998100040622087,0.00011175948050138973,7.718929251872571e-05,0.0038049791365589135,0.0008712990477912308,0.9649483386815926,6.968226863525394e-06,0.016266539180062052,7,7
0.00011154021783744562,9.301588862842959e-07,7.165742647369572e-05,8.124819143894932e-06,9.020093948931417e-06,0.00021360275389080167,1.6409130371779915e-05,0.9986284326659761,9.400084730247472e-07,0.0009393427249982926,7,7
0.15906229117612705,0.00017196132990546784,0.0031746803243254598,0.0005320962787035004,0.0004863222874074467,0.03904047702622853,0.0008443947705817105,0.787603281623354,0.0001085707708454233,0.00897592441252122,7,7
0.00032009378917339663,6.291885459225913e-07,5.229734274986326e-05,2.1388956457063265e-05,1.6432362067465942e-05,0.00017412729726434535,1.1095656802496784e-05,0.994594348028023,1.3589854927827763e-06,0.004808228393423952,7,7
0.03735655404393014,6.595604592653276e-06,0.005592860096196058,0.0009762472997695397,0.00011281471315936276,0.009963973270084818,0.0002381273775609794,0.9225298838407994,0.0006579786367880677,0.02256496511711915,7,7
0.1691644487651666,0.00015330253824401424,0.0004941827237457185,0.0007126390163620011,0.0007613472342510533,0.026076287549306472,0.00450430380836186,0.7778958636160498,6.99419772901337e-06,0.020230630550783613,7,7
0.16683641046892056,1.6930365318802067e-05,0.0004766091134957774,0.0001579047099787733,5.271526409629871e-05,0.00472054583810616,0.0011259242242654466,0.8219221715548031,1.175158186629091e-05,0.004679036879148956,7,7
0.0001689085190215312,1.141857139576019e-06,0.00010040749790563468,1.814283400737217e-05,9.829453567528613e-06,0.000127255379839604,8.75743811686795e-06,0.9977718750872555,1.1417159504784174e-06,0.0017925402171957276,7,7
0.02021822085706882,1.2365933365571629e-05,0.0007363896614026537,0.0009806044670806482,0.00025481879623192346,0.0022494664000589928,0.0016660625528235858,0.7782533771804545,4.0331326684333526e-05,0.19558836282482914,7,7
0.010260244653917776,2.0795784301617165e-05,0.00036265295666045266,7.378144983295695e-05,0.00011506157967290873,0.005592841693247351,0.0006609716040582967,0.9781576598349115,4.9197348580929e-06,0.004751070708539185,7,7
6.245317837796768e-05,4.704202995564224e-06,3.375397230438488e-05,8.667773663384346e-06,6.079324311158123e-06,0.0001418500959479945,8.77804820450008e-06,0.9993464223131907,7.371935652066474e-07,0.0003865538974394355,7,7
0.05930286379379973,0.00014624440047476117,0.004192308252179055,0.0001721246073732864,0.0001721706775698306,0.022992489851876154,0.00523337649947342,0.8550391260351111,7.832453772327867e-05,0.05267097134441938,7,7
0.007223674227263544,2.4263106157655463e-06,0.00154586553881741,0.0002089317559918024,0.00021809574666265273,0.003590851658355161,0.0016439017641337163,0.9776189322771933,6.465893978624302e-06,0.007940854826988213,7,7
0.0004977742205267375,3.3208267134862798e-06,0.00029346599465964916,7.018855834495608e-05,0.0001453960272841409,0.0010280371298755481,0.0012868623751442622,0.9829677724947314,4.214440918230139e-06,0.013702967931801448,7,7
0.027132401438311887,2.377859095160468e-05,0.006837165543839835,0.000971328455841936,0.00018612964682031394,0.006725860350358109,0.0011686048648709424,0.929777362782527,5.810744486732488e-06,0.027171557581991718,7,7
0.01205276287855799,0.0005739847870010384,0.003935864014479983,0.001605218447270398,0.0008958655078754999,0.027466192005327583,0.0629635802151215,0.8131981701496284,0.0016559678786016874,0.07565239411613593,7,7
0.5396702189110927,0.0055168771127943736,0.2510327882858182,0.01534866535497942,0.0018374783540090717,0.13042759582569063,0.00043300045244852245,0.01887475949436733,0.007151979390479066,0.02970663681832062,0,7
0.009359222508202956,7.450283447276607e-06,8.04806578933676e-05,0.0001257846877989602,0.0002500713644022217,0.0021654281234454865,0.04854452640136309,0.935220287031263,5.975486832715932e-06,0.004240773455350946,7,7
0.29992766348984135,0.00033384721424887295,0.0054033626724311334,0.001107893640989821,0.0009921985063997176,0.006898809686671363,0.0017442248023144336,0.6611237521757067,0.0005763183024952833,0.021891929508901172,7,7
0.005469808627135418,9.354730662729002e-06,0.00026928414738136244,0.0007948109805558452,0.00013695490200116528,0.009225324424111118,7.440840066477754e-05,0.9804789953075126,6.4678722686593e-06,0.003534590607706391,7,7
0.00267108110468104,4.250153702391846e-06,0.00029358559420776845,7.567893931586103e-05,0.000180018426376601,0.006268904845921668,0.00022787653781505005,0.9831988192958155,8.220738756964137e-06,0.007071564363406991,7,7
0.018610371592113747,1.030084389835394e-05,0.028332999487687003,0.0309738845406914,0.00025719635675391185,0.033282027494675626,0.004035502414238113,0.42013314451188416,0.00019102771970679912,0.46417354503835107,9,7
0.0026402226317133247,2.4744662775782718e-05,0.00014289764954077128,0.00016986703311344377,4.502997354230353e-05,0.003285169954246307,0.02212703860855139,0.9616844436489957,4.636668046375855e-06,0.009875949169474622,7,7
8.148458459047667e-05,8.899113398151896e-07,2.1082684769917394e-05,2.3188488334618147e-05,5.767076592866693e-06,0.00028398653164133817,9.568654304459136e-05,0.9990154680689288,1.2073759518328195e-06,0.00047123873480584786,7,7
0.01653225351980256,0.0003570185140209958,0.017052862029094114,0.002445681432615355,0.0012633878592599676,0.01942885277932282,0.004324021435839969,0.8338657657079462,0.00024757718267016894,0.10448257953942797,7,7
0.008183068259499673,1.2062828780537577e-05,0.0008838095208882386,0.00017728323865597378,0.00023775294238302552,0.004559238670660559,0.00031153963292516887,0.9815480989036183,3.677486764963852e-06,0.00408346851582381,7,7
0.0001218800172588644,2.821768496632786e-07,3.057548627518711e-05,1.2813388019604214e-05,5.401934539417894e-06,0.0003120623326798434,2.4752135003687126e-05,0.9960410529253141,3.0916534501978596e-07,0.003450870438714548,7,7
0.32057138300865434,0.0003575105465675127,0.0020672938899900504,0.005247187679650606,0.004591973390972756,0.015755092141678435,0.00449257849469173,0.5896639590741629,2.101043005955461e-05,0.057232011343572045,7,7
0.00011713261399971284,3.678977005710773e-06,3.466310115848962e-05,1.4300556434840136e-05,2.504509721416943e-05,9.401849589120167e-05,6.612892649099733e-05,0.9989624867697047,8.006672186681304e-07,0.0006817447948816906,7,7
0.016466497949985972,8.326801193205885e-06,0.00042296882585995813,0.0003687689871309543,9.385757929859506e-05,0.005800667907430391,0.0005808751442640869,0.9700476773362217,5.31972822784094e-06,0.006205039740387495,7,7
0.003817436364905008,8.711666126279136e-06,0.00014315831076748006,2.7933096923220597e-05,2.0914481535591403e-05,0.002810538423981461,0.0009246386013849178,0.9845638815686415,3.4297425060529563e-06,0.007679357743228209,7,7
0.006297646916391701,5.096068306690715e-06,0.0025142435290777983,3.20129563939742e-05,7.400616170693258e-05,0.0033844619555324145,0.0013851219599864486,0.9816892539159614,8.153640898560838e-06,0.004610002895744408,7,7
0.0007349502332886608,8.47423880443389e-07,0.00012357483201231863,3.5227441300830195e-05,4.180223644605398e-05,0.0009959940414738485,1.2178860844965138e-05,0.997257554159974,4.860044696344898e-06,0.0007930107260823673,7,7
0.02117250910295155,0.0006882134015154756,0.005291560511453467,0.0029431757706693653,0.0022333743522456504,0.030920948745634263,0.00032815145631656504,0.9246158103714961,0.0001011215467710614,0.011705134740946452,7,7
7.222935606936203e-05,1.4504697685574927e-06,0.0002859332381992338,6.96059133814288e-05,1.9719995804449017e-05,0.0008992649088370386,1.8157154008088982e-05,0.9974016687883164,3.724499930006293e-06,0.0012282456756853605,7,7
0.006142164956555477,5.776407465569385e-06,0.0006481270546032248,7.181543923461308e-05,0.00012658818136228314,0.010163866136960608,0.00020131202630633877,0.9677220195799477,2.6865276642440954e-06,0.01491564368990016,7,7
0.0003101482930898469,2.949551707749494e-06,6.812322718740894e-05,5.893396461813538e-05,1.2896215645286682e-05,0.0001186278366630015,2.32374984764208e-05,0.995650219828076,6.988464110514439e-07,0.0037541647381251083,7,7
0.0023253146883197152,1.857674565711414e-06,0.0001541574164842719,2.346911110860213e-05,2.1067339113860104e-05,0.0004038666277467083,0.00015092361831490412,0.9954868407914311,1.0511658605869723e-06,0.0014314515670545566,7,7
0.0029572068216811367,4.301536369876885e-06,0.05596270356812866,8.242284824275454e-05,2.3405135505852125e-05,0.06656025205907447,1.8994700032456395e-05,0.8361636554785324,0.00025370131894900317,0.037973356533483646,7,7
6.993099829259014e-05,2.047319249215073e-06,0.003034140102082599,1.833723336161394e-05,2.4928212487190884e-05,0.003242712853546429,1.2575293597481317e-05,0.9860890848759973,1.3884969821442696e-05,0.007492358141564001,7,7
0.002545235881341904,8.215525307259826e-06,0.0002456728140071161,3.449673434744901e-05,6.085630938141618e-05,0.0013201953867498313,0.00011607603767855613,0.9915827678110055,5.90830133173637e-06,0.004080575198849538,7,7
0.04352926361010227,4.773439142757564e-05,0.02150727515485568,0.004625364010863237,0.00033043941507647127,0.010045595957332365,0.0004330012431045949,0.8703773149526652,8.977618143957914e-06,0.04909503364642861,7,7
0.0138047147410595,6.389629437289237e-05,0.0048484632638189475,0.0008408165555670972,7.53409107831151e-05,0.010471851277909436,0.0025019049144773577,0.9023622258896088,5.857553010362568e-05,0.06497221062229913,7,7
0.015816288643305945,0.0006174092326791867,0.0006184018226650207,0.0005095042973972824,0.0017338315696789255,0.004634432001555238,0.0033690015167786433,0.9604488070302064,3.821975015450601e-06,0.012248501910717975,7,7
0.028452762964535225,1.9537106454542043e-05,0.0007067233903039383,0.0008270409354610412,0.0018731981521736933,0.013906244182537095,0.02271826430487149,0.9271305484551131,7.915755354134592e-06,0.004357764753195935,7,7
0.0033144613130393235,6.9527870527740126e-06,9.247892370219591e-05,2.22099788375876e-05,5.7699269869882156e-05,0.001256993832563728,0.0012903315776074844,0.991304036236717,1.4301461481434806e-06,0.0026534059344616922,7,7
0.08160816582191016,8.442672343364625e-05,0.1859619586938757,0.010517399107562931,0.0005223790076331358,0.3178137102294696,0.0005424170384533822,0.16301903747019078,0.001221680427556811,0.23870882547991376,5,7
0.026865460429132005,8.871387360780584e-06,0.0002481465752104036,0.00017253771474099984,2.4760069780087423e-05,0.003908106024066781,0.0012012000006316813,0.9614889980849459,7.58371032576228e-06,0.006074336003805734,7,7
0.0004974669573143218,7.145318780656502e-06,0.00015186870330956756,9.029944306966982e-05,6.875441846759477e-06,0.0004230203892433546,1.5333963021052663e-05,0.9977507213713561,3.814760037548179e-06,0.001053453652021027,7,7
0.004037735628959302,3.2214368057220234e-06,5.233645180402342e-05,0.002597250795316632,4.170370814463585e-05,0.00013505258800694585,0.00029346612530324894,0.9868646765673825,5.832879806853388e-07,0.005973973410296374,7,7
0.018576185174116723,4.262888012115701e-05,0.0002784622161925358,3.1862178449535416e-05,6.18034821615585e-06,0.0002834845664678852,0.00013210556410190208,0.9797038544792201,1.2995951626610466e-05,0.0009322406414874564,7,7
0.00011170530953985035,1.9426439289369183e-07,3.2780871666702754e-05,7.813386861012146e-06,5.053346982218697e-06,7.270898924852372e-05,6.955829980710579e-06,0.9991277641503179,5.895410956271789e-07,0.000634434309914255,7,7
0.0009536912637096716,1.934850678323568e-06,9.872520431518927e-05,1.86477002848101e-05,2.5195234597572595e-05,0.00022260904222674266,0.00016385574222680898,0.9973144690456146,1.3293639751029698e-06,0.0011995425523714392,7,7
0.0007563812791943407,5.973907789028536e-06,3.428379210173228e-05,2.8374241746802233e-05,1.1873290293491222e-06,0.0002790420076637561,1.0149675657427507e-05,0.9964150908926026,7.149009443761007e-07,0.002468801973270679,7,7
0.007235514487556699,2.2946090637401247e-06,0.004857759924413866,0.00010395357543720407,1.313820244647356e-05,0.03041574465047084,7.620683083995706e-06,0.8866724953367762,9.932677970722501e-06,0.07068154585278043,7,7
0.009943353386006912,5.715945287459177e-05,0.0003866349087903271,0.00037850783316603013,0.0006362959463867622,0.008907504787089095,0.0013913152424484517,0.9725077598846179,4.64072183989427e-06,0.005786827836780205,7,7
0.00018860320223848645,8.506559147115477e-07,0.00040044992193444896,1.1775393371223743e-05,4.4094850903446075e-06,0.00020329103570420975,1.0364452075424156e-05,0.9985582355536993,1.0261679506471122e-06,0.0006209941320213589,7,7
0.07835140707286362,0.000851429466411958,0.07133805622685169,0.0052072463444903724,0.0006803246051092223,0.14017308694725644,0.002212595220434214,0.23542738950969788,0.00040109010635577726,0.4653573745005289,9,7
1.5524815872603824e-05,2.022481070735564e-06,1.6198782440794945e-05,9.59410960992022e-06,1.091920755026054e-05,0.0001016695133439958,1.615966094143041e-05,0.9983903478453947,5.052301363011872e-07,0.0014370583536389679,7,7
5.280528435351936e-05,8.001631203654145e-07,2.1912113057152585e-05,1.849735974226098e-05,7.726620247410605e-06,6.046957039191904e-05,2.9124256543452e-05,0.9986962449415879,2.1855384163081097e-07,0.0011122011371143292,7,7
0.0006614901974189607,2.4154037190639217e-07,0.00016056388409523833,7.153929485860525e-06,5.528251295997138e-06,0.00013530152546668568,9.793830611148217e-06,0.9988503208378908,6.883978424338299e-07,0.00016891760552138592,7,7
0.015635646207422683,4.407707098265201e-06,0.007036789213281607,0.0015921532757339147,4.2624123679284754e-05,0.00999706370970348,0.00017538741078673074,0.9510771873318467,0.0007678904853952006,0.013670850535052358,7,7
0.0032558527698477893,1.943695359766594e-05,0.0005589120782719714,0.00015843673926275973,0.00023370072090852522,0.00577081343414504,0.00590624035640131,0.9616355919381694,2.7196833764518703e-06,0.02245829532601925,7,7
0.04908081864788797,2.9222212659895846e-05,0.007033127810773813,0.006708714686592362,0.0006766639926083233,0.07039964281678573,0.006021321630963802,0.8315078515170983,0.00010733425413240319,0.02843530243049733,7,7
0.6628158833096232,0.010623889047842432,0.00161104429598249,0.00031281209840505346,0.0007868721164995369,0.009991472802077229,0.009579005396248584,0.2889320358453812,0.0006285086418584987,0.01471847644608187,0,7
0.02173233454877306,2.0397936177217668e-05,0.009966256949604178,0.0015679558288062027,0.0003882813116681189,0.0145836038143392,0.0005862186256301849,0.9024742398327941,3.5277116691020175e-06,0.048677183440538806,7,7
7.204061644587374e-05,3.264331179848815e-06,0.0001337094919646024,1.3145466717967903e-05,1.0321497712101067e-05,0.00044153208051882144,3.0272483154794928e-05,0.9979820419583617,1.367884603542001e-06,0.001312304189340749,7,7
0.03294386861496595,3.791398474587695e-05,7.680985207392864e-05,8.93433289582397e-05,1.1101803194290377e-05,0.00040215388460861133,1.573887349356812e-05,0.9608412572972186,1.921737512909445e-06,0.005579890623227914,7,7
0.059311326749602045,4.787414355620084e-05,0.00344320933753396,0.00021918026218833118,0.0003057434599657361,0.00941541719962354,0.0009066655568488645,0.9210331648376479,5.473703463699223e-05,0.005262681418396734,7,7
0.0015893448938121954,4.106008618703255e-06,0.00022242462675457037,8.182623676163558e-05,2.207478186777439e-05,0.0005822869717524313,0.00025819659266592955,0.9929615451784276,1.1682061374935742e-05,0.0042665126479643645,7,7
0.04188434712711499,0.001535641287936687,0.011461966042653924,0.02017617056640739,0.049283730607320934,0.01724780975224527,0.0034062302680533943,0.7784369812860638,2.889725025933946e-05,0.07653822581194432,7,7
0.03845789829804968,0.0008829528288222077,0.017813596843451743,0.005368413211199442,0.004374078907567063,0.05921671318335797,0.0031569044168203364,0.7423775558439664,0.00080171342253952,0.1275501730442257,7,7
0.018168682722304996,0.0011407107602779726,0.0036029189840676382,0.09365307537082782,0.04615535054822601,0.03325829203681501,0.00898187182229286,0.7052571235576992,9.954437077212705e-05,0.08968242982671633,7,7
0.00345908065157538,1.294932343959304e-05,0.0009329535620788277,0.0002299814353992565,6.460630693227691e-05,0.0030186723444516218,0.18378526928558053,0.7960268078998198,0.00019697782682078497,0.012272701363901961,7,7
0.004080919066024781,7.588212048287531e-06,0.0013465578012803697,0.0002589379929872933,0.0002080600904010104,0.006521481874916649,0.0008617887756354469,0.9750995928322683,4.445384295412829e-05,0.01157061951148363,7,7
0.000620517494696333,4.699613678741495e-06,2.041157876794552e-05,1.4365676334940037e-05,3.5260650634234956e-05,0.0005966596181849763,9.971135641496177e-05,0.9985218938252987,8.659338436934715e-07,8.561425214559502e-05,7,7
0.013677187235007764,3.042506030636149e-05,0.0009326818846324957,0.00022835443976065883,0.00045201099520004025,0.011581541293842064,0.002810865837278953,0.9407569266730051,2.3443972714246988e-05,0.02950656260825236,7,7
0.7214005773890748,0.0005173203200908533,0.022562585574064584,0.0014230896987194631,0.000632374456612087,0.07539539336587314,0.003270315654226278,0.1581197969688516,0.0010591880524299263,0.015619358520057133,0,7
0.01069338763088369,3.719499563776949e-05,0.0008070987070140588,0.0016370949410769698,0.0020574536561140636,0.003593136669323853,0.00024972587291520546,0.9695034468566259,7.903446539253272e-06,0.011413557223869275,7,7
0.005799275082674603,5.205395249123703e-06,0.00015881265362002525,0.0002284919894334213,2.4451295471704954e-05,0.0015956041468123774,0.00019800129413561287,0.9835963439654503,1.5092871004641166e-05,0.008378721306148371,7,7
0.0005078802765951524,1.1876494125680433e-06,0.0005959264584109287,1.546647657047184e-05,3.7900363529719935e-06,0.0001373513214942491,1.1492218101964372e-05,0.9975948865254285,6.387073491626086e-07,0.0011313803302840902,7,7
0.10409972682155366,0.0016562119826248193,0.005238942288529074,0.02765499223569076,0.025474703054176272,0.05820181671760617,0.004185045101594828,0.6533612382353677,2.668302498369428e-05,0.12010064053787295,7,7
8.210953536194581e-05,6.559321583740293e-07,0.00011244443535475993,6.24331248534552e-05,1.4255864566045418e-05,0.00023357997716118702,5.613097072114134e-06,0.9936890783835108,3.068706594521513e-06,0.005796760943366979,7,7
0.003804452430484255,4.991181893814441e-05,9.159197702557736e-05,8.326028295457859e-05,8.025608500904678e-06,0.0003502507872699509,7.911855992930206e-05,0.9905515290594745,2.9492426388602737e-06,0.004978910232784158,7,7
0.002474755870612203,7.996655914357448e-06,0.00039498980855894934,0.014521313154446444,3.555123254163317e-05,0.004817758981808504,0.0007398524994500298,0.029392263216045343,7.076524793333288e-06,0.9476084420558293,9,7
0.02051959625322341,0.0014415908420317663,0.005466235291764962,0.0021696365848074186,0.0004010979220775126,0.008130478207274822,0.0002244727098028918,0.9247036493717803,0.001452833525250405,0.03549040929198655,7,7
0.8131644711694708,0.001469631893733595,0.02577955745151255,0.0011700756024095984,0.0014841625716294647,0.031619079625400864,0.00042882445430277954,0.08040516235159191,0.022775439673945474,0.021703595206002985,0,7
0.034024787958728556,0.012261284907091111,0.024426372781271268,0.01066591393667726,0.02140133474481491,0.03913230983211165,0.0040383273307373615,0.7664264415520584,0.0012174546554139204,0.08640577230109557,7,7
0.13285849606884303,2.668560458729577e-06,0.0037545354496121936,0.00040678257767557676,5.652117601953301e-05,0.007773272637497932,0.004887581520592182,0.839628651581454,4.477956475823137e-05,0.0105867108630885,7,7
0.008434703430977108,4.547188439150656e-06,0.0002643193847182294,7.889576215668247e-05,1.7287998631485897e-05,0.0103465921808537,7.851556754992217e-05,0.9757594766002071,1.0123898801137003e-05,0.005005537987665844,7,7
0.00832180909180072,6.525251813399716e-06,0.0025119709454464526,5.6834283533034824e-05,7.202403401794357e-05,0.010466089672991731,0.0003334044131749161,0.9384950898637154,7.083371013946416e-06,0.039729169072492625,7,7
0.014355073163181149,0.0011100198509046341,0.0029156813173454267,0.011258421702891618,0.07539216088479439,0.010874283014294783,0.13695139188822295,0.6594008324568732,5.314955649038011e-05,0.0876889861650017,7,7
2.9586205500290525e-05,4.117965240792331e-06,3.48695054147833e-05,1.5983540860477356e-05,1.1810629126977402e-06,0.00033343653036112145,1.1143092295861358e-05,0.9975498907749273,5.205490948368883e-07,0.002019270773391829,7,7
0.0038763889430009153,6.415105878473225e-06,0.005993690674769088,9.934836087031961e-05,6.510641904442349e-05,0.0006530431711476374,0.0002336688658336139,0.9738042216580431,1.931210776351908e-05,0.015248804693648772,7,7
6.874768922170504e-05,9.854503279764944e-07,0.00010186054082347368,2.9137841605516735e-05,3.345714379126006e-05,0.0014068824902754011,2.1879449737728563e-05,0.9966950524073296,1.2488035238271956e-05,0.0016295089516492527,7,7
0.0012324716894544212,1.1526364606935443e-05,0.00029175971463882473,9.53735719062877e-05,0.0001865699815747416,0.009650383346665493,0.00038502918743858023,0.6284447288788433,6.351805991075908e-06,0.3596958054588803,7,7
0.00879877119640951,2.488438853288256e-05,0.000863105139608464,0.00010164399709175582,0.0003637251856185024,0.0021174205965081966,7.122832796765034e-05,0.9609761471985818,9.774575332967319e-05,0.026585328216351553,7,7
0.00249485093587207,2.397792540342648e-06,7.28424905192809e-05,3.764911992742853e-05,0.0006443734701576199,0.009498368722356898,0.0030401748144511668,0.9797242266970039,4.469351290315902e-06,0.004480646605881042,7,7
0.1620945260687574,0.00043749577864808415,0.004837768691749191,0.0076303155121225765,0.0103175318641879,0.019576817026091438,0.010080755470428887,0.5443667899425023,0.0013460833075356199,0.2393119163379766,7,7
0.0005045588851233683,1.9904070088517883e-05,0.0003225420850074411,1.9721593232910335e-05,2.8431624080634336e-06,8.159455660967697e-05,1.0403822685715282e-05,0.9988181202157348,1.6870110034061497e-06,0.00021862459810643168,7,7
0.00024714963981081837,4.354889110573509e-07,0.00022864496535105486,8.857536648301528e-06,2.5103245070619553e-05,0.00039719536121445443,3.1328589242530944e-05,0.9981681228005129,1.3251222050010543e-06,0.0008918372510330948,7,7
0.004611943317505352,4.499466461503773e-06,7.304520995246584e-05,4.4944471048389844e-05,4.104086066064617e-06,0.00024749992793621206,0.00013432460907135743,0.9940132376595103,1.3020181315781686e-06,0.0008650992343168348,7,7
0.024314306696431046,5.3052638489545936e-05,0.00040849778421222474,0.00011141109314803575,0.002067125201582889,0.007292972415020202,0.0017445875424905713,0.932790391184288,5.463551613243582e-06,0.031212191892724287,7,7
0.4142092304950628,0.001991033433166673,0.0113769832916082,0.003373495815015019,0.0014628204317224352,0.025056700041027627,0.0022306527841779926,0.5154871798010039,0.007451376637816537,0.017360527269398844,7,7
0.0008015701318252053,2.0744420338858134e-06,6.844572731798855e-05,4.898985710927697e-05,1.615710235574847e-05,0.0001472217258158862,2.7427127159171393e-05,0.9954957690382894,2.0026616096581834e-06,0.0033903421864841087,7,7
0.048903704718786016,4.4732741975217437e-05,0.0039839669478181,0.0018111450916520173,0.002417342549437499,0.013290522188929912,0.007200491061227179,0.7515801665024607,0.00026558969712524517,0.17050233850058835,7,7
0.038709370959657034,3.5065956129110765e-06,0.009972535879065294,0.0001331068151103854,1.4388177368563415e-05,0.004825011820188998,0.00016066117571285256,0.9366866000994253,0.0005655328585259873,0.00892928561933269,7,7
0.0026369292529259255,3.655083857555107e-06,0.0001849654985603327,4.729574271863689e-05,3.239681429222128e-05,0.000996356521221101,0.00019163933960651328,0.9918713678456987,1.5555332404137132e-06,0.004033838367878444,7,7
0.1207087975457222,0.001311589415081592,0.0006440113320743824,0.0031174185820495833,0.07496374598745242,0.02956515393910049,0.01456096530907773,0.7448193621171175,0.00013716019445587067,0.010171795577868226,7,7
0.00019346584850866744,3.5598090325857444e-06,0.00031713379937545357,0.0005557855461753971,5.997601877428884e-05,0.005215682064001401,5.387190064517009e-05,0.9874334201518685,4.906128835461009e-06,0.006162198732783317,7,7
0.0008068495526767658,7.304934201604132e-07,2.044588614827848e-05,1.0942894540372978e-05,1.0446326191755831e-05,0.00011150902305748172,3.2602157099022895e-05,0.997964588899483,6.417495829924478e-07,0.001041243017800395,7,7
0.0036222949555853633,0.00014334833695536653,0.0016043020019111743,0.0005653852528178916,0.015259018958796637,0.11434525434862866,0.02160466234542032,0.8306391058146202,3.037174072187045e-05,0.012186256244542584,7,7
0.00014166430804052986,1.325918692192903e-06,2.927660130679408e-05,2.871065896345942e-05,3.4323557250283566e-05,0.00023799592351322852,0.00011318871640478432,0.9980265450706074,1.1987950909558268e-05,0.0013749812943120395,7,7
0.09658116406424462,0.00013238752645582824,0.002589192485871848,0.0004668745654713638,0.00033747623068947107,0.026842838338784016,0.001987232758743363,0.8634979067940376,4.281835223652871e-05,0.0075221088834652745,7,7
0.02152399855159011,0.00039453705131839336,0.0009568190026043279,0.005552002534118856,0.0015766572746480358,0.005211804094820962,0.0007221047123032075,0.9441218152040202,0.0005109889321184755,0.019429272642457397,7,7
0.009849777454933314,4.57996938800885e-06,0.0011019603924600256,7.693720457342645e-05,4.1676837527357165e-05,0.008253868356696245,0.0007605034701940399,0.9702217306352023,8.631348358818857e-06,0.009680334330666639,7,7
0.014126612545482796,8.713810517610554e-05,0.0008852305146102527,0.001089111512852956,0.002958102012784492,0.010902914336332156,0.011019622599799838,0.9574046018444897,5.18101435884812e-06,0.001521485514112921,7,7
7.165421703862777e-05,6.405584170770476e-07,0.00011980635595909396,1.8599687454991807e-05,3.6502003998649845e-05,0.0007723957540153194,2.1180714469638482e-05,0.9979929243504414,4.185862136721643e-06,0.0009621104960682651,7,7
0.032454018857520264,4.933121542716128e-05,0.0012459484469709726,0.0029246732063964954,0.0051438514165196465,0.011103726262766869,0.0004652170549649863,0.9250435187315197,6.635843897386532e-06,0.02156307896401647,7,7
0.0007602715545588973,1.383308062638239e-06,5.8798904556028525e-05,2.094400889702204e-05,1.874665845233762e-05,0.00037229596698932376,1.6551983362737804e-05,0.99595634517395,6.505546607545753e-07,0.002794011886510334,7,7
0.005037193822638891,0.00021968808552750934,0.0005207384177966511,0.0003023538206446782,0.0004966356888059788,0.006068963718820182,0.002116922282491155,0.9742773654271776,0.00017020219274295484,0.01078993654335456,7,7
0.01415206867233229,9.65685413235656e-05,0.0019856290972290387,0.000899399134966657,0.0006655155089791941,0.03360577845784864,0.013601865933677598,0.9275093723593597,3.1201387406362844e-05,0.007452600906877049,7,7
7.207102945203208e-05,4.62501771259657e-06,3.368738702180013e-05,2.60495297580478e-05,1.94992350193169e-05,0.00017775920915512588,9.55645568949698e-05,0.9987447984206764,9.498359880393303e-07,0.0008249957783216634,7,7
0.003924816379068942,2.8027002941633344e-05,0.0004759179443951376,0.0009115853122236443,0.00024465972927028206,0.004751707671572409,0.01663002941961567,0.960581813619386,1.4921626449285073e-05,0.012436521295077035,7,7
0.0056787989837520664,1.6289187656983593e-05,0.0001626222422465973,0.002013820986577591,0.00029990323369221664,0.005730193751821745,0.03979657341308704,0.9169827846369302,2.6654564094734117e-06,0.029316348107826053,7,7
0.002402928383224956,3.913684836238067e-06,0.00013551596680535312,0.0001082000333986691,4.643815809116099e-05,0.0019192337587804332,0.00015810070499656096,0.9885010634261958,5.46464935089273e-06,0.006719141234320108,7,7
0.055345819312753654,8.120771269566412e-05,0.0021585281501172865,0.0014407299198037852,0.0003016638793213158,0.012127234627834627,0.0009456196826032388,0.9190467999200052,0.0003462215322868024,0.008206175262578828,7,7
0.23163411760370534,9.461540277502908e-05,0.0016624811788051976,0.0008111581091194416,0.0005333810701799087,0.021303519664986902,0.004863259611450972,0.7078756801502187,0.00023513333402398566,0.030986653874734673,7,7
0.0013442488923929036,2.235044052616578e-06,0.0009709987509701036,0.0001612415777449164,0.00014185514237867672,0.0037650960920731992,0.00022120827775493632,0.9258546347688755,9.853267003058288e-05,0.06743994878372658,7,7
0.011336330423434996,8.306949169244227e-05,0.002372659378135657,0.00020573128213307806,0.006067425861694991,0.2005027544975595,0.007241600723805426,0.7468946698322803,1.6587440486781316e-05,0.025279171068777036,7,7
0.09590430091042342,3.417043266622375e-06,0.0006113956163294661,0.00014931080787401534,2.9620926742029502e-05,0.005656104782923702,0.00199880766574451,0.8903479067890041,1.0734962995734252e-05,0.005288400494696695,7,7
5.6401549021236965e-05,1.867367731963582e-06,0.00019400510459038702,3.9892182827789675e-05,2.287643871071609e-05,0.00042339789971011863,1.0795807025123224e-05,0.9986183682795289,9.416498133154921e-07,0.0006314537210406325,7,7
0.002407255476109692,6.354696158848685e-06,0.0007057171895730445,0.00012234205194327772,2.4831064456489256e-05,0.0056985719078160805,1.000987686677996e-05,0.9755847585072298,9.555148907277799e-06,0.015430604080938725,7,7
0.2274256533313994,0.0013770018354192829,0.06453758400949984,0.014833579945319437,0.0049684828515487575,0.351132878469573,0.0011057352015997758,0.2899492380035605,0.001379526242223574,0.04329032010985657,5,7
0.012632618875794935,3.5534983085416616e-06,0.003366740988640809,0.0001946822708643647,2.4846694602568025e-05,0.002812655028848493,0.001014851191401082,0.9771048377405102,0.0002521916276545883,0.0025930220833745624,7,7
0.05153180436362845,0.00010939992754933152,0.00217629210850448,0.0008905785766032649,0.002749046609593286,0.007265489819133336,0.0016834470729621112,0.9160384064413651,1.4389878144513945e-05,0.01754114520251621,7,7
0.011615198206737603,0.00011704437606657378,0.0005371280308996849,0.003369522299787476,0.03940987775947301,0.009781665714986048,0.011874077796098476,0.820404153230094,0.00014764405348715234,0.10274368853237012,7,7
0.009763615002076174,0.00013103086800196525,0.0008075222279161484,0.0007523282641142583,0.0008665253959273837,0.012673219960477718,0.0030609380271602532,0.963115021165569,5.881402980006095e-05,0.00877098505895703,7,7
0.007332380458188377,1.65655623535409e-05,0.00010417117388354728,2.3270227237281593e-05,4.952487659366322e-05,0.0006544196038027786,0.0009390389657314398,0.9820187170797934,2.514614318996984e-06,0.008859397438096946,7,7
0.0031811898216584887,1.5008296853905609e-05,9.489156555333619e-05,3.966991792529529e-05,6.820591020573004e-06,0.0003804052391981515,0.00012808682010630765,0.9745418774354506,2.2376204116889614e-06,0.021609812691821887,7,7
0.0011076173683421907,4.6991369753759357e-07,0.00010530836999609069,1.9927273899590302e-05,8.958421762386054e-06,0.00021711760180652797,2.0092612486874217e-05,0.9817941036302817,5.320225721506113e-07,0.016725872785154885,7,7
0.00019463710931482154,8.972655158880712e-07,0.00027867708690197044,4.3515036871873155e-05,4.9250713251223956e-05,0.001595192650555309,3.073816214791937e-05,0.9967950155073168,1.3248688778832882e-06,0.0010107515992463071,7,7
0.032585613516095055,0.00503710285013036,0.0034236097128483804,0.0018531282190864706,0.0029023829966235014,0.0073560586364762315,0.005008860226661973,0.8319110337477522,9.733819017095541e-05,0.10982487190415503,7,7
0.03378483914273686,0.0054810256710594195,0.011018523027142046,0.00775914954489516,0.0015151440248249064,0.030746229283275518,0.0006863529928199763,0.891154209997478,0.0005390964662420814,0.01731542984952619,7,7
0.00010395246105925673,5.50008916495703e-06,8.813200481855596e-05,4.0425739255092004e-05,7.451808060480806e-06,0.000132985290775377,1.3543328199140706e-05,0.9992601092323828,1.721982640486943e-06,0.0003461780636438379,7,7
0.00045346723718331643,1.6284749066334587e-06,0.0003588252888801475,1.6756796211926808e-05,9.446270956497362e-06,0.00022479816782048484,1.0646713937106034e-05,0.9973775090739319,1.0537525877235968e-06,0.0015458682235845664,7,7
0.4735448896833304,0.0010573149479471025,0.007185892967795787,0.0016022965273845672,0.0009084563974552646,0.0416791124048233,0.009509387035464688,0.41323203891308713,0.0008354772755115672,0.05044513384720013,0,7
0.01567319085242216,1.6159029076946502e-06,0.0006710437872738264,4.039088068693003e-05,5.400283476799072e-05,0.00045529634974104396,4.1050516683292364e-05,0.9810632016192266,6.995263626678053e-06,0.0019932119926637654,7,7
0.0038826721066961265,2.737606162077087e-06,7.427640280002512e-05,0.0008815144230837789,4.714188419788863e-05,0.0006626081075944802,7.30469837995036e-05,0.9911391059839925,2.8973057817774868e-06,0.003233999195891857,7,7
0.004613338999320657,5.140735716683891e-06,0.0005184227741894515,0.00036902598640890116,0.00015289004012755152,0.01961340620326038,0.0019765011901590936,0.9292864489373278,0.00014478373545699844,0.04332004139803247,7,7
0.00034252623291756344,1.290354576952117e-06,1.86840983943862e-05,8.047370093945432e-06,3.3871171432011085e-05,0.00019441258743267697,2.319770973360599e-05,0.9983262025112216,6.591733703750323e-07,0.0010511087908264215,7,7
0.0071734570777795045,1.040544030813642e-05,0.00014895268501418545,6.133205759548201e-05,0.0005098375251863772,0.0014206571538398418,0.06563029310869248,0.9174090406586837,5.034922042377966e-06,0.007630989370857806,7,7
0.0005248654844244755,6.489506312491496e-07,4.05317984511088e-05,1.2444202624882142e-05,3.272631057145396e-05,0.00018883636881787845,2.7169255955972204e-05,0.9988079626284742,9.255736257192833e-07,0.00036388942642316446,7,7
0.15263042509271552,3.836747816875486e-05,0.0001412921789350317,0.00027932049265736955,8.796284573177863e-06,0.0022312585012346856,0.000516208091317901,0.8423206069643627,3.218851734515099e-06,0.0018305060643004447,7,7
0.009645513973975322,9.09731852988754e-05,0.0006234139464160002,0.02750286732371184,0.006567288217289113,0.0033813859212080337,0.0030867785790856324,0.796456355252875,7.303723138388082e-06,0.15263811987700188,7,7
0.003495374681327347,2.849943635451847e-06,0.002880977894428307,7.367225671593502e-05,1.4273724233921451e-05,0.009280024216758689,4.685469051797408e-05,0.9527922469577671,4.239255561144798e-06,0.0314094863790544,7,7
0.11568485948551394,4.2739596892941105e-05,0.0041755815799457,0.005122735347062059,0.02173253795807968,0.011079163675641178,0.005519946308369882,0.8046267850813444,5.471756215901e-05,0.031960933404991204,7,7
0.020917933371244715,0.0007057120902070226,0.0018242301548210729,0.0014059739436329847,0.002774960991144083,0.04224357334777157,0.0010290203655934347,0.8873474510937324,3.6227689767558694e-05,0.04171491695208538,7,7
0.4885969920765778,0.0003782966397760022,0.014037517102523836,0.016556783494091943,0.0015076736758590228,0.0641184706975401,0.00454243512280798,0.22463429480771205,0.0005593584898113955,0.18506817789330002,0,7
0.02453858407581809,7.031856734733824e-05,0.0017678917748552598,0.0009168740740279787,0.0006338862289976434,0.03646958868262933,0.006214129783371273,0.926448649010967,6.384556666094119e-06,0.0029336932453197947,7,7
0.07474861081939911,0.0005794793045143994,0.011774550175777328,0.0019924024587499043,0.0017995083865093228,0.021916003914174687,0.007949631818213865,0.8572051502912033,0.0024638585700142678,0.019570804261443808,7,7
0.05700082369669805,0.0006769558922931137,0.013959917739504562,0.03238113517357203,0.030525079063644434,0.06584525483025103,0.09614130961184789,0.5369123329748964,4.93637973801103e-05,0.1665078272199125,7,7
7.241077743838315e-05,3.943537115679765e-06,0.0002090348713192394,2.3419010510335556e-05,1.0798964374439154e-05,0.0006339672458882008,3.940137618611201e-05,0.9979411823933189,2.6297177957262573e-06,0.0010632121060533772,7,7
0.0005272366253230696,8.068839029438096e-06,0.003088464481814015,1.1281110340210409e-05,1.0202369318485074e-05,0.00020905648848458842,3.777594553420167e-06,0.9956830098623173,8.495579923306888e-07,0.00045805307082711873,7,7
0.0019096420803420952,3.735253379898477e-06,0.0007224792289601909,1.998215847116923e-05,1.5409714143505965e-06,0.0002850168518872403,0.00013329355540212144,0.9911857353054006,5.543679180123053e-05,0.005683137802941158,7,7
8.011102974375686e-05,2.1507642738595484e-06,0.00016799358983611356,0.0006096108318989322,1.4390193974742198e-05,0.0007007413876578074,6.368840400290292e-06,0.9869858265311812,1.9686817561202742e-06,0.01143083814927735,7,7
0.0006544383725739011,4.1083693806760334e-05,0.00029307130552076445,0.00016159188458841857,0.00018641547098919103,0.003826893661260854,0.0031665728013108847,0.9731012355822196,1.4614618287342525e-05,0.018554082609442444,7,7
0.021921488084268033,2.9186255930257827e-06,0.000922018829893834,0.00011540821498618566,1.3232814023811216e-05,0.001358792915126479,0.00094424882855575,0.9732578532160004,6.732635419266103e-07,0.0014633652080107114,7,7
2.3895016855343192e-05,3.077140903965527e-07,3.920778482058937e-05,2.578210336268163e-05,5.463557584847651e-06,9.060053358384484e-05,3.846248084403138e-06,0.9990838295474521,4.580192215351585e-07,0.0007266094749441617,7,7
0.001744241216620791,3.12362775551371e-06,9.765403789799713e-05,3.2647634472033805e-05,3.1121088010439664e-05,0.0008241316347232713,5.352296103473041e-05,0.9927375456829435,3.4501631888699777e-06,0.004472561953353175,7,7
0.009346932889369225,5.928809667705361e-06,0.0003578386692879737,6.922773863429146e-05,2.4821387549029677e-05,0.019890670876925913,7.953164473021055e-05,0.9597906737865143,9.816690150549933e-05,0.010336207295816273,7,7
0.000792045229436733,1.7596109345475117e-05,0.0024330890099906926,0.0017021959358709767,0.0001412267047098379,0.005461779718252281,0.0006838223619003956,0.8795711240945707,0.0012630132169431166,0.10793410761897976,7,7
0.0016376746184465596,1.4607925259277039e-06,2.6708024214288424e-05,4.4765743163004005e-05,5.064756545663486e-05,0.00016404657797584432,0.0005871599315816266,0.9946604427912786,7.766213579252732e-07,0.00282631733399989,7,7
0.000724668349793611,3.1047826206577846e-06,0.0002673322648212092,2.6935487590073777e-05,5.359025542922626e-05,0.0010604595617481677,0.00014791941756374876,0.9940266083143166,9.156807640166143e-07,0.0036884658853527114,7,7
0.09074731729026983,0.0009663770849202859,0.004030169852131415,0.0012020810969251884,0.008441653995394198,0.10930117360532032,0.013750467034535644,0.7344393694665269,0.001560517919540386,0.0355608726544359,7,7
0.008738564023401424,7.233387337364857e-06,0.00037868352646528586,0.0002496104240132743,7.937609956447483e-06,0.0012267399068431198,0.00011291665371134546,0.9861889313318087,2.0754978503616737e-06,0.0030873076386126975,7,7
0.2697219014626925,0.00024456306194922315,0.0036984797540451494,0.0005877173248701468,0.0008065959884420979,0.007463511713480824,0.0028184399946507093,0.7012496085097497,0.0008392667074590238,0.012569915482660576,7,7
0.0020020439992407824,1.0561056466398958e-06,4.8469258897588446e-05,5.180954132036192e-05,3.318882604248675e-05,0.00035636552912355506,7.281910001158617e-05,0.9936444171948107,6.958511566638281e-07,0.003789134593749466,7,7
0.00014593095692683723,6.916353985515292e-06,0.0004525815453426472,4.28962315971212e-05,6.676520912134081e-05,0.004941339763961043,0.0004463494918249753,0.9861803509090188,3.07808512345887e-06,0.007713791453098515,7,7
0.03006185655927711,7.012967041343273e-05,0.00413789202116495,0.005492286209521973,0.007546242856514807,0.028714879702596008,0.009317672072205255,0.8500235451579525,8.164334487940528e-06,0.06462733141586612,7,7
0.025659275163664362,0.00017164547292280397,0.007554550552775119,0.0015008921128145676,0.002862030804201804,0.020047882312844337,0.00479681555643802,0.9270727748342281,0.0003808433786367622,0.009953289811474326,7,7
0.09285500372829375,2.2633992198701856e-05,0.003977494990946243,0.0005109469845573154,5.482883176864961e-05,0.01940750803226131,0.0025280079442709276,0.8712453816896777,8.369854278949192e-06,0.009389823951746675,7,7
0.007988893056138879,3.004453868930332e-06,0.00023487016064610024,0.00040284657763347317,6.38639715576835e-05,0.0053582470509845985,0.00302760596597677,0.9809561080878346,1.6090900483023237e-06,0.0019629515853105354,7,7
0.020438945012135005,1.1637140614940135e-05,0.0011662712902574758,0.0007732520627508946,0.0002710810175929015,0.0011889719318731564,0.003317356607638841,0.9658394698083393,1.6789861804059399e-06,0.006991336142617018,7,7
3.812670498372814e-05,1.3767469814486013e-06,8.181783898692882e-05,9.016790421480961e-06,1.0495794392949529e-05,0.00045212176578437205,9.757285192665218e-06,0.9948818157041045,6.77763222949947e-07,0.004514793605929041,7,7
0.008117320286650595,1.2451519992372804e-05,0.0003817423738470894,0.0001512978317634684,3.253907487123335e-05,0.002085878023366342,0.0010242449850504395,0.9755611636585522,2.643124456748779e-05,0.012606931001338853,7,7
0.010673893238189493,1.0169443338404857e-05,0.00033333368035897814,0.00040542773286270117,0.0004353294998565647,0.0033650451960657805,0.0006052893843767268,0.9577649135995887,2.819626724822438e-06,0.02640377859863792,7,7
0.09536622895742086,4.160164906382119e-05,0.008016492829550952,0.005557119770779411,0.001122543402575096,0.05253162306661601,0.0010884733505866521,0.7309497046380352,0.00012402174048046564,0.10520219059489153,7,7
0.0009290261174509284,1.2645579036281056e-05,0.002422426338995256,6.267411790023802e-05,6.138440027103522e-05,0.0003312987128108709,0.0007563444652674294,0.9940775804709966,4.078948330049494e-06,0.0013425408489413338,7,7
0.003966225970696744,2.378824314556971e-06,0.0014687465869864633,3.1073056567580256e-05,5.284479965670431e-05,0.006094454802569274,0.002405819050082779,0.9748620070999382,6.736186645805727e-07,0.011115776190523329,7,7
0.023030557182611596,4.174958304503103e-06,0.0005376311777552525,0.0002927676062008016,7.786361782646551e-06,0.0009546788873139823,0.0005088897096275701,0.9708817224849694,8.996029980337488e-07,0.0037808920284362994,7,7
0.01676773538602298,0.002372501923009561,0.0017242882168637557,0.0019246170118920234,0.04135051611661375,0.35083830309170605,0.4988836402501358,0.07729380703845043,8.815124765143544e-06,0.008835775840540546,6,7
0.008466851503127131,6.0177154857861865e-06,0.00013021583128761086,0.003083356159185518,0.0001539240111052215,0.0013606062569466826,0.0008822219933728496,0.961636636425466,1.0850883066562931e-06,0.02427908501571646,7,7
7.450085683216522e-05,8.382614816143929e-06,1.2896592517974304e-05,4.5368242821206396e-05,3.668901081506418e-05,0.0002432289630550834,0.000833944661897689,0.9954397804440641,8.110084820421968e-07,0.003304397604698426,7,7
0.00023236045657722216,4.700231948096029e-06,0.00046184962649507724,4.1911434761629014e-05,3.397886621504503e-05,0.002058132426516084,3.024698726956319e-05,0.9642009132709048,9.272625015532563e-06,0.03292663407429705,7,7
3.3981302386107695e-05,7.619672250271546e-07,0.00033452844822396473,1.056124723681666e-05,2.3531346491400935e-05,0.0004182512932554384,3.208370024023703e-05,0.9977753774484617,6.4610434531653735e-06,0.0013644622030264696,7,7
0.003980515213029037,5.528999688891478e-05,0.0002008545017783399,0.00024922624776298424,0.0024089114744288917,0.009229368569498322,0.017719645485838223,0.9460491440809984,2.8680390960040474e-06,0.020104176390680985,7,7
0.09890679656516313,0.0001398698722535998,0.0024096442361639324,0.0007382731171782413,0.00043425866737161666,0.01238950552435955,0.0004046290202275694,0.874097388032811,1.776092653807746e-05,0.010461874037933392,7,7
0.19168232435183763,0.0004205431337971395,0.007833290192046056,0.0016832263548648787,0.004967031903662137,0.05939551502407024,0.041651478028562394,0.6510517864361443,0.0002256024829660144,0.041089202092049304,7,7
0.00022796702386770104,2.7420449965984695e-07,1.3740635016691756e-05,4.6102281021933116e-06,8.568949597806927e-06,4.752640356670405e-05,6.4735538258110025e-06,0.9990024759221586,7.767559166099358e-07,0.0006875863234484598,7,7
0.022806125282759788,1.6852157841620143e-05,0.0020078930091762294,0.001479137524873,0.00038106542396714073,0.005501265682059054,0.00036392047566875585,0.8013798356258544,8.67314445885406e-05,0.16597717337321155,7,7
0.013502801601312998,0.00021219099453560525,0.0015928817374630472,0.0021697306984654694,0.03843201708424174,0.009323399653367374,0.061480496534662143,0.8655637030089048,0.00010464394835807949,0.0076181347386889585,7,7
0.0012738863368872185,1.193264736354489e-06,7.830018208929477e-05,0.0001430573959190627,5.192906192742924e-05,0.0018179435749088326,2.5641191030468002e-05,0.9954536750754612,4.709482089427978e-06,0.0011496644349510564,7,7
0.7154570298330989,3.3905024201837394e-05,0.01605631951904584,0.005254095013879125,0.004805402588843922,0.07567755570781277,0.04709486143761671,0.060205509558071364,0.0001567637202653538,0.07525855759716424,0,7
0.02193679188940905,5.494122506501795e-06,0.0011514757551396373,0.00011215651444195776,0.0001258037583391626,0.0036519697149850917,0.001102764255920965,0.9626743701231371,0.0001101222050831764,0.00912905166103774,7,7
0.5008039165659051,8.525184568880174e-05,0.005841510943241805,0.0021764772256546577,0.002858245914747603,0.04243672635094756,0.002992639923060405,0.4238751071116721,0.0002110384883681511,0.01871908563071393,0,7
0.0010091290794899072,1.2162000636753627e-06,0.0005136550881158997,1.3142241881370125e-05,2.0383392997389925e-05,0.0007709244315546085,8.677066707846743e-05,0.9928499698109591,2.142444639723783e-06,0.004732666643220001,7,7
0.008695499729432718,1.3411994889274579e-06,0.0002483122953749387,3.9066429729083835e-05,3.2786664049444576e-05,0.002744557484433718,9.07546677658479e-05,0.9835258098401589,0.0001022146184768227,0.004519657071089643,7,7
0.02315862098291597,2.0361096851654077e-05,0.00046274755530158906,0.00021078013923902004,0.00018780983327515603,0.004179659597184027,0.00017692587270114697,0.9681197897093243,3.0123723093293775e-05,0.003453181490114015,7,7
0.0001927086184351782,6.153628733133776e-07,3.433849261371754e-05,6.698577889182917e-06,1.951497886862873e-05,0.00010550889548761212,2.2543054481584335e-05,0.9983548502858449,7.353126631095475e-07,0.0012624864208426298,7,7
0.00020126874683859064,1.1729650805563247e-06,4.3093092400514176e-05,7.839767306512234e-06,1.2076682149981183e-05,7.921457125963094e-05,6.7441571067754635e-06,0.9990855176817527,3.6245914833539e-06,0.0005594477446214182,7,7
0.0008983473604501026,1.6932171101280813e-06,0.00018901727963109186,3.309276579603742e-05,1.732005225847903e-05,0.0004121177510222618,1.0830810661705048e-05,0.9525420550214873,5.45371139788062e-06,0.04589007203018503,7,7
0.123854007357255,0.00027391266175186307,0.02284317667077119,0.007948704912020627,0.0027079388149800817,0.18486721373441517,0.0012678968963810734,0.6408783582583363,6.75307296011574e-05,0.01529125996448763,7,7
0.14534782647876116,0.0008875711708399927,0.005189183947311074,0.0031793590790866366,0.01454447072511425,0.051463987961578896,0.006990071170859281,0.6898782797485054,1.588772162491173e-05,0.08250336199631848,7,7
0.000776947700779123,3.101021094235772e-06,0.0014675583397453218,7.029742646137826e-05,3.897464899154111e-05,0.0009930985018525356,7.14544393113611e-05,0.9875991497859564,1.6546447047987434e-06,0.008977763491103094,7,7
0.25535370368277427,0.0003775919294108608,0.00485530798233576,0.010151948964025952,0.009963172054306826,0.0205764630713306,0.0020893604193951984,0.662773195683889,6.403316451758342e-05,0.03379522304801384,7,7
0.027796065058212596,0.0013984429508746188,0.0003975445883348764,0.008691494482048945,0.016968682909763527,0.004736792295373565,0.004418336268331953,0.8621810487050537,8.30957001463227e-06,0.07340328317199157,7,7
0.011287463599624244,2.3235373722027802e-05,0.0016659018845175005,0.0017805832565773365,0.0011780638121650225,0.009844293961930142,0.0008550055619481604,0.9537882968041552,8.584126497211451e-06,0.019568571618863072,7,7
0.0002784285864429618,7.600015285873885e-06,0.0005460512669565374,0.00011229619605884477,4.449574566294885e-05,0.002529283604317535,0.001197915304233651,0.9877115516444731,1.0653990770042492e-05,0.0075617236457983395,7,7
0.0005343727400877895,2.8474550255638203e-06,0.00010304371716281458,0.0003367065775519773,2.904359957025944e-05,0.0042811107431986566,0.0004362684797040612,0.9909899493715735,1.1561826202526116e-06,0.0032855011335052825,7,7
0.009898906701191678,0.0005075884968139986,0.004960612029237881,0.004181553253862487,0.004082070690240861,0.04992393204367809,0.0009574993297227223,0.8972768496913165,0.00012094372888050436,0.028090044035055474,7,7
0.2412860044468431,0.0071431458186558515,0.020576975819853086,0.00858807624300746,0.004971231782169349,0.3211014639245877,0.01552870104481667,0.3586673940652376,0.0008113141810443807,0.021325692673784733,7,7
0.03255455436545627,0.00019555146795621878,0.008003534467685574,0.005727458918484647,0.01637115972095736,0.008206563502355161,0.14584809216236702,0.7187804019781435,2.663023117222275e-06,0.06431002039347715,7,7
0.0024677165256313657,6.213756065586845e-06,5.408079883182694e-05,6.410417523322994e-05,3.615820210273075e-05,0.00022545678905593034,0.0003793807189514087,0.9919295483496041,0.0001076438681354787,0.004729696816388498,7,7
0.20866300304044996,0.0006660695035549692,0.0008104954893763095,0.003916371448255984,0.012300247677710045,0.026754068346110677,0.013099964616028997,0.7269215520217631,9.892302526252928e-06,0.006858335554223717,7,7
0.001472933721696217,1.2571605609365026e-06,0.0002442368518821938,1.2422417188499738e-05,1.2629601615311323e-05,0.0003136698008051926,1.4557959156584647e-05,0.9924409841764565,5.780973975481035e-06,0.005481527336662785,7,7
0.002154434810735322,2.472813213149564e-06,3.430136776088411e-05,2.2909059172627065e-05,1.845819272530894e-05,0.00348859376572369,0.00017375697210270433,0.9870284086772343,2.862707559311603e-06,0.007073801633772626,7,7
0.000488336776482204,5.063662646388682e-06,6.002906578832373e-05,7.440033392936443e-05,0.0009403984506382286,0.0017499717312867286,0.005890317859772136,0.9734558575385827,1.046033959462955e-06,0.017334578546914572,7,7
0.022476022658860412,7.875209834738742e-06,0.0030213254285924866,0.00020318929707566593,0.000572654721115103,0.007050287175392198,0.0011880115181229823,0.9590053932436925,0.00036146875341532453,0.006113771993898443,7,7
7.268444519009116e-05,2.648664134918354e-06,8.83471380177968e-05,1.8660568181973714e-05,1.691420149885841e-05,0.0005123232558934124,0.0006943581662473648,0.9963521777898764,1.8637685394266193e-06,0.00224002200241999,7,7
0.0010921191615232786,1.7558832741980686e-06,0.026178530350011286,6.745933741858279e-05,2.6673618325817858e-05,0.0052139516633823695,4.56573941228782e-05,0.8917998314644249,9.356753099756879e-06,0.07556466437441695,7,7
4.007071083690924e-05,1.0802138744828253e-06,4.856883875889674e-05,1.532434273898471e-05,6.620703826804575e-06,0.00014511227757223378,3.3949996883149715e-05,0.9983236997988747,3.929113456042773e-07,0.0013851802052883186,7,7
0.012933946623694712,3.345947506830324e-05,0.0042004237782883,0.003983027584149157,0.00034815296577367285,0.011336986252418706,0.0033896593545657593,0.911688452444309,1.4515935090164628e-05,0.052071375586642446,7,7
0.01745369708754744,3.489162977033118e-05,0.00020970984293579227,0.0005919990910188723,4.837882469907221e-05,0.003494860250119412,0.00018182092514854132,0.9725568994421034,9.21104997216324e-06,0.005418531856684885,7,7
0.00021407583733855514,2.119097389197046e-06,0.00020221522164237484,2.9903937076786374e-05,3.25603261520145e-05,0.0010714711125590962,4.920407277540193e-05,0.9928145934227646,9.3734482771856e-07,0.005582919627474191,7,7
0.006625134067008196,6.50968465724294e-06,0.00022232563841878387,0.001575348136400261,0.001699921952459217,0.0028190671273853867,0.0005592618523608112,0.9801770648588966,1.1154079169939602e-06,0.006314251274496448,7,7
0.005456664700465412,7.753275474810551e-05,6.266251137757239e-05,0.0010142574706923512,0.0016161193970161193,0.002284305114961878,0.0008000612736679881,0.9870286241127109,2.097189828816452e-06,0.0016576754745310802,7,7
0.004355549817635988,1.4704636274101886e-05,0.00018424603399777833,0.0007276497266903884,0.00032674430746196644,0.0057429726703363115,0.006096437867261625,0.9286178048533879,6.3266867254689e-06,0.0539275634002284,7,7
0.0012185511853447283,2.9121475717354384e-06,0.00045933487410975077,5.9227686213631735e-05,2.8320554844040446e-05,0.001595310774016367,2.345404046448503e-05,0.9847106907083847,9.01759041775304e-06,0.011893180438632765,7,7
0.2199964091432354,0.0018207927547374142,0.002806622840092811,0.02213702480722648,0.06656109219071997,0.026274160578873888,0.009923001991398266,0.33024241344344685,0.002455720243032106,0.31778276200723704,7,7
0.025228806986165114,3.9183710895290204e-06,0.009190393175070762,0.0031344741431141663,0.006626394389708486,0.025623292864483307,0.011780338302240257,0.9095923647004391,0.0022111166632135812,0.006608900404475905,7,7
0.20715042247515267,0.0012711751596850701,0.0022056516263820355,0.0009664574238036851,0.004092257783028997,0.01477471115602718,0.009242662069466466,0.7461560112309791,0.0007166302074509055,0.01342402086802396,7,7
0.04401759450821438,0.0012222855251795871,0.0007721875364825146,0.000803564019575627,0.00280253120085231,0.01377046262583257,0.032798250928479794,0.8902300561172882,7.101105917423909e-06,0.013575966432177611,7,7
0.01671252402051991,8.572399014732583e-05,0.0016765678433099571,0.0012705045316867844,0.0017911252270532891,0.00995244688265521,0.0025380240399230864,0.9501626430915404,4.65700121958896e-06,0.015805783371944344,7,7
0.0025877793995161677,3.1039532398137553e-06,0.00036700115481207174,7.654699955770654e-05,0.00039029458025370653,0.0008684830213118634,0.002237526025436265,0.9855458771101193,7.550596732251699e-07,0.007922632696079757,7,7
2.1384248935728233e-05,2.7135914415815156e-05,5.3257397725077456e-05,9.424533854943447e-06,4.674215889879054e-06,9.377652141698392e-05,2.4776971766058692e-05,0.9990575415371402,8.080654305119082e-07,0.0007072205934252234,7,7
0.2442093118032596,0.000577868273075769,0.0138894630361869,0.012635677442036673,0.00036094506101217745,0.046519858766416636,0.0028963446807781816,0.5523712283429888,0.000243945335242297,0.12629535725900295,7,7
0.0003096421255975965,4.7093938512741673e-07,1.6318111769237605e-05,4.049857183352643e-06,2.541161129327891e-06,6.75783497375862e-05,1.6125386782200298e-05,0.9992564240899164,1.0138093619860242e-06,0.00032583616913697756,7,7
0.01177985231026157,6.5130091519881774e-06,0.00045117555177964184,0.0010107284459550264,0.00017792419221720302,0.014770183618435172,0.0007490631968968392,0.9548516455539633,8.454769958897835e-06,0.016194459351380346,7,7
0.028307842534650757,6.294936966584521e-06,0.000724647866103037,0.0004804637139499335,0.00031173534245441877,0.011733068814596195,0.0009574358717301114,0.9466673757614236,0.0017486647507825729,0.009062470407342933,7,7
4.7470865890484996e-05,3.5144259828461992e-06,9.08499111055622e-05,6.198215635951155e-05,1.6156323301636364e-05,0.00046923580433844446,2.645241216520746e-05,0.9959282191823026,6.581373452691962e-07,0.003355460781208515,7,7
0.0043239071853575575,5.536980551117765e-06,0.00010152738387310822,0.00012505565709805715,0.0001018739273625105,0.0008687102556883851,0.0015114377440514559,0.9797219815713725,2.6347195080223087e-06,0.013237334575137365,7,7
0.0005638662746859327,8.672330602948611e-06,0.00050940548849061,3.608727517382055e-05,4.378841327843315e-05,0.0009953241820662392,0.0002332250502193752,0.9838699326416064,5.752461760207224e-06,0.013733945882116237,7,7
0.002918331464132848,3.156801796481017e-06,0.0002545925949364365,4.6749118463846814e-05,4.54031834924819e-05,0.0022733287909217385,7.834628660139295e-05,0.9749881450392657,2.030945216005344e-06,0.019389915775173086,7,7
0.0027081309480862722,3.1366407757875682e-06,0.00028699033497418293,3.7969216434885444e-05,5.019611718872363e-05,0.004483237064942569,0.000318983903278965,0.9838486397464686,6.107132388937534e-07,0.008262105314611384,7,7
0.0014325155587976666,4.276456175095118e-06,0.0007084412634995505,0.00010062230588825263,0.00018243248720735788,0.007489177928612522,0.0005479611731534152,0.976342343088677,3.239215187171867e-05,0.01315983758611759,7,7
0.1608161254482796,1.9075824872984512e-05,0.000766405255841652,0.0011663629185685112,0.0001573524584440906,0.004949267881703495,0.0016642668738333821,0.7967331640382631,0.000223072722702148,0.0335049065774911,7,7
0.061114472736900335,6.777341762274783e-05,0.01871915935317045,0.0016276819579868808,0.009608010033314964,0.03633306624646347,0.053034464896349005,0.7666443158107904,0.00868991914255947,0.044161136404842136,7,7
0.0005601776917003534,2.7510173915402076e-06,0.0028506005984780926,0.0003822142383584362,8.403073882244916e-05,0.009948642177997506,3.544417323096903e-05,0.9839774434511976,2.6796618649663763e-05,0.0021318992941734417,7,7
0.030813395574695684,6.194673371601315e-06,0.003210895521427936,0.0003956685025313526,6.745690419280398e-05,0.006146688224719258,0.0018260927155711207,0.9443445719368436,0.000719432105313924,0.012469603841332711,7,7
0.017642084810406966,0.000693616079555639,0.03155313366433228,0.009549324139986697,0.002186007054672583,0.5026412417215086,0.1204653337019122,0.125912264151714,0.0005414863980555571,0.18881550827785543,5,7
0.4706540363965931,0.00011186443682757837,0.0021097074247952707,0.00013390273546306554,9.920737196952778e-05,0.0031286330588116743,0.00012606918746525732,0.5181307037432318,0.002370787676947806,0.0031350879678950683,7,7
0.012604888233690933,0.00011513632702642634,0.0018005592260441042,0.0012329413606691389,0.02001968840258627,0.01789409738642892,0.14606743562925353,0.7923291236849123,4.775399113564816e-06,0.007931354350274884,7,7
0.0002456057727574448,1.3897782790683235e-06,0.0003998173161609895,1.487780033042512e-05,5.260652401168442e-05,0.0005658232147127925,9.608977781512833e-05,0.994182206396194,3.6936964172304886e-06,0.004437889723321091,7,7
0.023158999045475342,0.0010241252576291113,0.0007943022410927626,0.00025908823658657155,0.0015577936454594205,0.002672593456681983,0.003646304398538569,0.8227576372840739,3.207690466969099e-06,0.14412594874399529,7,7
0.022557704077092074,9.08697745612913e-06,7.008445437180186e-05,0.00020022496213964415,0.00014898126562886853,0.0012033163959216935,0.0018242889445752386,0.9675836697276554,1.8567378491945712e-06,0.006400786457309861,7,7
0.003461323091757255,1.9081489400565557e-05,0.0002793556619837506,4.858326188633656e-05,0.004291601805682268,0.005202606972250988,0.0006951162585614602,0.981758912126772,2.4780806558348186e-06,0.0042409412510495655,7,7
0.1355055261482669,0.0005481864737219434,0.003473133473510727,0.02460444762787619,0.055450570113634204,0.03934307641476907,0.005563445334156979,0.5217459893317067,0.000885913293002371,0.21287971178935505,7,7
6.13491763864215e-05,3.530143841006928e-07,0.00046425618283013625,2.1606846550629207e-05,6.299403869122783e-06,0.0002197248780792433,3.3578205992630327e-06,0.997194427292371,2.0349067946643983e-06,0.002026590478135335,7,7
2.3736363711967737e-05,4.169697206176599e-07,3.1235346406148823e-05,8.71139726359508e-06,4.781883951645135e-06,0.00015070659641531952,1.2411917444727072e-05,0.9995842353944039,1.4941947513306814e-06,0.00018226993593092083,7,7
0.00861556422552378,1.2355134827769019e-05,0.00047623297934574555,8.761093832220612e-05,8.830893613518991e-05,0.002577534237803819,0.00029034487490470695,0.9805053558798126,3.750065942300255e-06,0.00734294272738174,7,7
0.00013408656885756745,3.654504077797725e-06,1.7606091638630302e-05,3.0215087477073753e-05,1.5054705639780172e-05,0.00014385761575671032,3.585591273070772e-05,0.9949435605657395,3.551766338081188e-07,0.004675753771448567,7,7
0.002869346872848456,1.0489786242440948e-06,5.1194826335080384e-05,2.1797624432128104e-05,1.1285221945765492e-05,0.00025872073344307157,0.00019023227518969393,0.992746652606208,7.963011189840637e-07,0.0038489245598547894,7,7
0.061031803884543594,0.0005967839366124646,0.005514008811146637,0.000742181637814318,0.00031154636091992334,0.014779762648437928,0.0006050997489182794,0.8787530400249248,0.00033335812481984745,0.03733241482186208,7,7
0.0001659331782134844,1.3009184651904298e-06,0.0003628977862536331,1.6016209613387852e-05,1.5252047426896166e-05,0.0005207497987950447,2.4367798327102368e-05,0.998047755966941,2.136528242062045e-06,0.0008435897677225872,7,7
0.017491248207844774,4.692367145218083e-06,0.00018835216492127447,0.0004708570747701342,0.0003727664179435381,0.0015485547532128859,0.0009426439388344593,0.9758938409462304,7.203791673955318e-05,0.003015006212357946,7,7
0.0209329501641167,0.00011225317609587345,0.0014567704744086636,0.0003938307620765248,0.0021820143703152,0.037186087867866174,0.01354151917739415,0.9078802784941842,9.879168144728323e-06,0.016304416345397633,7,7
0.015954886221777095,5.135419616454151e-05,0.0033541557824865557,0.0018191949921341865,0.0026850244259462182,0.044979348705616616,0.0015756879102097462,0.9054567934609872,5.331328995673222e-05,0.024070241014721133,7,7
0.0008797907145406312,1.659139253745954e-06,6.328642739764907e-05,4.423094193063838e-05,1.5828922098894753e-05,0.00030804851512717264,0.00043643817917034765,0.9967756744146075,2.005432942929224e-06,0.0014730373129305029,7,7
0.001827041347340032,3.1789372245816475e-06,0.03697523395431674,6.10446375204679e-05,2.0356757216011488e-05,0.012669708335754327,3.0308903386022423e-05,0.9057014126380813,2.0622058117020697e-05,0.04269109243104367,7,7
0.00957551006564419,0.0005788332816009956,0.0013513163354947088,0.0006420306599298052,0.0022879353631706555,0.008519953662824048,0.005017389008109285,0.9470943448906726,0.0002741374751889813,0.02465854925736493,7,7
0.00020633607156652706,2.7276015679817737e-06,0.0004942937786926219,0.00012765122821113643,1.1217013541405193e-05,0.002163315632882817,0.003737614662645034,0.9798483995977305,1.933237823155982e-05,0.013389112034930515,7,7
0.0001627129332321667,7.585841120805185e-07,6.198398329755683e-05,2.462428314935041e-05,1.977697887162579e-05,0.0011531039891226956,4.5557294359412675e-06,0.9958425765479088,2.8491911916547163e-06,0.0027270577796784665,7,7
0.004797623178652966,9.153993246676941e-06,0.0007525735417927145,0.00014636180690829156,0.00015035127674035322,0.007019929815187221,0.005233237085481364,0.9630838388511909,4.933470610352303e-06,0.018801996980189216,7,7
0.01568483326470759,0.00018346014828636296,0.0016077094592812223,0.003763552312691797,0.0011918255238257869,0.009393929025964032,0.002486973225001271,0.9518319894252438,3.2310304831338517e-06,0.013852496584515064,7,7
0.0002202479724247429,5.860633474180735e-07,0.00010846329333785404,6.28131465256575e-06,1.381258682922869e-05,0.00018144096597369976,3.66644027413525e-05,0.9982574215281272,2.502128982995089e-06,0.0011725797435832286,7,7
0.016039798702799125,0.00014219678673997414,0.0036833751018803293,0.0007029272799398569,0.0026580184791747683,0.035345223311107114,0.05187644939437829,0.8886493963932218,6.515217650612319e-06,0.0008960993331081145,7,7
0.028874407285898563,0.0028853040003759822,0.004690798342476379,0.00493923235225115,0.01286864059049115,0.05505557677226011,0.21536507952294298,0.6631611645549199,6.864279810509854e-05,0.012091153780278831,7,7
0.0005658506728526199,3.587480584461432e-07,4.364434430971564e-05,4.671010429873155e-06,1.0631138526029901e-05,0.00040753301162476345,4.802354106124666e-06,0.9974112082648665,3.7792713825909244e-07,0.0015509225280876432,7,7
0.00410984943335474,1.1557162443527113e-05,0.00038965249444192495,6.811769022233515e-05,0.0007615092039767368,0.004013855546537491,0.0012599637931619161,0.9815821763480285,3.565723167757399e-06,0.007799752604665298,7,7
0.10027757971170612,8.913763116351784e-06,0.0042343893751083505,0.0025308637955254966,0.0002062124451055985,0.01671331969499924,0.0009825649830152896,0.8584922346372884,0.0014517525507289069,0.015102169043406465,7,7
0.00012196006786293227,1.8053812061988344e-07,3.1586556979056144e-05,6.89724684467616e-06,5.1883329131100645e-06,4.4961782059829276e-05,1.169595095904774e-05,0.9987166827877709,7.997838891139861e-07,0.0010600469526007164,7,7
0.0013899433874328155,2.2391723376641065e-06,0.00010304591923098434,4.414166464572384e-05,2.040565156328484e-05,0.00044428794471565534,0.00014380997826756828,0.996139801281683,2.336997814150473e-06,0.0017099880023089314,7,7
0.6728007835954483,0.0025123803328643037,0.17745911591197672,0.0052011823710648095,0.0024112856687930682,0.052864625652915255,0.0004820699005066006,0.05947573194523682,0.0077679944588688495,0.019024830162325354,0,7
0.0014199202823001952,1.5709088553113852e-05,8.96650421889383e-05,9.062242511206344e-05,7.723884195248037e-05,0.0009266002356699059,0.0004982326097016856,0.9959669628381861,2.193722773323301e-06,0.0009128549135627137,7,7
0.11315199489022891,4.998035601264101e-05,0.02043321543261003,0.0013042877407066736,0.008231540413758804,0.04174914608678273,0.017750095968455136,0.662273576280633,5.2051989892093385e-05,0.13500411084092007,7,7
0.050820185517061224,0.0003479685578035831,0.04608291761325551,0.002808631340830971,0.0033335211087128953,0.03430651916404937,0.0022474222338400357,0.8191391311994413,0.0014588167738965965,0.039454886491108496,7,7
0.08287509677890817,0.00047012857002533596,0.0009835009225600277,5.829561870758974e-05,0.00019666977060596257,0.01082996039962085,0.0028047140480811352,0.8945982536546959,0.00010308898691961633,0.007080291249875336,7,7
0.00012193301248400978,1.0455473545805954e-06,0.0001172239610913816,8.809234887443185e-06,1.6223805963349537e-05,0.0009980799716154543,7.707029557466103e-05,0.99786962556382,1.4700213469913255e-06,0.0007885185858620262,7,7
8.351093168734745e-05,4.4964636400828456e-07,4.200285957088588e-05,7.012648746123294e-06,1.5091377026918165e-05,0.0004155509019183604,1.4346073133606218e-05,0.9878264762433783,6.467433296530217e-07,0.011594912574845554,7,7
0.00010449691581467617,4.787046409406377e-06,2.6749857069624518e-05,9.51295175933502e-06,2.1769555680818084e-06,3.778248653821149e-05,2.1279757321772172e-05,0.9996083371224752,3.455414038693894e-07,0.00018453136564004668,7,7
0.037466846251510935,0.00296264577857962,0.09516276068657184,0.09056621562231643,0.05497634585230207,0.39309765790259305,0.020863781863024056,0.11326846526564224,0.0003052781520677041,0.19133000262539224,5,7
0.000263269036006981,9.093670488368908e-07,0.0002789578700340625,0.00013427642897539098,3.072103994677956e-05,0.0003003979860366868,9.449032120988914e-06,0.9815191318189549,3.3170455328030797e-06,0.017459570375342567,7,7
4.483789133505096e-05,1.3078503933891836e-06,6.958954776164626e-05,9.756745798320095e-05,2.371644875853672e-05,0.0017672794855361953,1.1704965847677205e-05,0.9966201778121961,2.5765012841916008e-06,0.0013612420389040795,7,7
0.018115346997444073,1.6123129061495165e-05,0.00577919990903305,0.0014076063003037149,0.000769536520243077,0.004035659985100337,0.0004997554801399597,0.9475063693813337,0.0010488765736111421,0.020821525723729715,7,7
0.23569437989246625,0.0008596298119859088,0.0059554446690796925,0.0034950665677659313,0.019727200475756795,0.14561536438981898,0.11423778010877311,0.46129102053983073,0.0006564617206561298,0.01246765182386645,7,7
0.004326046148750328,1.964336694686297e-06,0.0018213924245814974,0.00011619808474883919,2.9650850578253778e-05,0.0017053534634703259,0.0012417968951294125,0.9872012297855852,1.4364519397144579e-05,0.0035420034910642745,7,7
3.291299334848207e-05,4.902411455512119e-07,3.7097967068258915e-05,2.04139732251352e-05,6.5017263645748655e-06,7.363915190147618e-05,4.267927152664927e-06,0.99945454638681,7.013811070921262e-07,0.0003694282518769572,7,7
0.24899936284088003,0.0003137805125764328,0.0018658248607833906,0.0016362703940155975,0.0006395548763531376,0.007149594785839631,0.0011497961365944105,0.712418124072396,2.9887020100369682e-05,0.025797804500461097,7,7
0.0011050566995925546,2.638587883645862e-06,0.00016279809312352757,0.00010142567735076146,1.9817312530052466e-05,0.00045864139690123944,5.115508317091272e-05,0.9939940593407658,4.365584504632566e-06,0.00410004222417682,7,7
0.0236610342681882,2.606354315771282e-05,0.0019420074042253506,0.0003796970441481798,0.0006026986236995907,0.010146907664197676,0.0036300991647575907,0.9521312578261273,0.0002421643354185436,0.0072380701260798715,7,7
0.07317211988583303,2.878942504566967e-05,0.006381414101404257,0.0011437786698719086,0.0008910540333612771,0.01088980185099347,0.001375936659711668,0.8334474152884066,2.4502810073255135e-05,0.07264518727529892,7,7
0.21973806290335512,2.7416626097188342e-05,0.0007010144530136592,0.0004980727093873466,5.0709268848886735e-05,0.012525659879744085,0.000337633820539321,0.7578626016401697,7.18406421000706e-06,0.00825164463463483,7,7
0.004611150867785262,4.028516939631624e-06,0.0016046817880188999,0.0014454137722956014,0.0002511951870150902,0.00445134774936196,0.0009871364683602362,0.9609387681369372,9.458070634987539e-06,0.02569681944265098,7,7
0.0011194780976097214,5.683707954512289e-07,4.565190654331457e-05,1.2620419063854076e-05,8.372354532915989e-06,4.020418683910211e-05,2.515700893783169e-05,0.9965529005937178,7.398531480083634e-07,0.0021943072088120986,7,7
0.0460844870940443,0.00027300478356130257,0.0019186018084785131,0.01668088520578404,0.007302955137863823,0.020779558886425055,0.010621256093985447,0.8098468313161373,7.418055674215215e-06,0.08648500161804593,7,7
0.004424445527202915,1.8865863019431208e-06,0.0006425038971122666,0.0011925537272218845,9.774971013851102e-06,0.009160416641166057,0.0034734399920232314,0.9634673746931528,0.00026551766683199376,0.017362086297972975,7,7
0.7089341934140223,0.004571395062312613,0.15024307326362862,0.04715727677169401,0.00476440215065306,0.04999475700234769,0.0013389996570636405,0.01595798516340394,0.002741217906070772,0.014296699608803377,0,7
0.004469503102556721,5.456185537229327e-06,0.0001365240958758488,0.00017230643494569884,5.415472919631298e-05,0.003271699384664714,0.0004391668569668764,0.9764500226409066,3.6280780158383996e-06,0.014997538491334225,7,7
0.0008312967880428089,4.722943920973512e-06,0.00024026919125099647,8.987725672643626e-05,2.1235695829934917e-05,0.0004868390258962017,0.000258918283874683,0.9940620068147957,5.627752906590178e-06,0.003999206246755703,7,7
0.009245159122586406,0.0002083945194612886,0.00017703418372390104,0.0027308934980473324,0.0020606329825297504,0.0047467252071254715,0.00023750159110125783,0.9662705729259722,5.116171718969402e-06,0.014317969797733464,7,7
0.0016210369216526981,2.3267236413555524e-06,0.00012688593235494688,3.053090044740404e-05,1.907825171183293e-05,0.0003107901248342696,0.00010545237689095465,0.9911803600998477,1.812141377251676e-06,0.006601726527241545,7,7
0.0019198514030266337,2.4430461862223764e-06,9.091550818681261e-05,2.2602784065868463e-05,6.741012452243949e-05,0.003600659356319578,0.010304354596483345,0.9615087660040013,2.3473854767137117e-06,0.022480649791731172,7,7
0.005876188609357156,1.474791937268925e-05,0.0002659817385697074,5.722806290749598e-05,0.00014573048708747176,0.0040430263097208695,0.13001808582790764,0.8516397070330374,6.564405522806958e-06,0.007932739606516973,7,7
0.04248409632260322,0.0033994729995488523,0.026140766992507773,0.017208760246870444,0.0966937045561326,0.1559000544839237,0.002198097115156653,0.012002131699739838,0.00023122996862128483,0.6437416856148956,9,7
0.0016783270174292575,1.6369759551533588e-06,0.00013118538057657018,2.3134716878551576e-05,1.714259208170663e-05,0.0004101006227355108,1.005303514876818e-05,0.9908243940922323,2.172411484382541e-06,0.006901853155477711,7,7
0.038767672236013864,0.00021607392728505576,0.0004682084383257009,0.00025125075906737645,3.144281257518003e-05,0.003840532072427822,0.00031272325747723343,0.9283682998274276,1.1521964311142832e-05,0.027732274705089075,7,7
0.21899638192390009,0.046677336647079286,0.00507260028637496,0.016643807237389632,0.5215430009262148,0.07666940632565243,0.009238354755815817,0.0864135351341502,0.0016117248610452626,0.017133851902377685,4,7
6.57835149066716e-05,1.788716089308871e-06,3.85767677871022e-05,1.262636729180302e-05,8.464182489050547e-06,0.00025562575351014175,4.8676326038601505e-05,0.9986437904669073,7.107569229863015e-07,0.0009239571480571478,7,7
0.000196095825613844,4.718263459687993e-06,5.6380065180178535e-05,1.9270342560872792e-05,5.936800884123343e-05,0.0014134248643323628,0.012819648681716318,0.9812475573967415,0.00013756156842634898,0.004045974983127764,7,7
0.0001658267819221043,3.657976783477993e-07,2.4575552626269413e-05,1.941542639003528e-05,1.3152606679547593e-05,7.124093344902797e-05,4.3164088767503605e-06,0.9988194476363784,5.455106713168541e-07,0.0008811133453284499,7,7
0.003331831021435708,2.284596173886173e-06,0.00037630745675574134,5.7135830123162824e-05,4.012009127242115e-05,0.004296715790354581,0.0001307573760828132,0.6981036128233029,4.902951572480411e-06,0.2936563320629263,7,7
0.661346247910927,0.0015785227285188702,0.008645256670430522,0.0009383535615130024,0.0013416133038105758,0.0415599200334393,0.0007484066210679539,0.2676808982088252,0.007181565114548339,0.008979215846919363,0,7
0.057584681585736784,5.37505091983676e-05,0.010592117287599855,0.009643933280046103,0.04506157379095621,0.13935615470231205,0.09439283808616239,0.5853385728495158,0.0001941285832119309,0.05778224932526058,7,7
0.0006226765695233683,2.911806802825882e-06,0.00026878895666105685,3.015500863546256e-05,6.831311649890448e-05,0.002287276812390651,5.2126934054027824e-05,0.9413991920737776,3.495914839541955e-06,0.0552650628068168,7,7
0.014133413097236714,0.00012760884409055405,0.00029227817310839403,0.0006205963364347722,0.00792303970105857,0.019784096688697038,0.011904614044445339,0.9421031549012933,4.3053456203016276e-06,0.0031068928680150643,7,7
0.029457273230172297,0.00010871957110084527,0.004961523909554769,0.0009459075703037929,0.0034183850621952606,0.02208739530792191,0.016547841716795075,0.8922865191057281,1.3601644900890926e-05,0.030172832881327157,7,7
0.0004681781294744326,3.251790054300478e-06,0.00010003731723525433,6.460615930709459e-05,3.799829189383309e-05,0.004489260123490271,8.613271928419026e-05,0.9915189065082357,1.9467733249889838e-05,0.003212161227775071,7,7
0.0075093899901604,3.9940355036442295e-06,0.00011947029865007691,2.962550681092817e-05,0.00013296169770760362,0.0002677031638750793,0.0007370471773992908,0.989802109070382,8.72572086839775e-07,0.00139682648742413,7,7
0.06381625847102201,0.0005037234797178675,0.0014143148501013665,0.016857217680964126,0.2750954827825123,0.002931429436817903,0.003243436676247234,0.6199829123567026,2.9354508350609458e-05,0.016125869757564047,7,7
0.030806386642891988,0.0002721776684811003,0.03785693107490442,0.0045024802283736435,0.00253529339301672,0.033996727546291496,0.0030207066296697345,0.6202543114156998,0.00016521803128436696,0.2665897673693869,7,7
0.18460113438014128,0.0008745690766653405,0.001392058266470235,0.0035188870470317145,0.00022931513737480463,0.012562834852536068,0.006173722084401121,0.7688923944880254,7.033639248213853e-05,0.02168474827487195,7,7
0.0020676610649240177,5.128092261799982e-07,4.808471470072495e-05,2.5995232857110328e-05,1.7431702820929628e-05,8.912591508626525e-05,1.9383067151797886e-05,0.9971763791321233,3.3831348934572077e-06,0.0005520432262160678,7,7
0.007436219562995956,4.523143143900663e-06,0.00037573345641028847,0.00038659777304428844,0.00019830228090778165,0.011124578988146755,0.001038517105302634,0.9524537663417756,0.00011603286807910319,0.026865728480193973,7,7
0.024120853830488176,0.0005703226012796646,0.0010233915667208359,0.006925766450762845,0.09345390462207048,0.01056878467377096,0.008672284533776206,0.7255166293797406,0.00012932106426400704,0.12901874127712623,7,7
0.00013546650778327666,2.3261707083080916e-07,0.00019666856067860694,5.2153533458444506e-05,3.5844519663324746e-06,0.00011487505295931154,9.438345296349343e-06,0.9987904756178198,8.801755500933891e-07,0.0006962251374172362,7,7
2.9192792578262794e-05,7.228975285511686e-07,1.907820023344712e-05,1.2702055187958536e-05,1.1360047274011189e-05,0.0001160645468657044,6.12853617751752e-06,0.9988760803994402,1.0538548188061596e-06,0.0009276166698956402,7,7
0.0020338218574756997,1.2782676618907022e-06,6.671114096061709e-05,0.00011549806442275332,9.386080434571768e-06,0.0005324758575516388,6.877934343955776e-06,0.9958624276452189,8.894940896462977e-07,0.001370633657840399,7,7
0.00016283295942479882,9.676301189741119e-07,3.446557902757908e-05,1.9672112917816926e-05,1.0270893165853597e-05,4.786190474570686e-05,2.3355840027945172e-05,0.998086321942028,1.7720592026693506e-06,0.0016124790793407863,7,7
0.013461371851656273,8.41082720932264e-06,0.0015947232483237122,0.00028587149963895704,0.00019315047286882264,0.015461990517030084,0.0025676270423295334,0.9522701343569641,7.687368395836375e-06,0.014149032815583554,7,7
2.2993001568654466e-05,4.668963831286495e-06,2.8185834079452497e-05,6.272433752299718e-06,0.00015301875521338618,0.00028069826980851235,5.478032046018822e-05,0.9991883774610584,7.160199518724106e-07,0.0002602889402759302,7,7
9.312965993432685e-05,1.8339268845470374e-06,0.00013521132934140345,3.581106066786292e-05,4.155772020522552e-05,0.0004717859201346401,6.031757585165014e-05,0.9970204030733619,7.620277966809955e-06,0.0021323294556514806,7,7
2.076017235862365e-05,3.4218229104995393e-06,5.245055255268945e-05,1.844054103835047e-05,3.060661306144373e-05,9.168287790236366e-05,3.7399986055951916e-05,0.9985487978868156,1.0149267658778232e-06,0.001195424620538391,7,7
0.002259210213326518,1.0043404849130036e-06,2.647751797598598e-05,1.3469259072490905e-05,0.0001759816804820762,0.0005677862980640307,0.0008842410888792074,0.994816311487807,1.3565149797540197e-06,0.00125416159892821,7,7
0.014387248964324558,0.0003588037711551087,0.0005912930149282693,0.00027866658519733683,0.00015297774797255417,0.008184408310833705,0.0005528436740419957,0.9555219870915906,6.359836381727409e-05,0.019908172476138842,7,7
0.0028076430857801498,5.6131650215886895e-06,0.00018028137653047866,5.3282559252515644e-05,3.8656456085897975e-05,0.007344307294314613,0.0019208213891066593,0.9740603006395667,1.2458801334312876e-06,0.01358784815420777,7,7
0.0036639799636268536,2.48817546531613e-06,3.750688863799126e-05,0.00017592939365945658,7.87696390698171e-05,0.0008572866958641267,0.00016344047372885104,0.9922354124177922,6.822850030507362e-06,0.0027783635021250527,7,7
0.6333283429240844,0.00010293596314194034,0.00871094247389285,0.0016227363598177807,0.003789448757183806,0.01881368664865073,0.002855624232561817,0.2754716450061074,0.0010672699796046372,0.054237367654954835,0,7
0.0002841208511179411,1.0315179004893311e-05,9.409520150464287e-05,8.026498792077148e-06,7.5270536290240334e-06,0.0002190229358866467,3.3121472812074294e-06,0.9992179300329848,8.69994234493669e-07,0.00015478010556409732,7,7
0.0003511010258960824,1.2678119889579555e-06,1.5337910108149294e-05,1.2186254980845172e-05,4.280369361406936e-06,9.373261471972157e-05,3.634520241612809e-05,0.9980985769198489,5.559992554499391e-07,0.0013866158914242364,7,7
0.02295411746135203,4.341754553619305e-05,0.004130955605469191,0.0004349897069750768,0.0005563974180775378,0.010623052978378332,0.0034433040540511376,0.935391609410387,1.615262559734515e-05,0.02240600319417626,7,7
0.0005808338054135171,5.860674283802569e-07,5.565795526898949e-05,1.079928385975574e-05,1.7322344827087506e-05,0.00038701513221082025,1.674695148111865e-05,0.9974750905018461,2.0247475584811408e-07,0.0014557454829084516,7,7
0.0009265744147684614,3.431612173872025e-05,0.0010770771252371122,0.002592666472123175,0.00041701934342515135,0.005639883766720761,0.002292127712170041,0.8135416345697756,0.00039456744210375483,0.17308413303193723,7,7
0.050714692373257826,5.8963677452351674e-05,0.00022554154135587785,0.0007024577691350935,7.78756894660158e-05,0.0058522336365135555,0.00044568267022829363,0.9379516071883729,9.469665191767105e-05,0.003876248802300364,7,7
0.006726701448437294,3.3174144014335735e-06,0.00027184085422967026,0.0005247035995436189,7.830993736754063e-05,0.001254101799972619,5.714070723826447e-05,0.9890378444183298,5.4664299322654724e-06,0.00204057339054756,7,7
0.004718294690021171,5.51282850384334e-06,0.00017414973198836528,4.9873487407106214e-05,0.0001976727724021804,0.0016123906339635835,0.002633296128232674,0.97860173234636,1.4442421402372023e-06,0.01200563313898061,7,7
0.0035459538845412034,3.0510876431757183e-06,0.0021183789476537113,0.00019543086960894647,8.591556533650132e-05,0.0011894604365191173,0.00018850039719571103,0.9907728898053859,1.4111176131818365e-05,0.0018863078299838543,7,7
0.028537577902267443,2.3841124030068636e-05,0.0015188501020235326,0.00044057885065838245,0.00014586080833120494,0.008200418163454447,0.0006769215569680504,0.9509628893603538,1.3643360152473062e-05,0.009479418771760484,7,7
0.006197824483939536,3.7162543291973957e-06,0.0001531353785390217,8.493692807119573e-05,0.00010606588737657671,0.0005397410365628425,0.00026415351954096937,0.9906387053227133,7.412582693166809e-06,0.0020043086062345446,7,7
0.0021937875393637425,2.200732106927994e-06,6.957777012208697e-05,2.262315147659099e-05,2.42464577847154e-05,0.0010866030114348862,0.00021137583309230497,0.9909181246947747,2.9547512116332425e-06,0.005468506058632706,7,7
0.0005845359163915245,8.315787437111681e-07,0.0001004293692906103,9.79227766616074e-06,4.391381908937016e-06,7.315049166227825e-05,8.844274232373963e-06,0.9986207626468468,4.3586663930148336e-07,0.000596826196618142,7,7
0.0026283622762113996,2.3212389196224542e-05,0.000498415831786715,8.734400764594274e-05,6.712348232784058e-05,0.0007451278049293598,0.00030241772522164866,0.9912738634534393,5.533281329762464e-06,0.004368599747911816,7,7
0.00010667183287697325,1.067167589546117e-06,9.929635438240956e-05,0.00024121829924739145,8.792177333103995e-06,0.0003034828903256661,1.1556001639792071e-05,0.9980571766385318,1.0659916526011406e-06,0.0011696726464210186,7,7
0.00029862058489621836,8.502762213638381e-06,0.00022293476751270104,0.000102230923228625,4.339757189497173e-05,0.003353503506784714,0.0007230725677382913,0.9859603653950845,5.907479371659064e-06,0.009281464441274772,7,7
0.0015436284882562766,3.7619441079614374e-06,0.0009308115308507129,0.0030068852098959187,3.9293747997350234e-05,0.0006706475395816844,7.081900291004436e-05,0.9875375456278295,9.54343437516591e-06,0.006187063474195418,7,7
0.7680591464264042,0.00047183790383081555,0.024477057222475555,0.00033200043328322076,0.004900286524435722,0.043618353973086346,0.0005156308014741839,0.13742726034117558,0.005561259485917031,0.014637166887917427,0,7
0.004323967535647027,9.67248590067446e-06,0.006459971264179392,0.0006282827884175332,2.5184278026810373e-05,0.001846974753506392,0.0011839711525112875,0.9778949988494148,1.1149123811328012e-05,0.007615827768584561,7,7
5.3366898157570754e-05,3.07433462532371e-05,4.47656967532887e-05,1.2975052628358679e-05,6.802473559512083e-06,0.0001360514180401274,0.0001816724636654529,0.9991892596070423,8.476876736402238e-07,0.0003435153562264319,7,7
0.0005181265941456817,5.303797807962809e-06,0.0013316865590574762,4.771629552028325e-05,4.690303811706049e-05,0.005017379475695956,0.00023399882046406715,0.9678829263508167,6.446537809441141e-06,0.024909512530565302,7,7
0.16728657915254647,0.0006919203006814238,0.005525752263721461,0.0022775634039703305,0.0015774132560596762,0.0183655769013327,0.008921128935269052,0.7688447343004758,0.0003491668513124885,0.026160164634630775,7,7
0.004157417854742156,7.41725486220824e-05,0.00017777534940105849,2.5565357299101662e-05,1.0319102311677924e-05,0.0032827692471373406,1.3830890779564499e-05,0.9902774977162447,2.253813070328214e-05,0.0019581138027589483,7,7
0.05804143608174743,3.490986921654022e-05,0.005780092789805954,0.0023963178609232682,0.0033923327817644085,0.0677444884233427,0.025992426276300367,0.6052791742173028,0.0007189015462147347,0.2306199201533818,7,7
0.4330282565093406,2.0853026881702656e-05,0.008619828083756562,0.002475846012715118,0.0004956877094012561,0.01882351437032205,0.002343484797131182,0.5127165271993793,0.0026121890224241823,0.018863813268648073,7,7
0.1455414355867825,0.0013256920753712117,0.0045578075289698095,0.005626900745464738,0.006244213315173071,0.023190438382267115,0.0034916818155984047,0.7767767981832528,1.3939056869842999e-05,0.03323109331025057,7,7
0.008716266687124477,4.501367648401953e-06,0.054980938307149264,0.0007591023571118503,0.00025387211623335414,0.007680099870863816,0.00012190052018933259,0.9186182821975815,0.00019692655640925606,0.00866811001968882,7,7
0.0007329511713656146,1.0789730107252134e-06,2.9327112413848052e-05,9.002816040536383e-06,1.9922889811361756e-05,0.0005715603761887714,2.7767816606523647e-05,0.9978382661393803,1.3128346396320402e-06,0.000768809870542614,7,7
0.00021048910125248698,4.2919545829700516e-07,3.6649419379082305e-05,8.486672957944075e-06,7.418585126813424e-06,0.00017937977318208044,9.664089189338172e-06,0.9988428316958384,9.079106996909432e-07,0.0007037435569159144,7,7
0.09569034104607538,2.1582946707280485e-05,0.001668702465151031,0.0004026077061277611,0.0005058293221847609,0.010387072894970508,0.00406156060274296,0.8787138099523638,4.549348607372305e-05,0.008502999577602702,7,7
5.1855493614437455e-05,3.1072807244354387e-06,1.998386784371233e-05,2.3029230590226925e-05,2.6517664592029786e-05,0.00012038862046386234,0.00019045732019490997,0.9983631833819177,4.844963588432589e-07,0.0012009926436997082,7,7
0.0015621717223537265,1.2579618250790222e-06,0.00010689899020940146,7.234347463010703e-06,1.9270796697389328e-05,0.0004192952996337938,1.8190845365025364e-05,0.9970474771159447,1.4179222031638968e-06,0.0008167849983046242,7,7
0.006875025988242045,3.553190352873638e-06,0.00011247864195040344,2.757555583345166e-05,9.43434089600754e-05,0.0010033673281727058,0.000631222631498864,0.9895362069298677,1.756794958406241e-06,0.0017144695301633275,7,7
0.00035924085699764276,5.978991254360184e-07,6.046687331351713e-05,6.332251599648243e-06,8.572335456247146e-06,0.0006036459348046676,8.826384651979127e-05,0.9960973763173938,1.080458152891227e-06,0.0027744232266362447,7,7
0.0011930348692895238,1.2543036292245403e-06,5.3784016337806113e-05,0.00013464758318249568,2.105755891984712e-05,0.0011496553186183542,0.00011773994963810153,0.9925360420386715,1.8773446848557577e-05,0.004774010914864326,7,7
0.0013237310175901898,9.765878083821905e-07,3.60800223702674e-05,2.8023835388054806e-05,2.0675818555562376e-05,0.0003709201944199392,8.048967426271108e-05,0.9942039755097074,1.888737018795224e-06,0.003933238602878639,7,7
0.28234790778028607,0.0020402813593023133,0.0014977992355988665,0.0009315785443638545,0.002676825653852844,0.03757392577854503,0.011545256294803631,0.6068963924056803,6.361677370787206e-05,0.0544264161738591,7,7
0.0056293828420311606,9.679701000529947e-06,0.0017766582881565004,0.000183065300143719,8.567641473889612e-05,0.005398194459719572,0.0005223469924491049,0.984218039557381,0.00040325238876025093,0.0017737040556193545,7,7
0.7822759888609556,0.0001253308700497085,0.0025873559967473643,0.017669739972651796,0.00042170493855215213,0.009299888358278715,0.0053882795818912315,0.15646090054614364,8.583099544435285e-05,0.025684979879285287,0,7
0.0001629037119827897,1.2774178263027087e-06,0.00018195984464365467,2.9219636249246644e-05,4.865040060450004e-05,0.0005984812295407561,2.310963184756971e-05,0.9943216096516122,4.949120112686875e-06,0.004627839355580465,7,7
0.0312354203287364,0.00045140099949007043,0.0002205754444947613,0.0008518475091803858,0.0005938005808665965,0.006485306771039487,5.026310997895548e-05,0.9502860979182318,1.3623739294849346e-05,0.009811663598686677,7,7
0.010821352125878236,2.245939037983258e-06,0.00011352175885923309,3.7637504301414856e-05,3.683051870728044e-05,0.00013872227323110298,0.000154317848940333,0.9871755856530154,3.7501920600993354e-07,0.0015194113588233252,7,7
7.781102531908192e-05,1.2767573329684664e-06,1.600452112253289e-05,1.5452832421010875e-05,1.574963046147609e-05,0.0007009505145307495,7.929625672067047e-05,0.9978823652420981,5.148047122340301e-07,0.001210578415281076,7,7
0.0052065733836018785,1.175552316741363e-05,0.000394480556095637,0.00011937745830421434,0.00014413567087219616,0.00047613436366990606,0.0007736532502316722,0.9891073444426516,2.8298462836572373e-06,0.0037637155051221775,7,7
0.09099988164459528,0.0009964516378254697,0.0026370176487304957,0.004727330687093322,0.007694518375898034,0.023096809907149775,0.004493285652723376,0.858126713968121,6.592888213400881e-05,0.0071620615957292055,7,7
0.15564538369374267,2.5832679589024187e-05,0.004078705358498259,0.0016859156822647495,0.0031203590147375906,0.02356391237681612,0.018776474445172494,0.5892635686783011,9.721877782585596e-05,0.20374262929305226,7,7
0.28740795033828737,2.7559126913538382e-05,0.0009386537923100303,0.0014685162920314084,0.00040070928250720417,0.005847759278110563,0.013078373710217786,0.6658895095279377,4.034342324064671e-06,0.0249369343093604,7,7
0.20103060657442223,0.0008446169235090766,0.010039524900463922,0.03600594919793058,0.022894130183822695,0.03268447159622346,0.0025532637004867555,0.08610210228901125,0.00018529840817373236,0.6076600362259563,9,7
0.008646336475814361,0.00011274375904763781,0.0016640454360897245,0.003049242356799378,0.0006192671600578631,0.006627692610900603,0.0007963019576067434,0.9683076331919109,4.547225364971452e-06,0.01017218982640794,7,7
0.0007599542553966102,1.5385478609393123e-06,0.0011595833714714886,2.9782426449370446e-05,3.711716651967301e-05,0.0008372753826529073,0.00010176314722301206,0.9845300231908021,1.5274002601097849e-06,0.012541435111364095,7,7
0.0004202503154199229,2.558290982357277e-06,0.00027311676438954873,6.47535230988816e-05,2.147075197833927e-05,0.0021820795653644375,4.057108920218164e-05,0.9932560238126452,1.1193920644928134e-05,0.0037279819662741683,7,7
0.0728929158988994,0.0001957297851032402,0.001533385326000049,0.0022156419425868107,0.00044364107827292426,0.004660827947765898,0.003764783383157816,0.8680030002253823,0.0004982777136041784,0.0457917966992274,7,7
0.010631451225959135,1.7345024929566743e-05,8.92585452238517e-05,6.524461259837897e-05,0.0006881124913583037,0.007349074218888106,0.009196868128698233,0.9650793078976713,3.1923097511220526e-06,0.006880145544922294,7,7
0.008638274316697572,6.21648579169883e-06,8.314398102789e-05,5.104835035264116e-05,0.00015799715218459248,0.0007790933407813159,0.0005709636676763624,0.9820803401903724,1.3863855741149677e-06,0.007631536129541289,7,7
0.018363148757286278,9.54225212006473e-06,0.0010061838392845042,0.00034163461802411973,0.00040051835507914853,0.003952951600655542,0.0005141455692039753,0.9707103731787751,5.322727975758856e-06,0.004696179101595511,7,7
0.007006349132358447,5.900029161697241e-06,0.0006493257990343277,0.0001240185888246269,0.00015220069820867999,0.01308067022241904,0.0005951394505803215,0.9677495167181096,8.844194343707506e-06,0.010628035166959673,7,7
0.009497390883008354,9.837519383238187e-06,0.0007375903011086147,0.0026529373199807842,8.578041124334096e-05,0.0032490036100187468,0.0009225751290689825,0.9805294595741052,5.325451020056762e-05,0.0022621707418824643,7,7
0.00021316979097118748,7.323283204577801e-07,6.708912097868397e-05,1.0924175934672639e-05,9.65080866903999e-06,8.016199526762356e-05,3.796385018005487e-06,0.9986282770339154,5.577208233439045e-07,0.0009856406401015597,7,7
0.0003516722078471146,1.8184268960730092e-05,0.0002705113897996913,0.0004958138364873125,0.00018550980504737462,0.0012463033868791971,0.01535776662453639,0.9721550285012662,3.1340587948836773e-06,0.009916075920380966,7,7
8.803123303828883e-05,1.7725093486136817e-06,3.524778712032876e-05,2.8576758285105583e-05,2.5100916602105228e-05,0.0012158576367849705,6.10437403646217e-05,0.9973536962145159,7.663957426297138e-06,0.0011830092465139803,7,7
0.09645651818344868,0.0002498916973669571,0.00985756973047254,0.0010434325186773244,0.0001318294803740762,0.0312889377478945,0.0004443033979973758,0.8265452961779276,0.00022153938749551867,0.03376068167834545,7,7
0.024215610720789853,4.529198156327445e-05,0.005070467139312961,0.0010917837559031548,0.0011329989730615047,0.04344673839165074,0.00939073126262374,0.883781332679126,0.0002411755362885844,0.03158386955968023,7,7
5.8071371518749426e-05,1.9425272006844365e-06,5.04286810485598e-05,1.2739893310360165e-05,1.8517435286783237e-05,0.00044703375797051724,2.204025257845894e-05,0.9982350890377389,8.00702206665935e-07,0.0011533363411401082,7,7
0.0011935068107521703,4.877411065336675e-06,3.466507098708536e-05,5.129263952267069e-05,2.7651130403389963e-05,0.00016579510755947228,9.191822779288359e-05,0.9925577421662115,5.378053206970802e-07,0.005872013630385219,7,7
0.03117096682093326,0.00033300874522884574,0.0007816609940000541,0.0014906158719282954,0.0005601628022353542,0.013932684386413097,0.0019948435644654835,0.9402187619246686,0.0004113506067339934,0.009105944283392885,7,7
0.0030821300780639934,5.403950427604937e-06,0.00039743820655115147,0.0012231840104018634,0.00014419768321386603,0.026818811783415553,0.0009697050132597749,0.9269750524516842,9.50287583031094e-06,0.04037457394715172,7,7
0.03531500779193661,5.8854269921231216e-05,0.006563099086395362,0.0016875997849156296,0.00011776584066440434,0.008084094090706666,0.004602850527634524,0.9094427612059248,0.00029439199110384176,0.0338335754107969,7,7
0.020448798580457447,0.0006531245804216636,0.005047989540872955,0.004787314256545737,0.00308240501716371,0.012587061793067445,0.0016477352090061544,0.9221135659422528,0.0003358548966647821,0.029296150183547375,7,7
0.005734181191509577,2.6367036482445454e-06,5.9622850996293784e-05,1.8161567983444143e-05,1.7398909340561816e-05,0.0022247877307719115,0.0012054898842834792,0.9745169140396911,8.309530397529719e-07,0.01621997616873595,7,7
0.00543753081071104,3.10397922992006e-05,0.005110301533369988,0.0010400602495019271,0.006355526141723144,0.03363895220008414,0.06427378515434579,0.868563498818229,0.0006148580459725434,0.014934447253763259,7,7
0.00022911230105205984,1.207066452291833e-06,7.490558520027748e-05,0.0003154666418719466,3.4853426359625536e-05,0.0033199988142988517,2.2451145574484344e-05,0.9933670515540548,8.529318318072331e-06,0.002626424146817379,7,7
0.011439271397484942,4.501735471755186e-05,0.0013465609472037088,0.00039591722521889136,0.0007147172566940138,0.004428737087923891,0.0032010062846055233,0.9757030080118767,2.3828810251170695e-06,0.0027233815532495113,7,7
0.037862512833514224,0.0004708569652210313,0.004212063387205771,0.0006196792957061895,0.0004746693981019944,0.00903690035550131,0.0032442057720231702,0.9206703323331336,2.154698283977206e-05,0.0233872326767531,7,7
0.00019721104602752617,1.9651939116177507e-06,3.200973019423999e-05,3.761396667516783e-05,2.3923828533551728e-05,0.0030400391324980074,2.0574155164632387e-05,0.9924215268343426,1.3140018851192663e-06,0.004223822110767617,7,7
0.0006895838857089535,3.27649049353126e-07,2.5854786672502212e-05,7.994925234957541e-06,7.397824634341842e-06,0.00012217705519573693,2.1088187158389645e-05,0.9965288042558402,4.825866077692878e-06,0.0025919455644277754,7,7
0.0003202746357289617,9.466664872286834e-07,0.0002881570218185769,7.950925004446463e-06,9.712133850424747e-06,0.0006054869080998997,3.354599978983122e-05,0.9978144302379056,1.4220201535817128e-06,0.0009180734511616381,7,7
0.0016563861428288014,2.5598795420054673e-05,0.0003542747889678629,8.249145663140647e-05,9.000496628068395e-05,0.0023360063075358057,0.0005250160529168831,0.9850658732033111,2.437550746204243e-06,0.009861910735361194,7,7
4.6139205990722845e-05,4.853107961909396e-07,2.297176608233975e-05,4.4538357796326156e-05,2.241012160678067e-06,0.0005444023171429427,5.9286241353804e-05,0.9964715733570932,1.4887829308582366e-06,0.0028068736486528104,7,7
0.01632685037066782,5.3008009020850376e-05,0.002149028603526843,0.01629427212344655,0.007883686104509527,0.010241355643960573,0.007277626895505667,0.39862071801202476,6.240418567294312e-06,0.5411472138187703,9,7
0.003316704762785281,3.866457306098258e-06,0.00016685624835840885,7.512774693347312e-05,1.667421209922017e-05,0.0016563577965281872,1.9244955633644948e-05,0.9940357073591359,4.75679506220969e-06,0.0007047036661577283,7,7
0.01953383305605801,1.577795464097505e-05,0.0008311966451673685,0.00020958143716976073,0.004033158446643085,0.019063596687517108,0.003574166013347179,0.8944489047006788,5.796926780769731e-06,0.05828398813199708,7,7
0.027045898094136985,3.314459157084078e-05,0.005614817924041953,0.002477891240678604,0.0007590102091029504,0.016795535019445824,0.002798311945954614,0.9059568776278575,1.8106599603461574e-05,0.03850040674760756,7,7
0.019962198639262005,0.0006448632218330884,0.0014179089859686698,0.00032891027129793276,0.00032473752841873825,0.03174948698934438,0.005287445621817759,0.934279768660887,0.00020248398073215984,0.00580219610043822,7,7
0.07987456237197708,0.002480654261615823,0.0014756132455608275,0.0008123231508701376,0.0030501459343615324,0.013091793294708476,0.007635311801670217,0.871968084351483,9.435745012585561e-06,0.01960207584274049,7,7
0.011311874973188515,9.758138853695384e-06,0.0006026743997984552,5.10422416069444e-05,0.00019769665159822392,0.0113646254406263,0.00017125883683694838,0.9119621332959418,8.448385750244253e-06,0.06432048763579903,7,7
0.0007590173460139506,1.0450287016079018e-06,1.130687315033437e-05,1.4987137231748276e-05,7.177102183142575e-06,7.1773885848688e-05,4.8682140200043834e-05,0.9986528940271351,8.711349477797789e-07,0.00043224532458782026,7,7
0.06110000043987895,2.9106586614892243e-05,0.0004377287320351111,6.612113446351488e-05,3.857001204077412e-05,0.017340471808077476,0.00030741961977995193,0.909460210240342,1.1084403591395077e-05,0.011209287023175855,7,7
0.015103919775739263,0.00024065724360988722,0.008154459701110893,0.0015169095373074855,0.0026325323718765,0.012597135939016398,0.01427836547310881,0.9404312326103959,0.0010018658520439447,0.004042921495790902,7,7
0.00036196007741173206,4.070016730066885e-06,3.9111161002141475e-05,2.1766033291386203e-05,3.6930024952413878e-06,0.00019180971009443478,2.3454503405653137e-05,0.9991677544707903,5.372934546658503e-07,0.00018584373132471987,7,7
0.00027985781818362816,2.754518313053028e-07,3.51662119803106e-05,2.3987477986924274e-06,4.915463165699231e-06,0.00019044798833162767,9.438093224040326e-06,0.9992246936555578,6.054635893200821e-07,0.00025220110633742836,7,7
0.05540031693335032,0.0004434739909559196,0.0008577293455010377,0.002987956721518341,0.0018041325192431745,0.010441959190627619,0.0004225734704536086,0.9048093925419629,3.656246380425343e-05,0.022795902822582946,7,7
0.017090913735684412,1.0081061703975546e-05,0.00010667998961913124,4.6710115275048884e-05,1.0611952967798729e-05,0.00021121285961902948,0.0004196683122646978,0.9807627620577201,2.0972047451100213e-06,0.0013392627104006289,7,7
0.018924084683805582,2.1398808836694972e-05,0.0021818137166061116,0.0032686786395272035,0.000657562872124982,0.007890606979739128,0.0007578167607959286,0.869501161193687,1.0502613856770491e-05,0.09678637373102064,7,7
0.001728865618793803,4.34098887061272e-06,0.0009950616889700067,0.0005084312841774733,4.545926900839087e-05,0.002661243134106411,0.00010412356430482012,0.9896721028456695,0.0007761134586346264,0.00350425814746439,7,7
0.001665509592030585,3.3237578129268e-06,4.208667972959839e-05,2.790736549934371e-05,0.00012152172932444752,0.00014421587235050544,9.790006398289131e-05,0.9943082962652238,2.0363625382142713e-06,0.003587202311507563,7,7
0.0004986517259826006,8.40483582274322e-06,2.5397804545112678e-05,1.8210512531144096e-05,4.4264255157895025e-05,0.0003472716672752652,0.0001494323297922803,0.9960018757433116,5.903232035507427e-07,0.00290590080237803,7,7
0.1492349916451441,0.00011041871567539419,0.007710231088638524,0.0012363189801858855,0.0013247085637630924,0.011027836917029408,0.015061544479076415,0.7900626219160263,8.390172436388692e-05,0.02414742597009703,7,7
0.0021425831891170506,2.010653348400921e-06,0.00032265440181163655,3.161691604738323e-05,3.932505695028021e-05,0.0025897168653887673,0.00100853082615422,0.9844536526599899,5.743329369925867e-07,0.009409335098255919,7,7
0.0005399026608112966,3.815410450613362e-06,0.00023358068566335823,6.67884253749046e-05,9.614219863186572e-05,0.002676035701200022,0.00020648907504451498,0.9896570898886689,2.3170084664478807e-05,0.006496985869490067,7,7
0.0011540471275603777,8.673660985050871e-07,0.0017814344128743384,0.0003416871773765227,2.010771366975684e-05,0.0016148072053775698,1.9058463166588686e-05,0.9742912800039633,7.158664159938483e-05,0.020705123888313717,7,7
0.002013219030215651,3.4130912556596966e-07,0.00028635117172554373,7.997184802897977e-06,6.108228912284809e-06,0.00015926330374133393,6.780405360627819e-06,0.997189071401521,5.986880441875922e-07,0.000330269276550971,7,7
0.003315929133638235,7.977149574037409e-06,5.906699144565227e-05,0.00016661847343622522,2.522144138928671e-05,0.0004917002799436294,0.0023881724386552927,0.989338499200531,2.026231762218994e-06,0.004204788659624642,7,7
0.006395325003595499,2.7582340973952545e-05,0.002853520688572092,0.0005037170469459271,0.0006019063417171042,0.10813542495725019,0.0006169743960771888,0.4642103896356272,1.581918860671908e-05,0.41663934040063416,7,7
0.0015957575917222313,2.5880945347806558e-06,0.00017100428257580164,5.967650201623567e-05,3.992119495416915e-05,0.0008058623037228535,0.0008555240200482549,0.992046706370245,1.6132465797320975e-06,0.004421346393600917,7,7
0.0014219943611173248,3.4021880094542937e-06,1.6384076645422377e-05,7.585731849757654e-05,5.5538083867659504e-05,0.00010808574832497144,0.000346602449965274,0.9912815185507626,9.195120090440911e-07,0.00668969771080052,7,7
0.0006351215220212985,2.671982162659073e-06,3.578881250457241e-05,1.948707096271324e-05,1.9851846126351252e-05,0.0009388670566885829,0.00017139444805224592,0.996185141383532,3.2977248016007914e-06,0.001988378153147953,7,7
0.003490387692026971,1.0170283462472752e-05,0.003354786303693153,0.0026560013683109727,0.00013862059000761608,0.01791372536613156,0.004372758389504427,0.9303646465780815,1.0989456540670257e-06,0.03769780448312755,7,7
0.00525058276382703,4.853925121920641e-06,0.00022961448959252651,0.0004314219521910217,5.598193773981307e-05,0.0014578074084933702,0.00031940896664595835,0.9891567689675173,1.430983829064083e-05,0.003079249750580519,7,7
0.00567284701019037,1.1989114600135525e-05,0.00025235741136919254,0.00011092708731710041,6.920303905754103e-06,0.0019653610066138697,2.7073237622048753e-05,0.9838512494406535,7.125520353133405e-06,0.008094149867374846,7,7
0.04654855549268839,2.753070154656989e-05,0.00017224547580046125,4.798226135723128e-05,1.2910192312131963e-05,0.0004235787768254925,0.00018425987226789435,0.9515211800937614,3.858846896000637e-06,0.0010578982865445932,7,7
0.38057666354528263,0.0027155072313295755,0.00649303640062281,0.01066355590718986,0.042566309019712034,0.08069472851218307,0.004964775418652603,0.3525697369442572,0.00032138191502575013,0.1184343051057444,0,7
0.00310375292419461,1.821940540396001e-06,0.00017656519709375224,4.8778259124823025e-05,1.5967415731478676e-05,0.0011008481261188447,0.0005815685209349596,0.9840545251528399,8.281979007349006e-07,0.010915344265520424,7,7
0.0004918960778387137,1.1028152871337166e-06,3.9745057054575155e-05,1.5108402580507377e-05,1.3927554717658744e-05,0.0004890474175698158,7.12682171297969e-06,0.9977522870042116,3.5516850985847606e-07,0.0011894036805175075,7,7
0.0004716136364819055,9.104377986812107e-07,4.6176559362808046e-05,1.955917250690369e-05,1.4421473829823003e-05,0.0004328086786058758,0.00010324572286460957,0.9899733907747748,7.771101935340729e-07,0.008937096433581175,7,7
0.004295222132088655,2.2467028707765184e-06,1.6146462294123495e-05,1.711486547390184e-05,5.580447133758623e-05,0.00042238720725435114,0.001456506574639483,0.9919119042941793,1.028656867928093e-06,0.0018216386329937473,7,7
0.001261897717543689,3.741756224991608e-06,9.790104471797253e-05,2.7490551590154553e-05,3.7085053097896226e-05,0.0002692336092479122,0.0002095333082082481,0.9920270127886495,1.4821633570567103e-06,0.0060646220073627905,7,7
7.187791884161264e-05,2.4232471081950168e-06,6.224047552961982e-05,0.00025954529946368087,2.521740046975714e-05,0.0008429230070000826,6.57597724263151e-05,0.9970047495504882,7.835613291750808e-07,0.001664479767343509,7,7
0.004481315060452307,1.2299517013017778e-06,0.00010842376432287993,0.0002417489180345818,1.1557538077306108e-05,0.015214377870884022,0.00011933406912687455,0.9578537847072973,1.241958956327633e-06,0.02196698616114709,7,7
0.0014198532152265371,9.223505418485167e-07,0.0004892108922056645,3.470441371682769e-05,3.219483605725074e-05,0.0004669308678593119,8.794297025637685e-05,0.9697483801730076,7.344604352356567e-05,0.027646414237605207,7,7
0.020045227216005462,1.2611679106525964e-05,0.000612972791416785,0.0004781448176063946,0.0001646625709554362,0.004043389665776754,0.0029070484009397993,0.9539131321303786,1.3541026511384997e-06,0.01782145662516328,7,7
0.03591191953812334,0.0020932287520245194,0.0067743745769741764,0.0033112026692354584,9.968334279062152e-05,0.014613375260070956,0.0001988503722259717,0.8607097160377558,0.0004560517122391611,0.07583159773856003,7,7
0.03253489082511608,0.00025866745793117114,0.0009751502771056811,0.014063576865673598,0.05209580895205255,0.01423256530922924,0.008317239566908932,0.7422480921875657,7.257741079596775e-05,0.13520143114762112,7,7
0.08669872002872911,0.0032897758540807107,0.026133888058819346,0.0017518890782690247,0.0022333860874481034,0.031835264060431134,0.0037321494726608347,0.7928127492042113,0.0007655113348220101,0.05074666682052843,7,7
0.001375556991638011,2.7996663397622073e-06,0.00047960857258811914,3.934689773402686e-05,4.5017729378325985e-05,0.001976751630669109,0.00018220796087149444,0.9949149697869489,4.404328764307762e-06,0.00097933643506789,7,7
0.00086996471577555,1.6174902002188297e-06,3.729088457961669e-05,1.9669954554293733e-05,2.8132500274928645e-05,7.767510631307341e-05,0.00011209107501290315,0.9980633913237856,7.312845828157634e-07,0.0007894356649208841,7,7
0.04493659823743203,1.8154596521401714e-06,0.0009696385725048338,0.0013859395021371115,0.00015447459655078754,0.00417084057935008,0.01551908224574782,0.922280200321072,6.851906264183989e-06,0.010574558579288967,7,7
0.00148149066663569,2.4670549772712006e-06,0.00025855109282616194,2.378979222697849e-05,5.91941573935778e-05,0.0016126555032903713,3.772686917791069e-05,0.9895677504716532,1.0139746148285314e-06,0.00695536041720413,7,7
0.00467957087954384,1.1815765114318556e-06,0.00010583083146505166,5.0461097261677014e-05,2.1822308599194198e-05,0.003387169719961916,0.0012013558445220604,0.9865483689726833,3.850415099232621e-06,0.0040003883543523275,7,7
0.0003632577518776846,7.352766994846201e-07,3.4455020574151576e-05,5.509887862232106e-06,1.5022317179296422e-05,9.626528657977025e-05,2.1579553392284835e-05,0.9979757281714707,8.953166377908477e-07,0.0014865514177265031,7,7
0.01144299310463997,6.393665564585186e-06,5.108035480018756e-05,0.0003147058848269886,0.0001217973540611848,0.001607978315407503,0.00014502231948377976,0.9853759695108412,3.202349169555353e-07,0.0009337392554577659,7,7
0.0709525387143673,0.00022607266515161807,0.013286568224920496,0.0019776040944811404,0.0008581379168549327,0.021630784533610427,0.0005209209748174627,0.8576391036886764,0.0035615715631047125,0.029346697624015643,7,7
0.5159084068702179,0.0006970461801660271,0.008596386736615795,0.0009466824716913768,0.01744970800834926,0.2044197865285795,0.007301599179255914,0.19428691011802482,0.0005534701358486707,0.04984000377125071,0,7
0.0016970300403871506,1.6044608336100257e-06,2.4586172125313092e-05,2.3476388142940992e-05,2.6608123045968054e-05,0.00026389198180178325,0.0008768545925617649,0.994300566874279,1.2466077599759824e-06,0.0027841347590625287,7,7
0.0005285268560385987,5.672004654906637e-07,4.648802757699239e-05,3.1637511476634305e-06,8.524742073733752e-06,0.0004619702426179036,1.1584532301852398e-05,0.9974337509422937,5.588298049860546e-07,0.001504864875679229,7,7
0.008804827571053293,2.5319551567242698e-05,0.0007356491216019218,0.004787241949615142,0.003309434454940642,0.008636902890972516,0.00037661911718788393,0.9553291304967686,5.889306718900328e-06,0.01798898553957383,7,7
0.00019666433392750767,1.0042124330248518e-05,0.00012149046517236842,8.5482156240251e-06,3.88008472003735e-06,0.00010759269196314181,9.366392542868576e-06,0.9977565135504751,7.419955421965625e-07,0.0017851601457023873,7,7
0.006315289734212585,1.1286839476606474e-05,0.0003691558050761244,0.00022186556398647446,0.0006878032764360591,0.010675240087022024,0.08919562267551327,0.8829522483624644,2.6049437563031473e-06,0.009568882712056128,7,7
0.0001859229296866258,2.0110014349264137e-06,2.7446236125653347e-05,3.781846100507353e-05,3.355751743849892e-05,0.0014481742988598613,0.00032389629379904244,0.9947257781997916,9.550202200566841e-07,0.0032144400416386078,7,7
0.0012688170038005443,2.2835498764069965e-07,2.8048470830105128e-05,2.608433220077217e-06,5.065134365512662e-06,0.00021547867843113995,9.92760964736191e-06,0.9977449897346782,5.53244379630218e-07,0.0007242833356597332,7,7
0.04164201151868564,0.0008474865613402979,0.017218433283246216,0.003167380893774217,0.01863919272940343,0.05653565511228216,0.001466260846248848,0.8327219374655125,0.0072303983105733265,0.020531243278933308,7,7
0.013455968028685861,5.887894469589812e-06,0.00026680571198239167,5.286639535075339e-05,0.0004927935079906528,0.006293996139477387,0.0048801586098001,0.9701872309843411,2.283724454659314e-06,0.004362009003447554,7,7
0.27382873407193453,0.009093100189937725,0.002888791300445841,0.0015353186554728714,0.0015723035985753483,0.010928871177554809,0.020328880035782496,0.5738769066058251,0.00016364902008678413,0.10578344534438452,7,7
8.492355187068984e-05,1.9094564291177934e-06,0.0003126574006941446,3.340770555887511e-05,1.316579670558727e-05,0.000400752168771434,4.2184542677503125e-06,0.9855500052278923,2.5860044406442794e-06,0.013596374233369667,7,7
0.022902028167120454,0.00022943085429315564,0.001661904314860788,0.0017001537081121516,0.0008365799380413827,0.026903852682652805,0.010976183591382362,0.9200035822718113,0.00023371352139081797,0.01455257095033468,7,7
6.76971939121659e-05,2.2179093485226723e-06,0.00012262442971213615,2.019896676492164e-05,5.9151442521298005e-06,0.0008050447945606758,2.1784650749392754e-05,0.9983162981246563,9.532344997381797e-07,0.0006372655515440576,7,7
0.00014718824844765267,1.4354561689875806e-06,0.0007259099285098385,0.0002069015102043995,2.84104922627389e-05,0.0010517094955519138,1.2397779921780174e-05,0.9957981857457545,1.082831667058248e-06,0.0020267785115111784,7,7
0.18404328073522153,0.0001926660493479895,0.004622199644464747,0.0008130495387349153,0.0006162947907361115,0.027370369273788178,0.0041071743950236925,0.7627486047194335,0.00035692838130261736,0.01512943247194691,7,7
0.011162849346243488,9.600860359640007e-06,0.0027124000802026677,9.771918930964582e-05,0.00038423719645970094,0.004492720003175633,0.0031591255830023604,0.9649301276497757,1.5088707684238618e-06,0.013049711220702542,7,7
0.00013666791974351901,1.337400953120548e-06,0.00018170309312247064,2.7124155606799957e-05,1.631431433842822e-05,0.0006680590327177808,1.1693784562955132e-05,0.9977415202367498,2.2094023100810006e-06,0.0012133706598950486,7,7
0.007169631707812119,3.975833398354684e-06,0.0008244086016960274,9.17055241893521e-05,4.219192394017403e-05,0.0024089011869204862,4.3683801316800656e-05,0.9794391670341478,1.0712044887754023e-05,0.009965622341691337,7,7
0.01110013143242739,4.847786306791479e-06,0.0015263155531189943,0.0007364376654385925,0.0004986312642385803,0.016694150091329834,0.006538615199149879,0.9035518399704654,0.00011456280921537306,0.059234468228309314,7,7
0.006833006707402065,0.00011574785363430533,0.0001667307256355172,0.0003880293117376244,0.0003577345456427256,0.004250368791444408,0.0015814653750971584,0.9772818564852247,2.6976528515605437e-06,0.009022362551330002,7,7
0.004031789150758508,2.9159315560807993e-05,0.0010382094006185418,0.00016447696344607586,5.868558513156209e-05,0.013255990564007952,0.0009080107406683798,0.9384077810545138,0.00011201047069121306,0.041993886754603346,7,7
0.00036921983772768844,3.1342144298589546e-06,9.103993874109788e-05,4.287165450193592e-05,2.0947333845338074e-05,0.001485694761071724,8.659583448976071e-06,0.99371619058564,1.3180798157412013e-06,0.0042609240107777495,7,7
0.00026884195403069117,3.0844261570169504e-06,0.0007345145922655355,0.0006413626503098931,6.46847235064221e-05,0.004620385682292841,9.814452845884408e-05,0.98221956428313,1.112914950832292e-05,0.01133828801034078,7,7
0.24573253706044862,0.0007202028590382488,0.019914803608747353,0.005948231321767314,0.0012222025843529388,0.09354039398422583,0.0036432281508447643,0.595021484372004,0.0005635452400562209,0.03369337081851474,7,7
0.0003364693580368758,7.000789262281896e-06,8.801599984299233e-05,4.558217051200402e-05,0.00010695502378027665,0.0011384185163234419,0.001208253802921833,0.9949805222103343,3.040201410884726e-06,0.0020857419275748584,7,7
0.06385054203164776,0.0001803132240812853,0.0006461222820190217,0.00025627495412649273,2.3200288403136836e-05,0.0012634529429785498,0.00035062750390496127,0.9233556717236605,5.9896966717812785e-06,0.01006780535250649,7,7
0.014452861355631862,4.420678748059384e-05,0.00010776973917219767,1.7825725707568474e-05,8.288456460030251e-06,0.00031072807208816467,4.312025347357112e-05,0.9839800444803568,3.09536222615259e-06,0.001032059767403023,7,7
0.011756399009760278,2.2069502096034364e-05,0.00019106859025409836,0.00013464452012725464,0.0004951801064128239,0.0018527884270682937,0.002265154239504958,0.9816566542123458,2.65468113834353e-06,0.0016233867112919937,7,7
0.0032635705444548704,4.205102948259656e-06,0.0001339022881792729,6.86338893794748e-05,3.2003408578290475e-05,0.0017827060142993447,2.04707518096912e-05,0.9905410152038336,7.094082294631634e-06,0.004146398714222516,7,7
0.0005996310081217262,5.158088013637044e-07,1.4444841758937888e-05,3.1818782886583475e-05,7.70358749896033e-06,0.00012749347365077453,1.916067174501643e-05,0.9984993746360417,2.6385227541887723e-06,0.0006972186667407875,7,7
0.010842456515379116,2.4961186050023014e-05,0.0004734363428622288,0.0006869650446910233,0.00013640897030774043,0.0040180090326697665,0.00047000257384931894,0.9793937340517963,7.93090825204601e-06,0.003946095374142545,7,7
0.026944127649716217,0.00012765838226392082,0.0006546003768362681,0.0008894979323744293,0.0006488378119744536,0.01984163499385115,0.002221746287424183,0.932838045897433,5.1078242013385435e-06,0.01582874284392495,7,7
0.7606153350404842,2.3511071420534904e-05,0.0026530611267962445,0.00129158434701936,0.0006706735191676566,0.011696309761668426,0.0012381730579916898,0.2009474419009349,0.0005661007764760181,0.020297809398041076,0,7
0.0005166651737870265,2.4219025408280594e-06,0.0006042115760290442,4.9109405031675076e-05,7.528240106185292e-05,0.0005300588525834482,0.0001100119883329472,0.9945790499307213,2.99151512790054e-06,0.0035301972547839905,7,7
0.14511837190163152,0.0008330777131835782,0.0012996332953709021,0.00746571145290683,0.015157857080001504,0.0213281345140236,0.009482070279496336,0.6753139445321145,0.0008608778947319473,0.12314032133653935,7,7
0.009476715866680486,9.332635774166727e-05,0.0004443304174749546,0.0011818619752902012,0.0014516348650628443,0.005014163005413523,0.001687821123684222,0.8864592896619234,2.2592068932148514e-06,0.09418859751983558,7,7
0.033043209745652335,0.00112463516267109,0.03377648464555264,0.02193327278914013,0.036831344455567475,0.09278903104350143,0.007828880329392888,0.6198313288222527,0.0002769906937017687,0.1525648223125678,7,7
0.04986493804862439,2.8959439660846065e-05,0.004885707197747054,0.0011374172683883824,0.0010934466774921018,0.04487614763664006,0.002093590767305728,0.8448037972858903,5.029267232524375e-05,0.051165703005926,7,7
0.005932522982924949,8.333461234339035e-06,0.0007719745755879147,0.00022801264494068027,0.00012674922607644825,0.004921178644998161,0.00027937245972936954,0.9835815507030483,7.076363396126019e-06,0.004143228938063803,7,7
0.00024830834880854534,5.377357796228187e-07,6.260023877263283e-05,8.073153378031998e-06,7.701896905602928e-06,7.05405042667034e-05,2.4611169041947227e-05,0.998408211421488,1.0826654678399225e-06,0.00116833286609142,7,7
0.0626045348125034,0.0004521545137338824,0.0029617270839978043,0.0008228344071436677,0.0007507729641407409,0.004501511759519027,0.06638147029945611,0.8494888415187039,0.00014110814828651792,0.01189504449251504,7,7
0.6682561950935173,0.00010919221069329062,0.0006477612330345093,0.0020010830463798447,0.001250547186762217,0.005400268580807545,0.006150943381223236,0.30413260325244895,2.3348678522064327e-05,0.012028057336611084,0,7
0.24649153350303332,0.00010226063177017788,0.006916818160118783,0.01094979151070146,0.00044282670294205445,0.015090706366737226,0.0029432246735676777,0.5849156999640006,0.0007173816520698389,0.13142975683505895,7,7
0.08807129939633614,6.012242943571086e-05,0.0008920481861564798,0.0004520948881811995,0.00016500100541976762,0.005118333698426746,0.00012524378274886877,0.8873033737473232,1.60181543762651e-05,0.01779646471159564,7,7
0.00030292278729913654,2.671601593699933e-07,0.00012100619491602599,3.118449951094513e-06,8.095865196450413e-06,0.00020872853251041297,6.0679368604504e-06,0.9974696977553678,2.831994280060279e-07,0.0018798121183113226,7,7
0.00019821484466147195,9.54240446216426e-07,3.112992574595991e-05,3.06271455402585e-05,2.2375437617248125e-05,0.00016167170230960517,1.0355816492533767e-05,0.9986700168218516,1.0734178287247077e-06,0.0008735806475064678,7,7
0.004120211372442591,0.00047184073729151284,0.0019885066802348464,0.0005189646466708171,0.0007268686368869224,0.01287381916632843,0.0051339874382102385,0.9664501502079935,0.00015046252737156043,0.007565188586569405,7,7
0.03690453123773498,1.3279455350034567e-06,0.004088821805520615,0.0012058333218777475,4.799880978376291e-05,0.016074990699259082,0.0017625498191393254,0.9259950093939984,6.030712853745828e-06,0.013912906254297357,7,7
0.2228273073127891,0.00021931515785612968,0.015642641326433854,0.016462234716525043,0.03649817741794191,0.019642419699791868,0.010810204854091577,0.21861156273911017,0.0003062542405057003,0.45897988253495453,9,7
0.13825501782936378,4.449733497075442e-05,0.00188245240062356,0.010751625693719891,0.001747930038038926,0.01829007115699302,0.003681185748003754,0.3553713321320051,1.167614732082286e-05,0.46996421151896045,9,7
0.00012140289023999273,4.644829862829152e-06,0.0001038830443001778,3.313970821467501e-05,8.106269165845989e-06,0.0004503487324636576,0.00013962693593707815,0.9965559786460519,1.2508241542614241e-06,0.00258161811960971,7,7
0.0074097670941317955,7.055790240843866e-06,0.0005085564400138115,0.00017344028107477334,0.00014617096965243272,0.001476010234772656,0.005187119827866934,0.981113452432022,8.996850874007404e-07,0.00397752724513761,7,7
0.01146656157132592,1.1185516104205313e-06,0.0002497985293321561,7.797591452802796e-05,2.4763845435720715e-05,0.007769710712129101,0.0005659957901077406,0.9677751249656358,8.352576261453784e-07,0.0120681148622689,7,7
0.004128580704012518,2.0320997621591072e-05,0.011714859884227736,0.0001731177147496048,0.0002115605764907294,0.004920488898686336,0.0018604538720826246,0.9688180040741643,7.953881192718456e-06,0.008144659396771727,7,7
0.02151263406795626,0.0004990780557256604,0.0009187190718232823,0.007093926003941297,0.0010039896857275835,0.005821592401535496,0.001209592726972428,0.9488733217875366,1.4809228075314125e-05,0.013052336970706246,7,7
0.007025062976208886,2.4791420239390558e-05,0.00013968699950213137,0.00014744097653598073,0.0005432878222541184,0.0012495584913572403,0.0003549782349857834,0.9878157294967691,2.9465494795078866e-06,0.0026965170326676787,7,7
0.13937942954372284,0.02762518497614824,0.0036691377421683687,0.00046288566692536575,0.0005403461217605081,0.04299023144799853,0.015040558031805836,0.6482498990302394,0.00031159784830283866,0.1217307295909281,7,7
0.03244824796811266,0.00016057312312163003,0.0010886954804582918,0.0005160203342976272,0.0011899235474415,0.010218446376186761,0.0012351476973004067,0.943734954517651,4.946966779760036e-06,0.009403043988650576,7,7
0.010203904163464145,1.9144829328506895e-05,0.0025857333638093986,0.00013999671507701434,1.2234058380849048e-05,0.0340627966810518,9.718520352368159e-05,0.9310668514945087,9.984345132782296e-05,0.021712310039528,7,7
0.0001961031153552256,9.407381576451878e-07,1.900284903053987e-05,0.000203667255226246,6.35764267843433e-06,0.00016087326545103283,8.165747904221365e-05,0.9961956712308223,1.338761618112031e-06,0.0031343876626180977,7,7
0.014597674659373715,0.0002423149082355755,0.0009447225008664742,0.004714366841901217,0.0023862487473220125,0.0038129815416538156,0.002759258938912281,0.9429769812574736,6.392434498182428e-06,0.02755905816976347,7,7
0.09321539008483777,0.00022643469749730424,0.01346210050700316,0.009657121454491286,0.0018521677008892933,0.06429743963031671,0.012388677808468742,0.7409308235712738,0.0005170177260741757,0.06345282681914798,7,7
0.03266753787986295,6.592777307133602e-06,0.0008962878597033863,0.0002838407780384307,0.0002454455970488288,0.002307548167735941,0.0038096072213752996,0.9560448608783194,2.2444552294426683e-06,0.0037360343853792624,7,7
0.01159864973872228,0.00020970996860422087,0.007213075291927774,0.007849923258928592,0.0008955419836961505,0.13607519245307778,0.044784474564078885,0.4028453135864827,7.778505042190412e-05,0.3884503341040597,7,7
0.05662863813699927,0.00020434384688678927,0.006021946206357381,0.0898906958204467,0.03604616191900613,0.04239167559119819,0.005068621927265134,0.510358290650735,0.00012194108829275075,0.2532676848128127,7,7
0.0012000826255731247,8.152012416450302e-07,0.00010674663206695802,1.944652238607705e-05,1.456411967566337e-05,0.00015436100514557954,4.58512082373767e-05,0.9963323592139661,8.653994659601762e-07,0.0021249080722416875,7,7
0.008468674580663228,3.1683935785778566e-05,0.001088435095785403,0.00014004143469762472,0.0008728018635713156,0.008320617975553776,0.01613610881475488,0.9597296721613623,7.252834472063633e-06,0.005204711303353577,7,7
3.504109624405306e-05,1.3086403035967345e-06,0.0007833986057166322,1.6981912147610995e-05,1.1687061394245983e-05,0.0005038347532181578,7.7623268021818e-06,0.9976628399956591,1.7766790111715556e-06,0.0009753689295031589,7,7
0.00024700146470143006,9.450445848223158e-07,0.00020735677745427184,8.115668429199983e-06,3.991464915078077e-06,0.000149322290845397,3.5089662360385486e-06,0.9974105638572646,5.338681295552116e-06,0.001963855784273592,7,7
0.00902309098319629,1.5611537513926293e-05,0.0004174800933153664,0.00016955325506855248,0.00023311664570418783,0.0021024661738132094,0.003043199570432078,0.9818743228523081,7.088307201526086e-07,0.003120450057928292,7,7
0.012536992708712948,0.0005601955506947416,0.00029470347997251036,0.0011707051298110627,0.001486144457221583,0.003995824384260739,0.0011695753311353524,0.9613594372414946,2.546646828514818e-06,0.017423875069867884,7,7
0.0010868747041755905,3.202162927659479e-06,0.0001665478965947531,5.637978100553676e-05,5.0323561124510855e-05,0.000729281896362893,0.000490829912334858,0.9899317552063732,6.32615086211415e-06,0.007478478728238796,7,7
0.0009492910249737813,1.6683978605790165e-06,2.0206974693848584e-05,2.7422639673900694e-05,2.275430863750362e-05,0.0002330718024595928,4.977278062391072e-05,0.9963397988049422,2.3873417445740234e-06,0.002353625924390386,7,7
0.006048023992950959,5.349031207361154e-06,0.0004844411988298247,0.00010129074758149729,8.584633365237331e-05,0.008256089873644786,0.0005482992630038741,0.969522668462453,3.2918310158892864e-05,0.01491507278651741,7,7
0.13905278656637027,0.0006405946514595458,0.002920122170193737,0.03398888461766167,0.021353987631543673,0.014156405654067204,0.0030075237476066014,0.07857441759622441,0.0003216877175223495,0.7059835896473506,9,7
0.015903791735000266,1.4862191288666445e-05,0.0022797741882726913,0.002731325397100277,0.0003523970201587401,0.010723000756369174,0.008489919055763417,0.7680321861547666,1.1802232398950586e-05,0.19146094126888105,7,7
0.009344396935205558,1.0069345635116924e-05,0.0001697908978001334,0.0006450800334513421,0.00015661610035971337,0.0016134148388846448,0.0011606516534247897,0.9679536828072601,2.7799243014863694e-05,0.018918498144963942,7,7
0.006259052436599295,1.5333816757243487e-05,0.0005319936694583195,0.00012183570255616907,0.00018417180466801113,0.005557870504913683,0.00242151708153789,0.9741409075029221,2.3778289401196755e-05,0.010743539191186079,7,7
0.021169908219398906,0.0013294235900781852,0.009056956021545888,0.0016770995259553676,0.010085141279704099,0.7134793247911958,0.00820786982334705,0.19173524890957874,0.030798457435900494,0.012460570403295679,5,7
0.00031747026284861314,1.3636661388210215e-05,6.611481312815183e-05,6.272710957020797e-05,6.954206374871363e-06,0.0001432982804790838,0.00017798453098349825,0.9971458752642409,1.0148504055048005e-06,0.0020649240205811337,7,7
0.007070323355444379,6.838615142640313e-05,0.00030219569112090785,0.0001835794444479799,0.0004878743428768892,0.003930049131241859,0.004410835433810516,0.8714721323007195,2.5409734752405575e-05,0.11204921441415927,7,7
0.014506933543640688,2.4747651871886804e-06,0.00034963498020942473,0.00026768568794081156,4.397614383406499e-05,0.0011184106103785635,7.155466838618657e-05,0.9818097523905309,2.115479899876472e-05,0.0018084224108936159,7,7
4.303411275504335e-05,7.594243713257322e-07,0.001747197958917664,1.827770121458452e-05,1.1884875934225169e-05,0.00033879263886248665,1.209754162087301e-05,0.9965916665820784,1.3520979509683208e-06,0.0012349370662943905,7,7
3.084976105474695e-05,8.905351725955833e-07,2.0748784558922317e-05,8.727416160936356e-06,6.095901606471851e-06,0.0003166348297242705,8.673893278475818e-06,0.9972124011579484,4.395897979338739e-07,0.0023945381306972307,7,7
0.007686249225764453,2.0877529209165957e-05,0.0011125279736880745,0.0003135714958427253,0.00041655242727643975,0.008111836544342796,0.015018998737455262,0.9443588298077705,7.030948282440764e-06,0.022953525310368247,7,7
0.000732999536599059,4.4063655828030285e-06,0.0001067674495984528,0.00013687523984760533,0.00014928687483664065,0.001832860217767524,0.0005819325123244568,0.991527513300235,8.38122476088316e-06,0.004918977278447482,7,7
0.11397889968873023,0.001769042219637442,0.40824073123094945,0.03216054984664357,0.019396397899411475,0.35481674279391906,0.004881806243847339,0.027224533243413805,0.0011957902231665087,0.03633550661028094,2,7
0.24798322313472218,0.0005311367734572279,0.006918907990214038,0.0027842262296875102,0.0003817916991695016,0.015054002246963627,0.0007533116765495202,0.7139719604790609,0.0032923422275731255,0.008329097542602429,7,7
0.007117360903421618,3.63049034116185e-06,0.0005738167820655597,0.00017487064434070832,0.000130989286898005,0.0018855432150310368,0.0004182181160175706,0.9861914437297254,7.993952071981499e-06,0.0034961328800871155,7,7
0.004979637724529751,6.487053048954079e-06,0.001111059097340189,0.0003987319929534862,0.00045017287962466216,0.006050472065112228,0.0009494211368337121,0.9799528720754495,1.1415753547045942e-05,0.0060897302215603445,7,7
0.5323034664235159,0.0021738324213748544,0.23261987944455484,0.028123502401800754,0.0013627868072446365,0.1400522538392418,0.0003007795583834434,0.03190573677552178,0.0032560464553517453,0.027901715873010248,0,7
0.0021477694018240834,7.112890460329699e-06,0.0001381431626355551,0.000420885958030623,0.00030091078135156406,0.002291185903690971,0.011277478296022428,0.948851680511049,3.606359345658613e-06,0.03456122673558995,7,7
3.115033467642927e-05,5.020564945535159e-07,2.7933843900852097e-05,5.652342065264664e-05,7.08371504217745e-06,0.00017564137876795752,4.405321570105479e-06,0.9993607308219504,7.502051333920488e-07,0.0003352789018113138,7,7
0.00547454537945712,1.4761162876561672e-05,6.105850781042917e-05,2.7438466263735287e-05,2.3435740243893913e-06,0.00018891004210275206,3.2889538527863765e-05,0.9924429617274924,8.678483474829697e-07,0.0017542237530973064,7,7
0.0007804243615061503,1.1819111744180808e-06,7.994908053159404e-05,1.7961861931874954e-05,1.9171414386040272e-05,0.0002651701666671654,0.0001725606943179446,0.9963609362111859,5.83419971756081e-07,0.0023020608783269002,7,7
0.0726980096045963,0.0003029192405844232,0.0038057343842470433,0.0027565081164705628,0.0020892502091713915,0.01226554423132194,0.0006937577331959876,0.8698017143551011,3.463683727398867e-05,0.03555192528803715,7,7
0.0019773185725141776,7.721083545650909e-07,4.394060355055895e-05,1.3456004355064625e-05,2.9192328931849905e-05,0.0003219810100374638,1.4835457021361005e-05,0.9917396508874567,8.284982740197482e-07,0.005858024529504508,7,7
0.004911503877718339,1.5188334233106313e-06,5.400883902432223e-05,5.334479574738314e-05,0.0002164615521643501,0.00035590291427706693,0.0001876952291529454,0.9909879259016277,3.0656313183022402e-06,0.0032285724255462426,7,7
0.052335607383615895,0.0005421118330015069,0.00023956140015699945,0.001605560454211543,0.00013511255251160635,0.002812333557874813,0.0005162643924118516,0.920305714307835,0.0004012775089087806,0.021106456609472052,7,7
0.02392877041338832,8.914402078211968e-05,0.002293045719562798,0.03185143255285941,0.008784579501365056,0.006960955388072291,0.018307336937972454,0.8179890396164831,1.976685753377743e-05,0.08977592899198089,7,7
0.0006867098770978702,1.636200250677776e-06,4.101602511867922e-05,2.0933239739191028e-05,4.686701174404486e-06,0.0021743350951735634,0.0007857469415035784,0.9856068414259037,2.8763406236561295e-06,0.010675218153415045,7,7
0.12730889137641221,0.004403551027377889,0.02092673310353934,0.43259353882685325,0.08355419589927002,0.0741123284675276,0.0013944427998855108,0.04816359433440294,4.470688066298258e-05,0.2074980172840682,3,7
0.00011677513111711462,2.462701632078598e-06,2.9469159884192947e-05,2.691194489897468e-05,1.5541791008102652e-05,0.00034760665144064067,0.00025820706152059823,0.9975443203049246,2.0997237280525657e-06,0.0016566055298457155,7,7
0.645373431536302,0.0004947771677906389,0.008556800120573384,0.030120275604252074,0.0169603984146656,0.03484506413036011,0.004379395070131744,0.053538316220519994,0.0014371017342389872,0.20429444000116564,0,7
9.71026886280215e-05,4.227291062481009e-06,0.0002655644350771825,2.585245212000927e-05,4.963163379491782e-05,0.0058548995839825405,2.9659041799737447e-05,0.974570462957915,3.222008757634371e-06,0.019099377906862402,7,7
0.0002559062124510504,1.7501564879413372e-06,0.00010085193756883976,4.393840606655849e-05,6.842712508672864e-05,0.00895180446973559,7.147964779165202e-05,0.9862185424000274,6.759637953657104e-06,0.004280540006830741,7,7
0.01791132885325137,1.2491057691875982e-05,0.00015817245217423186,0.00020243789126861926,5.0391575910087115e-05,0.006807841140616307,0.00031406835077337755,0.960369851736135,6.300535230864591e-06,0.014167116406948439,7,7
0.01624755061395121,4.500026640625449e-05,0.00046845539092351887,4.19198917586284e-05,0.0004977733567900238,0.013725700574026656,0.011745464236563051,0.9537648518817311,1.9223295329393644e-06,0.0034613614583170094,7,7
0.0009505815556203692,2.135168175594442e-06,4.2856278964793944e-05,2.7418038419653425e-05,1.6769689677205714e-05,0.0020528362077463186,0.00265309740977776,0.9893715592357326,2.20004707088026e-06,0.0048805463688150145,7,7
0.025403661342479657,0.0004677918096642062,0.0034381597061901954,0.008018098968203314,0.0034641257140521223,0.00787086318990446,0.024814135475833117,0.8639004168652815,0.00012155908081383687,0.0625011878475776,7,7
0.010532746180101115,1.4947339266826346e-05,9.251407106651315e-05,0.00022841519396706592,8.088457251589437e-05,0.003336130989817485,0.0011927593934327044,0.9752075635701875,1.6571576936847706e-06,0.00931238153195123,7,7
0.032890521973110785,1.3492647652407235e-05,0.0016669647339415325,0.0008825401811450917,0.00016532584016997273,0.00500908096831019,0.0012992070996876925,0.950748557115123,2.416466318850734e-05,0.007300144777670831,7,7
0.002217642058028362,0.0001337962082128814,0.0036396113372576776,0.00025619596267421364,0.0011890099283760312,0.034962806188612625,0.0025732534372599277,0.9266103668607859,3.697920415733075e-05,0.028380338814635045,7,7
0.0035018580495093867,6.1120888034136795e-06,0.00014607051581914585,9.200381722359315e-05,1.2947633779208085e-05,0.0058457261621577125,0.000661741313994581,0.9676241054970692,5.088507112766871e-06,0.022104346414531302,7,7
0.0017103296780243678,1.4887742069082955e-06,8.875343712254844e-05,0.00013291273738987996,3.537132584212565e-05,0.0005344204265043059,5.749887567454926e-05,0.9943661499525432,2.7178689718516773e-05,0.003045896102973595,7,7
0.00037294060385116047,1.9465988349231824e-06,0.00010238360152609785,0.00019775136407917124,6.711440776580492e-05,0.0053070176546870474,3.0415276545690806e-05,0.9912286261800543,3.7049358492322994e-06,0.002688099376806571,7,7
0.00015740538067191955,1.6764711469795423e-06,2.254832563603181e-05,1.3973992019930279e-05,0.0003917379973226159,0.00025301188566780107,0.00292372664417752,0.9957300030302403,3.588026790414529e-07,0.0005055574704379269,7,7
0.03920519448124517,7.749360349249968e-05,0.00043342250473513296,0.0011259585748897454,0.00039012316822214404,0.012214552307819676,0.0016092236448017865,0.9036203211057229,2.811279518557554e-05,0.04129559781388559,7,7
0.0012345649066405982,2.2709539559571317e-05,0.00013613307393520204,5.749671078673664e-05,5.687988206129932e-05,0.0007784889151327354,8.781646125711567e-05,0.9959532571965022,1.3247790083377905e-06,0.0016713285351158365,7,7
0.027990248470685708,1.918412313970921e-05,0.0002572794488797711,0.0006562915486793404,0.0004126017999282638,0.012147197310059069,0.0018401702497788663,0.944075266976083,4.917335755665677e-06,0.012596842737010498,7,7
0.01157147354578234,1.814598776666536e-05,0.006619176302690569,0.007467911903381236,0.0004041989397210908,0.0983106352954269,0.0005932717478284312,0.609196622647176,0.00010171554074588302,0.2657168480894809,7,7
0.0013638196871798435,7.918775282553428e-06,0.0001493841980083421,4.4489979828206066e-05,6.9748868630465845e-06,0.0001600811495169193,2.8780792330891925e-05,0.9972967806915816,1.6603717601646288e-05,0.0009251661218069523,7,7
8.560512642313748e-05,7.297154013067848e-07,0.0001235423825753919,2.7062582287826774e-05,3.676100588940298e-05,0.0006836437595773599,1.739045304824547e-05,0.997279072082386,7.27513204769175e-06,0.0017389177603637342,7,7
0.007177220309299239,1.9888031906059768e-05,8.719791091903901e-05,4.694637206119317e-05,0.00020795178463300131,0.00035630215366825295,0.0009604814298601787,0.9873450280180125,3.932664765846294e-06,0.003795051324874765,7,7
0.01007045713318058,0.0003809610963081604,0.004256111685037996,0.003169446046858673,0.007403511397193058,0.01573371719697959,0.0007438225663329319,0.9219100026034508,1.9414263140853187e-05,0.03631255601151727,7,7
0.013961765093320769,1.1134163335147723e-05,0.0002628109054140212,0.00027977878382816096,0.0001652182914762615,0.006442255201484132,0.05691304570450747,0.9097237097682357,1.2116576109050846e-05,0.012228165512289264,7,7
0.003138481570003797,5.616248669931876e-06,0.00017373736731193055,8.307185855649351e-05,8.90221771896519e-05,0.002543464669106349,0.001352627644491761,0.9762775513989796,2.653095433958357e-06,0.016333773970256593,7,7
0.000260247977891679,1.1949093308306597e-06,0.011892933155325424,2.3101327180158564e-05,9.757798431885657e-06,0.016242491827890837,7.637207889272798e-06,0.9539526197575883,1.9727412382885554e-06,0.01760804329723354,7,7
5.8592204595700276e-05,8.760672383327998e-07,0.00011098226084097542,6.508758583397298e-05,1.4446532320767864e-05,0.00019924833816905815,3.2589171890095726e-06,0.9974460330624166,1.4810260572520072e-06,0.0020999940053384736,7,7
0.0003589400517229036,4.600866838264444e-07,2.90121633596625e-05,3.2123023481143183e-06,2.8085375856236756e-06,0.00022523423472006767,1.0272050856972404e-05,0.998772742921353,6.646299577326327e-07,0.0005966530214121268,7,7
0.0036833147366080107,1.705454040380473e-05,4.206153619792957e-05,0.00013251100699242515,2.0511231693400502e-05,0.0007180472947456002,0.00021010938451466898,0.9862310426771319,1.1598824341632424e-06,0.008944187709278364,7,7
0.0001615990540571014,2.77682423793227e-07,4.718663281329654e-05,2.5572761994309503e-06,6.891712497404393e-06,0.00020042836175071407,1.0208922724056884e-05,0.9993200830789729,9.223974059664034e-07,0.0002498448811555316,7,7
0.021891705730835084,2.238899458726548e-05,0.0031182411716531573,0.0017306430379442506,0.00024126981561417953,0.009482235695171988,0.0035541470235555253,0.9419538354216062,2.0941672228193925e-05,0.017984591436804573,7,7
0.00418952524614519,1.1753560488184057e-05,0.00010260480876117454,8.175886049816839e-05,1.0143993765989593e-05,0.0003181796616821132,0.0002817866891719178,0.9903109113054299,9.298971241362611e-07,0.004692405976933044,7,7
0.004324616551695453,6.7625065634427046e-06,7.010710886776877e-05,0.000247751339776016,0.00015021440039107253,0.001450348551273678,8.986124607454579e-05,0.9828975258794985,1.4429730441558636e-06,0.010761369442815284,7,7
9.21964366930363e-05,1.179640020433322e-06,0.0002189740858632378,4.036619928266967e-05,4.219934939592951e-05,0.0016234349745639666,2.256877471752976e-05,0.9965436456243023,1.666028588042127e-05,0.0013987746292806922,7,7
0.1817620665733348,0.00873222639170187,0.008992460663231908,0.016497924558963224,0.5574826810618795,0.013112847716233292,0.0057096555796048495,0.19132123712578702,4.476668013832482e-05,0.016344133649125403,4,7
0.005327233102372827,4.888093277727189e-06,0.0009805565590975767,0.0006247916538370867,0.00017344627245574672,0.0044138291852617115,0.00022625350785027577,0.9685746855602041,1.3808205595776536e-05,0.019660507860047423,7,7
0.00014836912844474434,2.157914871613729e-06,0.0004165138556928908,2.952993328444754e-05,6.715751435339372e-05,0.002683941387120904,0.00018390288102685613,0.9943419361932401,2.7776382292723266e-06,0.002123713553735802,7,7
0.7005998217735561,0.00024405836581294592,0.0036555665340431555,0.006419337254446277,0.0024054818355291564,0.006508210144378712,0.003899655549274265,0.21804115735569016,0.00043070387748692275,0.05779600730978246,0,7
0.000402636268648914,6.585693402036904e-06,0.00015441022768182015,9.17135368094181e-05,2.910463971525625e-05,0.002650053533522842,0.000397168017433685,0.9908436940392337,3.924590934663552e-06,0.0054207094526177125,7,7
0.04127008806480684,0.00018958732747138065,0.008738868236168379,0.0007194361510804184,0.0003324922029639781,0.00640189905756869,0.0013975451546264044,0.9319250526598111,0.001087682262217084,0.0079373488832859,7,7
0.0013243505481441964,2.184161574890163e-06,7.060136656353271e-05,2.048693613804581e-05,1.8293511156634847e-05,0.0018111119471988161,3.645341540484697e-05,0.9857681280420684,7.000224436091315e-07,0.010947690049307339,7,7
0.0012630707464166917,2.4412548373947455e-06,6.304522078941539e-05,6.840828737993662e-05,1.992511043592123e-05,0.0001937944264453233,0.0009756711804103218,0.9950322762863048,3.3783917643273133e-06,0.0023779890952159537,7,7
0.026159172858981058,2.604444566169134e-06,0.001397397269489141,0.0006249252603746166,0.0019411112221198598,0.004598705537350763,0.0007972498655816581,0.9183530969147745,9.006602895199508e-06,0.04611673002386715,7,7
0.03216117242531788,5.217711812736233e-05,0.006792801427153928,0.0025784896497240565,0.004290132556756153,0.029740050062486728,0.0039949844673408084,0.8877728576319422,9.460332198521847e-06,0.03260787432895242,7,7
0.0011557657889139491,2.236306171409574e-05,4.5581756799749614e-05,1.1983244361504395e-05,5.643914950126748e-06,0.00031218027062189974,0.0010646214040655594,0.994486922047801,1.0862968022563256e-06,0.0028938522139699665,7,7
0.0020553980530014725,0.0002606226244516465,0.00014854126757219465,8.783054931666865e-05,2.998219753814965e-05,0.001842131097956431,0.0007234676675350392,0.9843800985943804,3.6832709298056616e-06,0.01046824467731823,7,7
0.0030042889321501656,7.162554833282293e-06,0.0011444535698902844,0.0002792234164734931,0.0002242362582072808,0.00579243735264671,0.0009312877899060911,0.9712614369003196,1.9468872348158507e-06,0.017353526338338376,7,7
0.000998517592227784,1.1392137370825844e-06,0.00014176978631392972,7.3470225058534415e-06,1.8293037681947673e-05,0.00020192353667554378,1.4896557275602295e-05,0.9976641748824241,1.1196939779033673e-06,0.0009508186771799117,7,7
0.0002689208637508839,6.640738180362747e-07,2.8955123420019643e-05,4.512896060755794e-06,8.356189347481372e-06,8.116608753978292e-05,5.198213716732304e-06,0.999236684056957,1.2780216560377022e-06,0.0003642644737334292,7,7
0.0027765294026896297,2.251057300170014e-06,0.00022030335030153123,6.0802890156830494e-05,5.71169172022378e-05,0.001918166206621033,0.000654092625997029,0.9919863508404556,8.621796255110183e-06,0.002315764913020688,7,7
0.007419970233982063,4.4498917853626755e-06,0.0003601840892750981,3.0492718569929035e-05,0.00013713306821048305,0.0029096961342943957,0.00048366756544368955,0.9871088060907866,1.4206707224596944e-05,0.001531393500427977,7,7
0.0004130650580263192,3.5814309906278696e-06,0.0010090696032584907,4.390273645081014e-05,3.5471616815543927e-06,0.00041639462656376875,1.5160316775014083e-05,0.996673050291751,3.193837234065319e-06,0.0014190349372682977,7,7
0.008242220762606606,0.0001430844475214702,0.0007254779560587666,0.0010555772344345562,0.00016878084732983536,0.0017596650633547252,0.0005109709869275854,0.9295539045467061,3.1035211394519574e-06,0.057837214633921046,7,7
0.00020908142574285686,6.804131204744739e-06,8.359768255218704e-05,5.541656558253102e-05,3.3443746409559125e-05,0.0024037074909839646,0.0003205906648431215,0.9915885763978181,4.015783524401734e-06,0.005294766111338783,7,7
0.0001588499068411912,2.862788459162168e-07,2.9067225751515827e-05,5.400281291323505e-06,9.756279723228419e-06,7.450896406404108e-05,3.7073653973328306e-06,0.9991577698261133,6.277639818113311e-07,0.0005600261079904112,7,7
0.0035935588293296104,2.0869936169052662e-05,0.0001490404858573139,1.7633845327443246e-05,7.368615559902096e-06,0.00021675366347927234,0.00025490429749313296,0.9928458930348355,1.3605835185966145e-06,0.002892616708430361,7,7
0.00017010780526632575,4.344078906356421e-06,0.00017853682308158314,6.729700155320327e-05,2.3670792836745897e-05,0.0015613639713781392,6.098082563030096e-05,0.9957500836873792,6.256437381786118e-06,0.0021773585765863615,7,7
0.0007343595182204823,3.803420906816645e-06,0.0019423632066638196,0.0003297663886349947,2.124563939790117e-05,0.001752956502046549,8.080549574100646e-05,0.9590083158601131,5.684000883060644e-06,0.03612069996739226,7,7
0.13247018676904798,6.6915086830686e-06,0.0005991591648362203,0.00012781929278311892,6.335322369127564e-05,0.0025808473886735337,7.95732501183481e-05,0.8624295467110881,6.80087145776799e-05,0.001574813976500888,7,7
0.010463266013115792,0.00021678382832903897,0.0001395545005447781,8.227568353656269e-05,0.00023782031075117238,0.0062735217672473635,0.0024754630772283763,0.9739642913737007,5.971898112714889e-06,0.006141051547433447,7,7
0.0013316339339247262,1.2092459619925453e-06,0.00023792938952529755,2.0031334881005334e-05,6.637939396729662e-05,0.001756958734736288,0.00035020272763905066,0.9892424395504635,1.0314160123706747e-05,0.00698290152877728,7,7
0.0018435721269364964,5.448057771387317e-06,9.073016804313336e-05,9.170904225734843e-05,0.0011623096053632943,0.0011544577739593732,0.007516482001059413,0.985378425662509,2.602639131293082e-06,0.002754262922969303,7,7
0.029690110799972455,0.00018843162294013746,0.0020360646197557937,0.03172012412367402,0.008203702397120143,0.007425780055011941,0.0011261646471797447,0.7475952513294403,2.157768834262604e-05,0.17199279271656276,7,7
5.197817381087941e-05,6.018787872284664e-07,0.0014809286498338435,0.0003177758366145101,8.99441538783033e-06,0.00073227152796763,2.005438593805579e-05,0.9946916998892292,2.924497120421332e-06,0.002692770745310328,7,7
0.00908292593284639,0.00025271277028311907,0.000368039215500521,0.00030794552293585814,0.0010374465910817207,0.0024627916444996505,0.007244221743872636,0.9781349077898187,1.626404362616118e-06,0.0011073823847987398,7,7
0.05430045688578691,1.872202855358212e-05,0.001032118388760376,0.0033758453057040243,0.00025003147337318956,0.023284407148171524,0.00196057718158158,0.8513467408653809,2.9265891932248573e-06,0.06442817413349483,7,7
8.006073601872603e-05,1.8463170896909954e-06,3.6619840225754014e-05,3.250897806308212e-05,7.246382574779397e-06,0.00022455574935739402,9.923201336183285e-06,0.9986073236130895,1.2666472635607067e-06,0.0009986485349818585,7,7
0.00026354075640795026,2.7794940964382064e-07,3.928866134055407e-05,4.314675360508697e-06,6.1202150970153985e-06,0.0001333409451290167,1.7419280867003822e-05,0.9991006450370978,7.678034808859406e-07,0.0004342846758095168,7,7
0.008203114934170077,0.00010732032555966803,0.0055671781710528185,0.0015076779422307258,0.003224116645979003,0.02179322610167457,0.0003003206719378378,0.9541393740937394,6.098431937101461e-05,0.005096686794285091,7,7
7.310697293342176e-05,3.6006415516110665e-06,1.6921255919092138e-05,1.403265653037261e-05,1.2614555089114803e-05,0.00019764313836350864,0.00014015358804183366,0.9967082866618471,4.381436989446513e-07,0.002833202386025166,7,7
0.00023419311312992467,2.85806457322952e-07,2.13914838275905e-05,2.0570457628111524e-06,5.233920867446094e-06,0.00011803495282165883,5.133266565609017e-06,0.9994735793709931,3.4948226441914974e-07,0.00013974155730983704,7,7
0.5063146555568195,0.0006873688243579082,0.0015216347904486159,0.0017671981023257882,0.0002758102186556212,0.019963603195973085,0.0028788008054202482,0.4436669680793706,4.65625765044693e-05,0.022877397850124118,0,7
0.00720869469284955,4.4207250727412015e-06,0.00024858522227169303,3.677457486799064e-05,2.0931351364701996e-05,0.002182941672888192,0.0019158186760731143,0.9801923843667533,1.1739034728146477e-06,0.008188274814385927,7,7
0.0015639400810895628,7.601223138127772e-07,0.006929488172473265,2.2215393583732235e-05,2.1149325534462227e-05,0.0011364270364320986,0.0011368020963689954,0.9865703589536111,2.004425751684391e-06,0.0026168543928412643,7,7
0.005451143471219678,7.258099465188754e-06,5.5454585896603634e-05,6.213286976973939e-05,6.722219504179499e-05,0.0014120515458083075,0.0016228982766502721,0.9897140243806525,1.4680237097978012e-06,0.0016063465517862263,7,7
0.4479483629364148,3.102151743485221e-05,0.001965172903244464,0.0014127259237328937,0.0003062503118078454,0.029865692705738304,0.00040511216554226507,0.5041997448343098,7.157016562972277e-05,0.013794346536145089,7,7
0.013697885494171034,1.4943282036309911e-05,0.003686144628335073,0.0006948036999036431,0.001233066088179326,0.026209668351504123,0.0012524208255256526,0.9179723668483202,0.00014645776736254757,0.03509224301466211,7,7
0.014301056849239498,1.3167713107776055e-05,0.00032927828531982366,0.00017048828684432398,1.735302881538346e-05,0.0014311955151885833,0.0002109244625242862,0.9755015914660579,6.26815609999114e-05,0.007962262831902718,7,7
0.10278950540405704,1.051466676159264e-05,0.0050906599564278145,0.0014395343679133644,0.0010608944504658052,0.01261150196114166,0.00567836612578982,0.8402166366776467,2.3028520206388315e-05,0.03107935786959006,7,7
0.019382344536779644,2.2654363952055664e-05,0.004302659572661561,0.000989192464538159,0.0002581356843811497,0.019751995802460037,0.004731261049791794,0.8116568642164802,6.3736927685407175e-06,0.13889851861618682,7,7
0.0034830565100401624,2.82706501577286e-06,0.0003748418199989226,9.379895636660277e-05,5.09467761489198e-05,0.0012171912768508086,2.0832803373144573e-05,0.9903178711896885,3.3565740047814236e-05,0.004405067862469738,7,7
0.0026161862337520086,5.432128033307486e-07,0.002663032458449769,2.8399868879936045e-05,1.7610483755767062e-06,0.005878739226980389,2.3718661381027865e-06,0.9863558940594269,9.285347023429938e-05,0.0023602185549596514,7,7
0.45778732407567657,1.8866347492981413e-05,0.019642354868458077,0.003193021878943263,0.00012801223524614658,0.03770047435141327,0.00014856878857243832,0.25079845110162335,0.00043450736164442127,0.2301484189909295,0,7
0.006484588258657531,1.3421697643363788e-05,0.0015516247746350162,0.0020377294135264113,0.000591833333737106,0.011505087057828031,0.0037470357333135194,0.9484177131683932,6.431530523189287e-05,0.025586651257034184,7,7
0.00029400566565158546,1.0639058322725374e-06,3.871472782730461e-05,2.37295128681429e-05,1.3823094907123603e-05,0.00011265581792472411,0.00016979753767150792,0.9986381184290518,1.18110867475753e-06,0.0007069101995908473,7,7
0.0004700931945340131,2.035655032394741e-05,0.00015427214945307882,3.5384399259329705e-05,2.088730352838985e-06,0.002210007870051131,1.0647909013241474e-05,0.9781422734205247,9.306093982006433e-07,0.01895394516708952,7,7
0.0001282260921757652,7.456955969148891e-07,4.917171029037208e-05,1.8567210069681587e-05,1.62468058902082e-05,0.00010616707993499324,1.3059422123030007e-05,0.9974092043236792,1.5477786556809662e-06,0.0022570638815841383,7,7
0.00677763971033804,3.2240081138563597e-06,9.26289683563028e-05,0.00013417184728344833,1.3427660708431939e-05,0.000847977184122555,0.00015417013053009565,0.9910587156297248,2.213223637710866e-06,0.0009158316371848272,7,7
0.002427534714601901,1.4001555161511861e-05,4.3060653156192446e-05,0.00015871579978295904,0.00035847073794917925,0.0003622874057317501,0.0002949104950377249,0.9920064057263469,1.075421132373286e-06,0.00433353749109935,7,7
0.005171132867327281,6.015212543788397e-06,5.3233579044932666e-05,0.00012812566667320154,0.00010909571980476107,0.0022787529128008243,0.004436358737434941,0.9710967480856996,1.2984742618477418e-06,0.01671923874440889,7,7
0.011556636243324805,2.7776594773277548e-05,0.007337523515144333,0.014311653294513567,0.0018002412858075106,0.09809924065935131,0.002514397408765749,0.2774957420493904,1.7146280621382263e-05,0.5868396426683077,9,7
6.195409960429467e-05,1.2019952542972563e-06,0.00012585922603254286,1.0731266107105484e-05,5.45975870079277e-06,0.00023313331841501243,4.1081595550616704e-05,0.9980712421386126,7.117892216922864e-07,0.0014486248125007493,7,7
0.0008116966808041255,5.490994889905391e-07,8.051604970228078e-05,2.1296924401112105e-05,6.555856636107168e-06,0.00014288893355014545,1.7674056002950989e-06,0.9984443850912512,3.4755494681958267e-06,0.0004868684090977638,7,7
3.22738589738219e-05,1.3853011002122905e-06,3.0828452859166586e-05,1.3352741598586263e-05,1.4843405447895067e-05,0.00011010333464508433,5.350620856648096e-05,0.9993565472111715,9.021081818486157e-07,0.00038625737745565266,7,7
0.037429523156991065,0.0005152960783859279,0.0025904561823304074,0.005678307537350663,0.0009329816800478436,0.007734195345605608,0.0009814001511551634,0.9114093720861908,0.00015458694580277238,0.032573880836139546,7,7
0.0001518183242397744,3.7374237462245264e-06,0.000620548878950587,0.000300264587568085,6.0755481210423075e-05,0.0013466768003467925,3.164318503530398e-05,0.9964404909984569,7.899427171016348e-06,0.0010361648932750332,7,7
0.06183778442096774,8.22359001934902e-06,0.0027950539296529176,0.0008687052624000413,0.0013000144908850444,0.005041932355918606,0.0005823160833261893,0.8932905251466186,0.0001711201342591795,0.03410432458595261,7,7
0.006203191471363449,1.1678208089779703e-05,0.0012195456540228574,0.00021237589198513286,0.0004928778989652539,0.0006313127123418581,0.004302250060840727,0.9816396871909995,9.251088935112591e-05,0.005194570022040499,7,7
8.538410516783345e-05,6.46428873511568e-07,5.527439765815421e-05,1.390226602151839e-05,8.63516920674109e-06,0.0001700126717277162,2.8830977134619003e-05,0.9953106883531634,8.759107994945176e-07,0.004325749720247323,7,7
0.00011184840335989101,1.3362002727093642e-06,0.00018165076333807165,3.7720785955954146e-05,2.4372828573373358e-05,0.0025221384773817237,0.0001060714624038247,0.9939066529992338,1.4254872634513148e-05,0.0030939532068461105,7,7
0.00018447069175955478,8.547978038613351e-07,1.1721373891728308e-05,1.2618808936669901e-05,5.148769032747341e-06,5.5152185949265144e-05,1.814139173161622e-05,0.9976524618221891,1.3028108488308763e-07,0.0020592998776203424,7,7
0.005996235874966163,0.00019085421312156967,0.0001862616242034014,0.002645181453892692,5.8901072284911425e-05,0.00828609249738057,7.137893330512517e-05,0.980415376814829,6.186255692096814e-06,0.0021435312603246635,7,7
0.017501831094702155,1.0187921953734733e-05,0.003987483971572046,0.0005620052534114768,0.0003958020818131406,0.01651654749277602,0.0014422873226914254,0.7024278888148594,1.9296597582026055e-05,0.25713666944863867,7,7
0.034255233797258304,0.0012619316676423002,0.0009067376169542045,0.0003792180037440539,0.00014259105587189814,0.006202678230819786,0.0017842540610285046,0.9425826993272206,0.0004341041179981617,0.012050552121462242,7,7
0.019669173058351565,8.340449015587115e-06,9.276677360284835e-05,7.817396779608809e-05,7.470413470196136e-05,0.002294644378075424,0.000650191928764998,0.961457123058318,6.463077746960022e-06,0.01566841917362662,7,7
4.0747169595066995e-05,4.1251941436436285e-07,0.00011246262720083121,7.4565674939766515e-06,6.319075934357026e-06,7.62054785573163e-05,1.5241999897552032e-05,0.9982965245333156,5.724296390419108e-07,0.0014440575989517225,7,7
0.0015710466453273176,2.1124941750862006e-05,0.0006383912963206383,0.0015343596020300028,0.00039367127357786973,0.06165219329366456,0.0003073323030153986,0.8716931989306651,2.569289790555367e-05,0.062162988815742795,7,7
0.011009996657212084,0.00022761964582351977,0.08988268716344763,0.040622897820842115,0.0018359829200445448,0.4527077984050829,0.03634402914948905,0.2815796955752675,0.00018415239689394873,0.0856051402658966,5,7
0.013813589227897206,3.4920341107427526e-05,0.0024636363311612494,0.014601714823066247,0.0039686688395363335,0.004500092019903194,0.0029787312660892037,0.8943700649324574,0.0002752467830200616,0.06299333543576172,7,7
0.001151997553416157,9.860984765093162e-07,0.00029691447862331184,2.7027557671745294e-05,5.981327180182607e-05,0.0008720278274496009,0.00011091329223409245,0.9957656962716781,5.526321894936884e-06,0.0017090973267538734,7,7
0.00026019067599293577,5.028571907212883e-06,7.434615970834541e-05,7.40825179236925e-05,9.149805881721382e-05,0.0015695069766341742,0.0005879023785783073,0.9890356842575717,2.26123722765052e-06,0.008299499165638921,7,7
0.10985987719016761,7.786962055492417e-05,0.005074350565966395,0.0024781424763428437,0.0010061091054157944,0.011825761723072266,0.0062465972197904215,0.8429570215166275,5.676697711175318e-05,0.020417503604950503,7,7
0.012876973756375787,3.237983028394105e-05,0.0009868531512876233,0.0006951255995347637,0.0001917940244811557,0.01904773215151846,0.001432949740030517,0.9593016938999399,5.67661672888879e-06,0.0054288212298190235,7,7
0.001322858187610459,6.03968620395546e-06,0.0003330777121859243,3.800287473965909e-05,6.787244451659708e-05,0.0017513739567502674,0.0027597166499092043,0.9815271837936819,5.949944343589254e-07,0.012193279699967828,7,7
0.003115551618466824,5.30479072596292e-06,0.00048191729516149973,0.0004903435334130345,6.346503489441225e-05,0.0040747960221836155,7.350663626919239e-05,0.9836651976769141,1.50581450321079e-05,0.008014859246939225,7,7
0.013859287071984437,0.0009491610197337258,0.0025378343011091854,0.002199155045197954,0.0011564464993917497,0.04176582479404413,0.0031501457610294045,0.9030181327196052,6.855421787787813e-05,0.03129545857002636,7,7
0.0006462771536450081,2.084124374420517e-06,0.00015173605826192095,5.778749713647194e-05,3.625172892504094e-05,0.0002569407986941404,4.165420776315623e-05,0.9976176918910948,4.104209363313876e-06,0.0011854723307417692,7,7
0.04614985816513578,0.004917984141139154,0.027873051857343893,0.022579918817950056,0.024400965216688275,0.05801110943853669,0.008426930399662982,0.7198213745979837,0.0006680503393041104,0.08715075702625545,7,7
0.004602633460908784,7.516861702470027e-06,0.00016838474139894668,4.981349174785055e-05,0.00016614625350247524,0.001229254535897329,0.0006217317997418055,0.9836517857077691,4.864713326935495e-06,0.009497868434004283,7,7
0.21770730636234636,0.0017997501243704507,0.02401392682784758,0.017390003828210356,0.007535988344187274,0.47456839721575317,0.007925784476828294,0.11484639756790077,0.00019547537298168042,0.13401696987957412,5,7
0.0038599909862465707,3.6649736204380317e-05,0.0014070370103056533,0.006546224268270863,0.00017358942072688685,0.0058335507360279,0.0005961885075410817,0.9245152965322159,1.3394957768574847e-05,0.0570180778446924,7,7
0.0024303983784800553,5.265895738224817e-06,0.0006075580768249613,5.274785876005811e-05,1.9791666523554696e-05,0.005012385739327524,0.0001511047614290183,0.983938166480181,2.8985641040626192e-05,0.0077535955016953765,7,7
0.0006976748408333437,9.258094290951733e-07,2.102301179812624e-05,7.71809561304616e-06,9.230098308807971e-06,0.00018105239780136752,1.0893074265589415e-05,0.9985319860245448,3.801863807315884e-07,0.000539116461024856,7,7
0.011650709450807796,2.0617338663074573e-07,2.9313726677871657e-05,4.816475396850668e-06,2.957088673315261e-06,0.00043422138248745755,1.3892144851530139e-05,0.9834661563959612,1.080355904966499e-06,0.004396646805852158,7,7
0.10993974156064591,0.0009706700060346731,0.004217027820793975,0.04316205451563608,0.043240895677540934,0.013488281933104043,0.0008105557565251376,0.6354752416055374,0.0004677650613519363,0.14822776606282997,7,7
0.03265027865764386,1.724079268546845e-05,0.0004470104739462043,0.00036874560987978797,0.0002150961623511075,0.012366013811321405,0.0018181958259198354,0.9466159755524698,3.7009893529251587e-06,0.005497742124429675,7,7
0.0009501279075023602,1.4229331767893731e-06,0.00013329216654242232,2.712671279829886e-05,1.6720900146851936e-05,0.000698871900323731,1.719434373483775e-05,0.9970447928700559,2.036679669830105e-06,0.0011084135860490636,7,7
0.0014380846130414918,2.6117760910503175e-06,0.008605721889785577,0.00030149948051289114,4.749942912329731e-05,0.00010551032361511842,6.914964264981758e-05,0.984657180593468,5.151902239619949e-06,0.004767590349473205,7,7
0.012381685036761552,1.168771146893456e-05,0.008584512126181835,0.0013694113123649326,0.0020662294270270363,0.029081068630325994,0.0030547591697724754,0.8824452938093205,0.0005945237945176151,0.06041082898225941,7,7
0.002301976230351205,1.741549475541317e-06,0.000495810005105054,0.00038784950986178247,3.0297695267023158e-05,0.001363057130905972,0.00015242886572935645,0.9940070331467756,3.377079724616559e-06,0.0012564287868040717,7,7
0.002208378125708858,1.03375725471639e-06,0.0015653031898811257,3.409229825320698e-05,2.7965924958446343e-05,0.0017383940943689635,2.0749215318310393e-05,0.9921969923054728,5.581260444138553e-06,0.002201509828339467,7,7
0.0001806949454425087,1.7993144352498447e-06,0.00017107345498273418,0.00013856159204781612,8.56813435763875e-06,0.0007553124048164659,3.047714360521557e-06,0.9941942168227959,1.6564963222218023e-06,0.004545069120439003,7,7
0.03945555966786038,4.0294090798389977e-05,0.0028765049553312275,0.0011624820648467298,0.00017293022406382347,0.014796115037291861,0.010854555043390708,0.8686794361956214,2.5888875218510706e-05,0.06193623384557693,7,7
5.714839542819833e-05,9.598041979203021e-07,0.00011310291951659034,1.868138774469161e-05,1.4295205306267004e-05,0.00015424547773910756,7.863291312248087e-05,0.998711482245943,5.163399141398407e-07,0.0008509353110873934,7,7
0.017834989341647144,2.2012629990028896e-05,0.0013798882576239696,0.0005005677396045845,0.00023177024553262696,0.006737846744916804,0.017791847969147692,0.9440296546857161,0.00027064813019483464,0.01120077425562655,7,7
0.0018681945869325383,1.1081318830071557e-06,0.0051281213582242404,8.995639619675305e-05,3.208184439025967e-06,0.0029295854571158592,6.086052470429302e-06,0.9553754152375546,6.95195975549754e-05,0.034528804997628705,7,7
0.00039504336173116323,1.270928887246783e-06,0.00016087103643291705,3.9000008885422894e-05,2.1717812346325928e-05,0.0004774952713087167,3.3172573195250575e-05,0.9975391792303662,4.205978909331258e-06,0.0013280437979372845,7,7
0.0003765666436291432,2.767971334437403e-06,5.4144132227567175e-05,1.1040500408776271e-05,0.0009164832715973706,0.0002818814029365222,0.00025589520263053064,0.9976741745740287,1.184816663791722e-06,0.0004258614845430847,7,7
0.0026548980498642353,5.420476176232842e-06,0.0005515725303694892,5.5190786259760877e-05,4.853185893953775e-05,0.0033487893170423316,0.00020833900536086088,0.967918353486099,5.197841597806229e-06,0.02520370664829053,7,7
0.0002464563335880124,1.0170855569040786e-06,0.01656538497049806,1.665452205025378e-05,1.2995013340557444e-05,0.0130230763147283,6.748798071599073e-06,0.9550824998131544,2.9142656235358145e-06,0.015042252883388067,7,7
0.003733599362459191,6.21766624780949e-05,0.0001312285112318586,4.057887511059683e-05,0.00048772233783196456,0.0018117389267136436,0.028094498225875432,0.9609379719877081,4.930180858593649e-07,0.004699992092505014,7,7
0.011632611739818366,7.313525740561069e-06,0.06481688707467878,0.0004973377034607827,7.611161597309635e-05,0.031223173933943343,2.3533511206754316e-05,0.8293265653238612,4.486101367724437e-05,0.06235160455763993,7,7
0.002130993416358487,6.947712432113233e-06,0.0016600248300665513,0.0001256864343894906,0.00021325695223299587,0.023919961509601233,0.0006004286585603318,0.19486750223512028,9.754576204998816e-06,0.7764654436750335,9,7
0.042839060058198306,6.77837977151415e-05,0.0038537719121850608,0.001082346210513372,0.000634937797501008,0.025646218543025137,0.007515132683984571,0.8602740506163418,2.536781683935998e-05,0.05806133056369626,7,7
0.0031238836121905006,1.0632760301712691e-06,4.379233843675132e-05,1.658578139392146e-05,6.187702807367394e-05,0.00020116221189532692,1.7096621247723038e-05,0.9949967258724892,5.059114824963412e-07,0.0015373073467601782,7,7
0.014809124291115121,2.1229800886214406e-06,0.00398073200654556,0.0006159260883292952,8.083005814785762e-05,0.011790670298407559,0.0034363164479363347,0.9264767341222622,4.770032912408673e-05,0.03875984337804327,7,7
0.1147122859816351,0.0023533371977749076,0.013394768021463378,0.002456688088226525,0.001363860363446317,0.044232647569165534,0.0032802222704587745,0.6866907150728454,0.01173519081003258,0.11978028462495151,7,7
0.034039268509296644,7.917702263696556e-05,0.0025022027815962016,0.0007345262452742914,0.000624986084587052,0.008809997033131938,0.0012495804984877714,0.9459909739552097,7.568989223287097e-06,0.005961718880556076,7,7
0.001800674378693047,2.0163115637423623e-06,0.0017742209057837405,3.845562796317108e-05,6.677070167955469e-06,0.0015973412110416205,3.7037914295638166e-05,0.9925471579146797,6.124448954710864e-06,0.002190294216856654,7,7
0.004725105639154258,1.5680590959653645e-05,0.00010825905029938207,2.749726052250716e-05,1.0255448402238653e-05,0.0016015474395348365,0.0008334665213192886,0.9894795232529834,8.474281565818804e-07,0.00319781736866774,7,7
0.000119396025402846,6.453027322447105e-07,4.079602641634503e-05,1.153145899087421e-05,2.0625662977431895e-05,0.00015824031095762318,3.3742035467824996e-05,0.9986252439629641,8.116375519326641e-07,0.000988967576538286,7,7
0.05971229286030767,0.003569912334229104,0.004368328112764719,0.0011855364169518993,0.001500752010174548,0.05484735993455908,0.006883213608945789,0.8401442628763722,0.00014141992882687446,0.027646921916868208,7,7
0.0007108345152228514,8.587511731195995e-07,9.158277771930163e-06,1.442315180076637e-05,1.2169346880874778e-05,0.00012322473663590964,4.008431361784131e-05,0.9943797263676434,5.65853761456597e-07,0.004708954685491971,7,7
0.0002831390674639096,4.441159772372925e-06,0.00034146664497621037,9.751843899726248e-05,3.7055280818076885e-05,0.0010663679371362917,0.003863993992447024,0.9896330895229186,1.6849379866330742e-06,0.00467124301748373,7,7
0.05466294532161333,7.513569010280199e-05,0.006365897635290985,0.0032969281665016638,0.011425182143054245,0.05424206560560241,0.008298519537129172,0.7098236656999051,2.0571449390335498e-05,0.15178908875141,7,7
0.00729454356368929,3.737788136725917e-06,0.0007688033916871222,0.00010076425665328948,9.517750837238713e-05,0.0034880506754130084,0.00020813141748577294,0.9812004439821229,3.340767936983478e-05,0.006806939737069857,7,7
0.010783906052962967,2.6435520073062395e-05,0.0010795252943218959,0.0015239799423699795,0.0009241726043240368,0.00840834897514815,0.0005089024830521919,0.9568067046330855,2.9240959989132237e-06,0.019935100398663346,7,7
0.005298550650681018,8.955887830952061e-05,0.0008978012848472772,0.0044776386135598175,0.00020896106922249028,0.005408496047529538,0.009539015055328963,0.9373925462833276,1.5263706111145743e-05,0.03667216841108266,7,7
0.11145928572120331,0.0005439211432536631,0.04607099784007249,0.003496853920215189,0.0034529061369736568,0.14738300476870192,0.003192595986583759,0.5285154261566143,0.0007996305549992679,0.15508537777138257,7,7
0.011028835988085123,0.0001302619529742115,0.00017894287813703072,0.0003056170906387427,0.0006271647327285056,0.0006831634454368318,0.0004371310692503054,0.9823162250940559,2.874212707136706e-06,0.004289783535986317,7,7
0.0002488217128571907,2.3863473273815674e-05,0.0013157287436837842,0.007079603702260597,0.00010579906513996499,0.03592240073442073,0.001233398256742649,0.9465914135033539,5.912597130992583e-05,0.00741984483695746,7,7
0.05609875562599486,0.00023781646495883832,0.006857287711335952,0.0025097130751873136,0.0048811718681386305,0.030620252741471038,0.02192468305403727,0.7856935183213638,0.00019308673131009657,0.09098371440620237,7,7
0.0005414169228442638,1.5211838970738495e-06,0.0003374833297273983,4.471394683827932e-05,4.524787519086849e-05,0.00046788384791299204,7.98831057417668e-06,0.995396869128677,2.4044432092688e-06,0.0031544710111288394,7,7
1.4723012810058366e-05,1.8124417544758621e-06,3.190049852043584e-05,1.068347879734321e-05,1.15161404620865e-05,0.00011204460930077468,1.9354034229293558e-05,0.9954846427246192,8.755678383687117e-07,0.004312447491667704,7,7
0.023726325964459612,0.00030007294624201364,0.005122807509414733,0.011773788916802662,0.012834772445494393,0.012793321318448922,0.03285764754024428,0.10894109009613026,8.648020996504197e-05,0.7915636930527982,9,7
0.06383455625715691,0.005817107287444193,0.01933163769612988,0.0024319337245573666,0.0015588014138266542,0.03558572672742929,0.00041180806050591375,0.7787010454756682,0.0016807695949130766,0.09064661376236863,7,7
0.0035591241629557907,7.011428381545771e-06,0.0001851970376813628,0.00016680803305879684,0.0001946606547582582,0.017972379307965653,0.0003683438387664678,0.9541308784501953,7.420877402303874e-06,0.023408176208834768,7,7
0.002756072303465161,2.526394470009406e-05,0.00023127407469110325,6.5921959238352e-05,0.0006022916268119386,0.00021198326169605445,6.531888775437208e-05,0.9946997932306025,1.6400525085156267e-06,0.001340440658532129,7,7
0.00038993687636990125,3.6270131619966024e-06,0.0001596243038153592,0.00033793969377755173,0.00012585467334003413,0.0026560134566348884,8.575931026900399e-05,0.9913990116334073,1.1732455422973766e-05,0.004830500583801089,7,7
0.0002488217128571907,2.3863473273815674e-05,0.0013157287436837842,0.007079603702260597,0.00010579906513996499,0.03592240073442073,0.001233398256742649,0.9465914135033539,5.912597130992583e-05,0.00741984483695746,7,7
0.006116242856542104,1.0068885565878663e-05,0.00014557406435668132,0.000110391809841835,4.994650717936127e-05,0.002269246315617742,0.00040783693843641193,0.9881799464824419,3.0297769123074448e-05,0.002680448370894861,7,7
0.00017636703218526945,2.05102687497526e-06,0.0006469612637730714,4.7540063810036074e-05,7.242694382119767e-05,0.0008381290939919202,0.00016975372969957797,0.9949614552418946,1.6954443400289804e-06,0.0030836201596091467,7,7
0.010309299624068676,0.00016154582826635128,0.0006649604714814711,0.0008934613804215411,0.0013505827008850645,0.0059871296586292335,0.0076066462656997486,0.8246990766415054,5.8404154823399305e-06,0.1483214570135601,7,7
0.06543149704174728,0.015773969963227354,0.1859864713305185,0.01203077218612442,0.029565315227937688,0.1132888679860103,0.0027732783944648745,0.306950004153227,0.007219738708283559,0.2609800850084591,7,7
0.05653013340650135,3.0896125616029534e-06,9.882122108837266e-05,5.386443194986622e-05,5.035861998386672e-05,0.00298176682051406,0.00012086687437354472,0.9244880136567215,2.6880737357967457e-06,0.01567039728257001,7,7
0.000456351372626078,2.6208694941555477e-07,2.1145749079226377e-05,1.1941026938322393e-05,1.3687199906136578e-05,6.318233873983676e-05,1.0587129717116113e-05,0.9985103145241611,5.499874666108289e-07,0.0009119785844159912,7,7
0.016108702471599096,0.0020002426327751584,0.0008419924750104645,0.0009364190277416734,0.014321738549472034,0.03594747990811928,0.014626506528871994,0.8819441320036074,7.925851759248339e-05,0.03319352788521049,7,7
0.041816975615458975,0.00039989742220041647,0.04209399482616511,0.00555716959073718,0.0005565230181792737,0.027802356247976154,0.0009829691277655206,0.836152366662208,0.006449581110869429,0.03818816637843983,7,7
0.22810081518311257,0.00033180444272712584,0.004789630002668443,0.014019184601520168,0.004958768130349029,0.007631412578131196,0.0031291658592044703,0.5755610654026665,8.70411177681134e-05,0.16139111268185247,7,7
0.00472348483581202,3.8014958928293662e-06,9.043467787782043e-05,3.5561323728126005e-05,1.4809460368421522e-05,0.0013247413613466552,0.0018817819841651848,0.9897982352548635,1.9101349850014953e-06,0.002125239470960415,7,7
2.8336901502426096e-05,5.573152959645267e-07,0.00023406149591625888,1.3294685962713979e-05,5.248220949370459e-05,0.00019066413180839021,1.1316385015750659e-05,0.9984909083961542,5.811065534462501e-07,0.0009777973722970674,7,7
0.008566752587268698,1.6672935053961003e-05,0.008422282785987717,0.002118159943956039,0.0004267180908585317,0.03144805983462219,0.0006482840138782559,0.937948322896098,2.069638277953624e-05,0.01038405052949712,7,7
0.0018117956846971993,4.770732049969506e-06,0.00011038888037362354,5.96509202647364e-05,8.708630996060033e-06,0.00021574803417931257,0.00015737926477871366,0.9961122870436487,1.06958353149785e-06,0.0015182012254801771,7,7
2.6049521468344784e-05,5.462910486675182e-07,6.224289180347993e-05,8.504767295547164e-05,4.122825005224419e-06,0.00022395674399949928,5.418456425742261e-06,0.9988787099390769,1.2163698518902449e-06,0.0007126892883651463,7,7
0.00039948865812489815,2.6641265310151376e-06,0.00021473835135946435,2.8862666279306723e-05,6.336807425585662e-05,0.0005447668879890364,0.00040657078264887396,0.9948836593880438,2.4056829293381804e-06,0.003453475381838593,7,7
0.18789180903813646,2.7610958339310955e-05,0.009488106430842259,0.006648831035740384,0.007794818188901213,0.03283561274642622,0.021310554396449854,0.6572775687974223,0.00011752761953156914,0.07660756078821064,7,7
0.0005610430757835804,1.3846735159627192e-06,0.0002586654477387806,3.271079065576214e-05,2.8893776356631407e-05,0.00020439959575522192,3.56325485319562e-05,0.9924413995873298,2.533609436692149e-06,0.006433336894895867,7,7
0.001064231734219547,3.9596344620141693e-07,0.00011178223943492743,4.575804876936897e-06,2.1219690936453696e-05,0.0004396205362421768,5.629232606613051e-06,0.9975831440083962,4.365263114971396e-07,0.0007689642635296762,7,7
0.0312290309721503,2.2704910375015652e-05,0.0017105651876065968,0.00044371932476758183,0.00037233977710518707,0.006574568741708829,0.00023574496884413667,0.9557120236818848,7.807782733383014e-06,0.003691494652824396,7,7
5.916291945656511e-05,5.833835151868174e-07,4.0317412329533995e-05,1.5082734741005578e-05,1.550592429357793e-05,0.00019083087869040967,8.535318877532868e-06,0.9980891508214461,1.1846037041153665e-06,0.0015796460029460083,7,7
0.05189078393702356,0.00011967443364455666,0.029395422444215495,0.0056101639128992575,0.0016249661666874527,0.1635596581523894,0.020959672536509474,0.6659620446130883,0.00019437388180390525,0.060683239921738616,7,7
0.03820478490100727,1.362930498023416e-05,0.0015960381143116354,0.0020610028710390414,0.00022966978687700057,0.007743322997812019,6.668796751682635e-05,0.932406637769509,8.082905715243774e-06,0.01767014338123189,7,7
0.004185933319717629,5.0816814508879855e-06,0.001602551367428669,8.87887634790807e-05,0.00021028643806003154,0.003965003115206243,0.0003331692318031351,0.9764932108317864,6.8962304277782315e-06,0.013109079020640173,7,7
0.00023965292565358907,1.236005703683849e-06,9.634644191395877e-05,4.071890131516891e-05,3.610470315506859e-05,0.00039094954149108095,3.761940373425441e-05,0.9874224321202606,1.222281978692e-06,0.011733717674794043,7,7
0.03251110609373796,8.838025050527449e-05,0.0012833792148093889,0.0004942225006017947,0.0001607679641654733,0.01067902913882705,0.003243498502456623,0.9393377566758792,0.00043433378091668176,0.011767525878100605,7,7
0.0013563648574655873,2.3424753584821805e-06,0.000283709415321499,0.00028252036904664163,8.364243036523935e-05,0.001491763986616669,0.0001831506445495155,0.9924688154650014,2.5678266944064767e-05,0.003822012089330666,7,7
0.05027280614842174,4.302516497012789e-05,0.008247771736958153,0.0003251779226168442,0.0013607124108128005,0.011187563335677957,0.013735925641827944,0.8606944317293939,9.558441218214763e-06,0.05412302746810248,7,7
0.0029034396815658683,2.774344560297003e-06,0.00018926269565380926,3.655095178288215e-05,0.0001422327592158029,0.0004388975015438708,0.00015264271882487807,0.9907010721741552,1.1750574654114595e-06,0.005431952115232214,7,7
0.004914190938463582,9.181692016929402e-07,5.553628495700258e-05,5.34954330797995e-06,3.08884380535291e-05,0.0005047994962628181,0.0006481855346384382,0.9926893458061579,6.275510496927964e-07,0.0011501582379079534,7,7
7.311359148502241e-05,8.88896658023118e-07,8.252838893020568e-05,1.7586095668863596e-05,1.0591346099107797e-05,0.00039193914371434745,2.775067262557123e-05,0.9985287473364262,6.074434134687295e-07,0.0008662470849792538,7,7
0.005650448570148458,1.7757972862453096e-05,0.00016714591590389607,0.00018018414677013238,5.2352922700322e-05,0.00271926389837656,1.1827284979102533e-05,0.9889933870479667,1.1412774744515234e-06,0.0022064909628182017,7,7
0.004696529498656173,5.946713682223175e-06,1.8379254265184612e-05,0.0005629359497923332,0.00012936589710133264,0.00038573529282357697,0.00047527678205358883,0.9922668359121443,7.466198944806583e-07,0.0014582480795870456,7,7
0.006607614998895422,1.1401087824146262e-05,0.000728663715297561,0.0003131169616403545,0.0002789157240953754,0.11506741338713769,0.0005771686683986026,0.850866474231356,1.8326201400892437e-05,0.025530905023954074,7,7
0.0016834075355610743,5.388153467710535e-06,0.0002310778278213788,2.547738154375066e-05,4.735411890206204e-05,0.00048219527977388726,0.0004009877445028152,0.9735182311403562,2.0715653513346364e-06,0.023603809252719612,7,7
7.493466775964997e-05,1.1512049253734923e-06,0.005046108342692613,6.871622876983243e-05,7.835383149326577e-06,0.0015545683637228577,7.824173958499403e-06,0.9664147426930679,4.411646671125133e-06,0.026819707295282973,7,7
0.01775057526952727,9.184991001389076e-06,0.0016251878815916063,9.270032157591037e-05,1.6267806750080716e-05,0.0023081303107559538,3.095080782303956e-05,0.9753230623647289,3.149910467801282e-06,0.0028407903357779967,7,7
0.6213102646566556,1.2903305660995563e-05,0.006364599701161369,0.003963239855075155,0.0005145258000110056,0.015796576905055162,0.009779922543989508,0.25922878190873627,0.0005717056067379993,0.08245747971691689,0,7
0.005749736014369737,5.400940131791043e-06,0.00010835035269850519,4.288647415940188e-05,9.684933699595856e-06,0.00030561541454319477,0.000909620229501051,0.9852287306154395,2.8676583621888215e-06,0.007637107367095102,7,7
0.011840877751085093,2.9006018378779123e-05,0.0018501457186348028,0.0006050913563210145,0.0002856803885324078,0.004371115798526944,0.0013972609293055767,0.974748266283856,1.2037153793091184e-05,0.004860518601566443,7,7
0.8202303833702758,0.0038191347652007128,0.0020457888891485636,0.002085375539080566,0.0032688753475961937,0.013533007079231968,0.00602776308143795,0.12277832125902985,7.257398300163147e-05,0.026138776685996748,0,7
0.00015042508511158324,9.27770678996651e-07,3.407145270903935e-05,1.4247781025210642e-05,1.941371837148826e-05,0.00014043788942624062,7.765796933701506e-06,0.9978588536222898,9.328585600301476e-07,0.0017729240248940223,7,7
0.00033763938666417625,6.196476913079542e-07,8.320551778272155e-05,3.921795294596693e-05,9.122414711238983e-06,0.00015385973204633873,1.0737734700657557e-05,0.9986561629987935,1.0609926954264995e-06,0.0007083736219689213,7,7
0.0007513591294217191,8.657256612524097e-07,2.7322967177908844e-05,3.29192099750674e-05,9.158946929565744e-06,0.0005967284943196585,8.571455218500615e-06,0.9973356358107054,3.208686981698797e-06,0.0012342295736092156,7,7
0.03838478896212269,0.0005844350380964673,0.0006673479524854713,0.00990042846842159,0.018721999709635447,0.016018608268014718,0.03393297782407104,0.7028733821110511,1.8081679621507395e-05,0.17889794998648,7,7
0.0007914858735548272,8.834001604282774e-06,0.0027349797342076723,0.0010141346046354243,0.0003472070243595095,0.04663118329576633,0.0003932988394722998,0.9389162258746155,2.8115926733305588e-05,0.009134534825051058,7,7
0.11227961579647017,0.000847756596548895,0.003709784693584332,0.009699430820502527,0.03529022678532519,0.012398429566380112,0.007453834232939476,0.34470807593556674,0.001012171651557403,0.4726006739211252,9,7
0.011870809007428946,0.00037017595481341023,0.001065869750657419,0.0019341351187249823,0.0011162804762370375,0.01409716834184701,0.0018783440139628264,0.9515566897512971,1.4655398336226674e-05,0.016095872186694893,7,7
0.01235766431158996,2.8212348113841705e-06,6.78757777059277e-05,2.63580917185434e-05,3.979558886483417e-05,0.0011718701864586842,0.001979416580092177,0.9790788192338985,2.712334266036294e-06,0.005272666660594128,7,7
0.00016631831912770377,1.9785711881175687e-06,0.0004109996401763634,4.3988433971401444e-05,4.8874386362045425e-05,0.0019406256226319719,0.0001555453210095845,0.994730422000309,1.4873681953062534e-05,0.0024863740232706827,7,7
0.032817568355613,0.0002589396995548415,0.013089037793307983,0.0005401591839767962,0.001363910548057087,0.0666878763554787,0.024181394262906757,0.5536211539033015,0.0007519200444804603,0.3066880398533229,7,7
0.00016692852876077412,5.078781462780258e-07,2.1943135236121e-05,1.3169714476953421e-05,1.0501359142163413e-05,0.00017373967993298506,7.141360870351344e-06,0.9984844633404125,9.011564627521732e-07,0.0011207038465592817,7,7
0.47459484744419456,0.0009368962970572967,0.004297538818666838,0.0025282549079383744,0.003107578152252208,0.023296716737104154,0.003695125151294849,0.46411235053113037,1.3490694202622942e-05,0.023417201266158684,0,7
0.02290834326751842,8.952842556023758e-06,0.0016378303458084022,0.0006840691931301847,0.0005339458225233329,0.026557756424939113,0.0022825306292693667,0.5441738846135424,1.6978337914203803e-05,0.40119570852279857,7,7
0.00046614826917038097,1.5522013317328135e-06,4.079137813663349e-05,5.6416804160574376e-05,1.64780045300734e-05,0.001232936506987589,0.00014015211311062291,0.9905417519181072,1.0356650116738693e-05,0.007493416154348348,7,7
8.428153055319036e-05,3.464296980788663e-06,0.00034730809006151586,2.9161111079378955e-05,5.648851884276159e-05,0.018956306802803184,1.4887171649300225e-05,0.9675739359927528,3.881536832139484e-06,0.012930284948444946,7,7
0.00035712079945372435,3.936684397735579e-07,1.7279454139448993e-05,6.074948256755544e-06,1.1944158027965899e-05,5.084719237612427e-05,5.375501612681778e-06,0.998669681947141,5.483850356028204e-07,0.0008807339455167742,7,7
0.03860101104245048,6.080063168318346e-06,0.00017696427877974635,0.00022507714717409373,0.00011125420905885243,0.002027836342407603,0.002830828159113412,0.95184570420209,5.809259988204447e-06,0.004169435295769201,7,7
0.009841900606526118,1.1003771934582024e-05,0.0001087550900483295,0.00261347625769549,0.00012979833134337695,0.0002475525879900795,0.0002289861288003909,0.9836884662541692,0.00022812207444787412,0.0029019388970448366,7,7
0.007915308356330239,2.5633507677036884e-06,0.00046871700419088457,0.0001670799497086921,1.8458698846912965e-05,0.004393649910846885,0.0004533565611879725,0.9825452994031999,1.3540162055637655e-06,0.0040342127487154305,7,7
0.028490712704338218,0.0004179485817837976,0.003208369734104967,0.006680863913066031,0.003015850523085643,0.01226007671337275,0.002344752083499848,0.9187044655801947,0.0001246836245879175,0.024752276541966392,7,7
3.598885949427252e-05,3.5140361816640267e-07,2.3206639163564104e-05,8.37856105853981e-06,4.998842610381307e-06,0.0001671697307959093,1.1494619155188606e-05,0.9961399898671558,4.436359697849724e-07,0.0036079778409785906,7,7
0.00033138499275973005,3.394428756224957e-07,0.008404800331011665,1.7593124900690863e-05,1.5117208472519988e-05,0.0006536671980611814,1.4654359970948161e-05,0.9833570528941582,6.981415164697479e-07,0.007204692306273403,7,7
0.002607858355507321,1.9001930456426062e-05,0.0010531434155676934,0.0004998605305387558,6.96997631477895e-05,0.0017436100538248047,0.0006544217096073107,0.9841468480709109,0.0001896749860087828,0.009015881184430094,7,7
0.0491916929536551,6.182927541729922e-05,0.0002484122762319908,8.710106792293307e-05,1.4401711272715318e-05,0.001842062028911881,0.0010830940189402883,0.9444653785423984,2.706721402695026e-06,0.003003321403846828,7,7
0.001642002673205723,2.936269053971067e-06,0.00016001253953793466,4.286980024936411e-05,1.726010986608468e-05,0.0004978170580783623,0.0001091201814713495,0.9945078530859486,1.0766832341744746e-06,0.003019051599354711,7,7
0.0030152610395596724,1.63707808051547e-06,0.00013958227232869819,6.273223776518122e-05,5.71310403053059e-05,0.0010671832086807161,2.153437875539952e-05,0.9941867536777851,2.688607286151121e-06,0.0014454964594531991,7,7
0.003759102574395642,1.2369668777067497e-06,0.00042577053574726015,2.8751742174522885e-05,2.3480147488919036e-05,0.002881609246726093,7.51365011214546e-05,0.9908225161503508,1.5599971956496425e-05,0.0019667961631612114,7,7
0.0014181108921018648,1.4305021737082054e-06,9.617949180097047e-05,3.088403278346486e-05,9.669920854958831e-06,0.0008248112043424764,1.6682754561429622e-05,0.9963687462034079,1.2733394985935868e-06,0.001232211658474811,7,7
0.01940026146329118,0.0023237032441219916,0.008195435514652852,0.00075941855331507,0.00751893215107168,0.043632957045016234,0.026866627081418865,0.887819813181611,8.959524488228858e-06,0.0034738922410128075,7,7
0.00044952481958570884,7.568309480366374e-07,4.436333201802894e-05,2.7349599499416545e-05,3.973302111204666e-05,0.0001907296347662483,3.349667874096937e-05,0.9663764478734262,9.105310108780436e-07,0.03283668767889252,7,7
0.0010075410256078473,1.251340717958863e-06,0.0002574626448112366,3.701679871761276e-05,6.424736593801154e-05,0.0012873401683000149,8.010048647575961e-05,0.995865361689658,4.456383625868114e-06,0.0013952220961476322,7,7
0.000330142656962967,4.391787531501294e-07,0.00012915640727657613,5.935031105108405e-06,4.961733084019058e-06,0.001473000765642895,1.223402716911052e-05,0.9968843763464845,7.316492695554098e-07,0.0011590222042517262,7,7
0.009946723052036787,4.998866940598906e-05,0.036634605126720475,0.0014882064073124812,0.00018373319495300244,0.12223501156601019,0.0005778581551186838,0.03814813710991466,0.0006149315458525405,0.7901208051726754,9,7
0.0002688386639579953,6.583451400551941e-06,0.00028663747725595027,5.123713118370697e-05,7.06994485603584e-05,0.004655918873405534,7.37784290778593e-05,0.9298081578642869,5.672196611647128e-06,0.06477247646425936,7,7
0.051176520917449106,2.1062417790918805e-06,0.0009830610033194464,0.0017419934351590315,9.28811052049628e-05,0.002797255897102993,0.0037090847172008045,0.9126642409953309,0.0008406496691287019,0.02599220601832507,7,7
0.0043388094635685905,1.9072043168256933e-06,0.00024174344764837607,0.00031325510816305286,8.334696732272409e-05,0.00229517990583345,0.00021789189066768035,0.9849813022231846,6.936228029788482e-06,0.007519627561265363,7,7
0.0002946290642283706,4.5311616975179515e-07,4.8741751796168775e-05,5.719506028804137e-06,7.2349757088681534e-06,7.887196287411103e-05,1.3160769160379305e-05,0.9990628815474996,5.290853845991043e-07,0.0004877782211494449,7,7
2.3946423104977782e-05,3.3509311924958774e-07,9.064189344075449e-05,6.584640530350261e-06,5.8354186627316385e-06,0.00033207101603876317,4.245420539971095e-06,0.9992901280507139,5.440638493615481e-07,0.00024566797999968354,7,7
0.20576674435660924,0.00263104582486937,0.05465271861501654,0.00836293356832032,0.001244661696429736,0.015549993143816552,0.000365018732524956,0.6902331737108126,0.00718693675504626,0.014006773596554454,7,7
0.00013903190837148376,5.2295390756568106e-06,1.4537042417867041e-05,1.0641891331491886e-05,4.0873714474269807e-05,8.147678883758202e-05,6.74697215532895e-05,0.9973621894519772,8.757476930172534e-07,0.0022776741942684424,7,7
0.0023472515407203763,0.00014686094039055846,4.933579736897423e-05,8.193332752518505e-05,0.00016240446854078676,0.0005359744015526347,4.416501765784916e-05,0.9914007114512302,4.2585999311813373e-07,0.00523093719502049,7,7
0.7860842416987974,0.0016991586254417883,0.011701220039296682,0.0008762244646861362,0.0013150328824754719,0.040924332273226185,0.009381922042031308,0.1316077452099095,0.00034578819002769554,0.016064334574108108,0,7
5.831169534004994e-05,2.8039118459394748e-06,3.1260794017527023e-05,2.1323157919600393e-05,1.3322141903214621e-05,9.802071522845258e-05,0.00037300952911967005,0.998678963359133,4.10348152171157e-07,0.0007225743473405356,7,7
0.0023027147149380202,6.934456454774316e-06,0.000563160434912089,3.430381547415936e-05,0.0003255423721641618,0.00047920574190204914,0.00011566668689235628,0.9889607380662409,4.420433867828141e-06,0.007207313277154091,7,7
0.04614637577325051,1.9850378218675503e-05,0.00180226553770853,0.00011373945461445387,0.0010578722859699546,0.004170829258308951,0.0010909775679458498,0.9322622601727503,9.74289489321036e-06,0.01332608667633956,7,7
0.024085807690731594,2.2184105096534783e-05,0.002681527248051343,0.00022101919835484284,0.0003705564317909282,0.03931033645775176,0.0037994899822069873,0.837503486619323,2.2610484307299436e-05,0.0919829817823858,7,7
0.010792024168347302,1.5695616676608143e-05,0.0023578597570326053,5.527909756769101e-05,0.00017896268360694908,0.008604826615919456,0.0018560152534918982,0.9560304012310815,3.5583065628490304e-06,0.020105377269713072,7,7
0.05021585469598008,1.47084462520975e-05,0.0014902278445938866,0.0003846662785465845,4.870711797143271e-05,0.0036344417934735997,0.00010985346816742617,0.9423314438666132,6.7404106899151725e-06,0.0017633560777119213,7,7
0.0010316845397590109,1.7302650628912801e-06,0.00023799566051206124,1.4201491610236347e-05,1.751594705180265e-05,0.00016513956665199127,1.774904927086174e-05,0.9814688029340823,4.2818191000032345e-06,0.01704089872689934,7,7
0.032794966452575014,1.1512010693733172e-05,0.0023876878409567885,0.00042528668014944933,0.001500565989511981,0.02378354380990617,8.47203384312899e-05,0.8924199677236087,9.323847927359098e-05,0.04649851067489327,7,7
0.000566403061635486,9.681028913099837e-07,2.3905750693580454e-05,1.0969554943518092e-05,1.939520478672942e-05,6.818695881565234e-05,9.382515666675689e-06,0.997838220468749,1.0202865608918378e-06,0.0014615480952571984,7,7
0.0017452286518859763,2.470762198037192e-06,0.0003172556389484743,2.6048853092245932e-05,1.259858962707539e-05,0.003871709884001785,0.00010363265119027102,0.9862360399259988,1.6799232467103685e-06,0.007683335119810631,7,7
0.0003027124793763181,1.4826137811247871e-06,0.0005943097342501066,2.1333799025550528e-05,2.412576721214542e-05,0.00011895394200165575,2.717285769332363e-05,0.9969727136785694,1.033742643831757e-06,0.0019361613854465658,7,7
0.0024610214075786434,2.5911827688901093e-05,0.0002804149656077482,0.0001942427255086971,0.00012411771352016678,0.00048115581608172724,0.0005001744224104935,0.9900349070469001,5.081737977878464e-06,0.005892972336725883,7,7
0.04819769879459249,6.062155582842325e-05,0.0020224606172920922,0.000611514812505901,0.003583122775331558,0.02767583133612953,0.029102433269806403,0.8287264353531406,5.844028803510936e-05,0.059961441197337886,7,7
0.0035801376438128717,7.822030739324067e-07,0.00033971573098974517,1.1765870102548636e-05,1.2537286471645163e-05,0.0014705708434304989,1.8944812724973024e-05,0.9901298391748683,1.0002850524113666e-06,0.004434706149473043,7,7
0.0006933179628868257,1.4172142388811651e-06,9.257027251884839e-05,2.9723307474058587e-05,1.4464434708456868e-05,0.002036661673895876,1.901352547566847e-05,0.9943836997353376,2.220966155346614e-06,0.0027269109073084366,7,7
0.1753140423859037,0.0009746616803349647,0.007554698510428013,0.0012311234590823388,0.0006929707521834933,0.010016848115641826,0.0015613696169382652,0.7792407361410607,0.0028840848953184013,0.020529464443108512,7,7
1.086894435898592e-05,1.9263951660427014e-06,1.577755914466645e-05,7.47844539866978e-06,5.555580974577038e-06,8.897189949114084e-05,5.688909191904622e-06,0.9992326847756324,4.289012035473018e-07,0.0006306185894376375,7,7
9.849938872993047e-05,1.956766088627441e-06,0.00010254283235356583,2.224311387946623e-05,2.018346182543746e-05,0.0017928763889843659,8.448623554880881e-05,0.99551169048691,1.0549840027762207e-05,0.002354971485652251,7,7
0.002296085719223649,7.679857578898952e-07,0.00016901089804342368,0.00011275815544204577,1.0200499176099355e-05,0.0003393781406732922,1.6080338403878834e-05,0.9961526972624909,2.342917338968047e-06,0.0009006780834496277,7,7
0.053400751026544555,6.285093010591052e-06,0.027421164723758423,0.0005608908293610925,0.001713109064942477,0.02356978677641114,0.000645962115505614,0.8845344356959483,0.004393006797593249,0.0037546078769246463,7,7
0.028441264119143994,8.118575170036613e-06,0.0002368914953603061,0.00023039941870833282,0.0006424379083375946,0.014738980219556904,0.005460210800996504,0.9159192753889855,1.4249033405861323e-06,0.0343209971704003,7,7
0.0012611688830081761,1.573222179368858e-06,1.862237477197798e-05,6.285470773110928e-05,3.62288921394585e-05,0.0001568148942970155,5.5072613294214144e-05,0.9968892826782585,4.898924207445801e-06,0.0015134828101129177,7,7
0.014829098804300424,2.8504330787658942e-05,0.00020469081498668477,0.00036631221447140574,0.00022132246045453377,0.0008161194428859446,0.0005640177247910637,0.978374506922357,2.0133399985142188e-06,0.004593413944967081,7,7
0.0006101103337743003,1.0434642648193888e-06,3.970656349320374e-05,9.71887062021274e-06,2.981649899027005e-05,0.0004104972336374957,2.9184061247337877e-05,0.9952698908598367,8.338192301534508e-07,0.0035991982949056672,7,7
0.024339658735255485,1.1496562597903499e-05,0.00020994645690943967,0.00021528279497396683,9.087964938857596e-05,0.0022678443113047526,0.0002419525858690744,0.9696339353141551,9.181977608736758e-07,0.002988085391784899,7,7
3.980192892026495e-05,4.3493425295351686e-06,1.0910636504370617e-05,1.4677928445522597e-05,1.4525266660231367e-05,6.241225418457836e-05,1.3026719133136105e-05,0.9991702302435245,3.9986962696169655e-07,0.0006696658104711351,7,7
0.003078572718708042,4.871002921172816e-06,2.4170015364400792e-05,0.00013148820617528732,3.528429347497983e-05,0.0036631283715288093,0.0002513608921230839,0.986921493417756,6.60623057806166e-07,0.005888970458890473,7,7
0.00045211464189841283,1.5693789308612978e-06,4.7917870628899455e-05,2.0839142935557895e-05,1.266596221714432e-05,0.00014718257841557614,8.833864472768815e-06,0.9976069010436136,1.8435206934026649e-06,0.0017001319961937526,7,7
0.047351880694383064,2.7807618504329465e-05,0.001147904278578845,0.00035041196561444367,0.00011877309209616893,0.007479433910508974,0.00021837417417893586,0.9263358899985927,5.7901783262570554e-06,0.016963734089216313,7,7
0.0038551572886651128,2.471060358866663e-06,0.0005022455875700338,6.853124015760214e-05,7.827321748208186e-05,0.0030931528262326223,0.00022785821294485782,0.9824066425830749,0.00010031758344276792,0.009665350400071278,7,7
3.890925320364053e-05,9.548646871059461e-07,4.63884921698535e-05,1.7855719615349447e-05,3.609597591383609e-05,8.634557200779694e-05,9.098045015277332e-06,0.9987530008207949,6.529933021472152e-07,0.0010106982632901158,7,7
0.01586836790375832,0.0016721537656109698,0.0008073783058856254,0.00042950601202985196,0.00018127392104447192,0.006440210027108621,0.0004471944802045262,0.965916629755009,0.00034394381547726735,0.007893342013871386,7,7
0.06721020121708275,0.00013927014536077215,0.0008590562910069558,0.0006360490970522177,0.0006152773205052056,0.0069442341173340605,0.02089721330360076,0.8935876038712259,0.00013366352521524037,0.008977431111616122,7,7
0.0002072770823840362,4.076822233277721e-06,0.000106001581889231,7.800862857221528e-05,6.695156571244643e-05,0.0023918613110782173,0.0002934834500205921,0.9935500026109416,1.6754753386675977e-06,0.0033006614718298476,7,7
0.016090316028470573,2.0842308507933953e-05,0.0008062925484515936,0.0008060992938065194,0.0007534230789023909,0.03901364240311112,0.0015923804068569893,0.9045973254180596,1.852939224669674e-05,0.03630114912158662,7,7
0.120751916636902,1.4311299259467727e-05,0.0030804625476073574,0.00021452936724858964,0.0006146811304781224,0.020362187454590043,0.0007363346491333609,0.6525721066020096,2.808680217998315e-05,0.20162538351059156,7,7
0.00044461561388881954,5.850125187051658e-07,2.1744273442162268e-05,1.2209587853332711e-05,5.270983334065816e-06,0.00018209801829960673,1.6505013919443013e-05,0.9929688647745378,9.405494350647707e-07,0.006347166172770723,7,7
0.00020384039092114607,8.635719962324656e-07,0.00020546191699392894,6.418861521821155e-06,4.2706661567926535e-06,0.0009650803698639282,2.8884251467194513e-05,0.9969536712201499,9.357325036798538e-07,0.0016305730184251192,7,7
0.003546159053027694,1.6780127966427135e-06,5.0132464233914636e-05,5.035457479848535e-05,1.4060453384095203e-05,0.0006823933391750209,4.298859238758404e-05,0.9913428126428339,2.085498600534366e-06,0.00426733536876216,7,7
0.0013347052985012591,1.1966729217340337e-06,4.74672742831544e-05,1.8548401948459288e-05,2.2959737930843735e-05,0.0003746992089031611,9.83705662970447e-05,0.9966603956637664,5.795502793355188e-07,0.0014410776251686259,7,7
0.014476349840594628,4.703634356312123e-06,0.0003031428948718046,0.0002669490475503581,0.0004859573848841927,0.007203084186935263,0.0005120652296463269,0.968539484622142,3.017062681108473e-06,0.008205246096337996,7,7
0.0039092695006117005,4.705244208314833e-06,0.0005246169301702655,0.00014930840185795326,2.5358813894404858e-05,0.002326860977663734,0.00016776646486069916,0.986066647123157,7.878489972172327e-05,0.006746681643854402,7,7
0.015742625474198822,2.4048882578133624e-05,0.0005969985131935127,0.0002482002780119672,0.009328865658773043,0.05476110812099929,0.003983167581268064,0.9047015701380721,1.1271346168846366e-05,0.010602144006736307,7,7
0.002488422580163168,4.822281096321771e-07,3.549487812632364e-05,8.71196542872515e-06,4.527237976342431e-06,3.618651268878865e-05,1.0392757626294454e-05,0.9960473725779692,5.639613572517682e-07,0.0013678453005541314,7,7
0.02472615449104514,5.198141345917679e-06,0.0002513697427658276,3.792413452471492e-05,2.8511536761684943e-05,0.004473146461375469,0.0006254158919622487,0.9663121412763621,2.6500464730131887e-06,0.003537488277383754,7,7
9.919071736308193e-05,1.4428304360662368e-06,0.0001331453850733052,2.7851705827563455e-05,1.8898532773556122e-05,0.002010074930427055,2.6333826165653925e-05,0.9941478548060347,2.8387517156356547e-06,0.0035323685141832005,7,7
0.6011722713616137,0.000239042606475694,0.007238471660619523,0.004425474087825468,0.001256366528766391,0.05944560565658981,0.00032143240950613237,0.29176417074275873,0.00015188515594868597,0.0339852797898959,0,7
0.002989544076658645,9.235042907743012e-07,1.545482305222078e-05,2.8400191943529002e-05,9.279307708914402e-06,0.00014720937907578108,4.63555138349355e-05,0.9962039551298435,2.0739224822303457e-06,0.0005568041511097652,7,7
2.905280911078465e-05,3.45881106135769e-07,3.730964620839919e-05,8.66678004639318e-06,7.858458626126939e-06,8.972484650655163e-05,2.2155995633129734e-06,0.996326409918494,4.443339296495628e-07,0.003497971726408469,7,7
0.00044873733389236975,5.038558476265062e-06,0.00010165755781216899,7.554000748000495e-05,7.880659965921689e-05,0.004455278765898278,6.654160673612313e-05,0.9624046538293811,4.7227269329276345e-06,0.03235902301373164,7,7
0.029755953316653545,1.8782441656007445e-05,0.0007374894396189347,0.0013425522003220063,0.0010837565994609546,0.00799941605274596,0.013637269607945672,0.9206816321704827,3.591025912708136e-06,0.024739557145201638,7,7
0.00018879194808213496,1.0458720446391844e-06,0.00015360053748836848,3.503791621076333e-05,3.042462305792156e-05,0.0005678677938387236,9.42721582607279e-06,0.9969115988806312,2.477622644664344e-06,0.002099727590175702,7,7
0.00911739545943304,1.4603553841056212e-05,0.00103747811543038,0.0001741166507664859,0.00035847623936657684,0.012819469004527273,0.0006890299510370989,0.9481146460263465,4.2586544351022525e-05,0.027632198454900905,7,7
0.0019017135613850283,2.220025297002912e-06,3.0088221093247806e-05,1.0817995552456877e-05,1.565257473890922e-05,0.0005323003012377147,3.10310530540666e-05,0.9965412345674116,2.4403152070106328e-06,0.0009325013850228187,7,7
0.00014813661759774486,4.311515219567829e-06,0.00016557251137413724,2.9220234028180578e-05,0.0001873020712987021,0.00398329077747955,0.001655184905843083,0.9903425196241974,2.7121399842201913e-06,0.003481749602977322,7,7
0.0001646888775493569,7.219232144383275e-06,4.152405223574519e-05,2.551762742303543e-05,2.015460860845121e-06,0.0002004582441014002,1.912599151970807e-05,0.9984844704111489,8.215188211457299e-07,0.0010541585841955764,7,7
0.02740949803531341,1.4898517447530957e-05,0.0005882505386855609,0.00035642289860204223,0.00011916633355272954,0.007807996264651733,0.0002686109194420282,0.9553049329621902,5.214168290921818e-06,0.008125009361823903,7,7
0.024453504685140813,0.004694782346689007,0.012046046212110292,0.003020304633055687,0.00013281735135855605,0.016764578788614284,0.003796266370960813,0.8927462168100241,0.0001803127225742852,0.04216517007947232,7,7
0.2817576325387758,0.006661864074369478,0.008912095710367825,0.0030078491057968677,0.0017724688371926268,0.043218470837200186,0.005512486816951737,0.5056912037932767,0.0019283457909603106,0.1415375824951086,7,7
0.07133278690818592,3.248069383552717e-05,0.0009034833494679217,7.827040447970946e-05,2.9566002891934913e-05,0.001391552862695762,0.0003227072604179744,0.9147887435118103,0.0005508357110812224,0.01056957329513393,7,7
0.023562616785540648,2.0252260122040215e-05,0.0006964754248668878,0.0012079518690444528,0.0007078039712706001,0.005964798807279801,0.0005384871143085803,0.9611214957836645,4.1538132807427605e-06,0.006175964170621837,7,7
0.033618474658425,0.0010670961989927231,0.0007955928528069495,0.006318767680817029,0.016667140933994903,0.013811306385154772,0.003578021259975442,0.851383736516355,0.0005051252578460278,0.07225473825563214,7,7
0.0038077401539845486,1.5497722612517706e-05,0.00011042699765119251,7.969310606336799e-05,7.450231407739316e-06,6.0987319312136164e-05,1.7883555320045832e-05,0.9954078406073549,1.9481387856845123e-06,0.0004905321675080533,7,7
0.023086646279492792,0.0002497680344469975,0.0006577621213408097,0.0001731167761533499,1.7461727391571124e-05,0.0007591234228236413,0.0004241204639417167,0.969822156673821,0.0003703009843501291,0.004439543516238128,7,7
0.006876343492993497,5.502109191263803e-06,6.0866651167241e-05,4.5649508251112586e-05,0.00011638833844462593,0.0007247504335798509,0.003511716972562226,0.9863814138629593,1.3201535031078278e-06,0.002276048477347646,7,7
0.0014550656828818947,1.1157264524657048e-06,0.00017632079386883202,4.541277719577575e-05,1.9779935211196646e-05,0.0008944442935743185,1.2430188872724045e-05,0.9928706700306882,6.608114488850957e-06,0.004518152456765898,7,7
0.14921705001129965,0.00013967552184623825,0.008889689557605001,0.0011127876414381039,0.0025704449525587505,0.2996245533832168,0.0025786421229200586,0.44672323080967635,8.405598150843697e-06,0.0891355204012882,7,7
0.001028559950311435,4.663542695988674e-06,0.0001942415064811309,0.00017723252881332862,1.0707589282519343e-05,0.0009113713736649913,5.733474878353395e-05,0.9698587527246758,4.169890182542286e-06,0.027752966145108877,7,7
0.018271522752479806,3.576753407577498e-05,0.0007975158272010393,0.04930002463876286,0.000859275996627885,0.004630401562842091,0.003033578727778442,0.9063002249752948,2.7644951652029462e-05,0.016744043033285257,7,7
0.00035937791615980224,2.279675363560429e-06,3.675149322889016e-05,3.4214878441215976e-05,3.5594234147008164e-05,0.00022689596857514185,0.00017114952137617647,0.9979514791550889,1.3135013085357177e-06,0.0011809436563109115,7,7
0.042101243047069394,3.278132851226363e-05,0.0013258187308455628,0.03380049282411276,0.0007325633626465833,0.006693295202410413,0.00207550797076125,0.7826009408904566,1.4353471150376617e-05,0.13062300317203476,7,7
0.015957090310696614,7.895610663972522e-06,0.001092439723382092,0.0003139923407294468,0.0017004896828038826,0.008892399936638361,0.00034012873860876983,0.9577012710034749,9.159822331701345e-06,0.01398513283067016,7,7
0.06771188213887558,0.0001639682704891226,0.0005015832195296749,0.001466792460301416,0.0007408740482498406,0.00528544035469448,0.004577266387047675,0.9144759278294845,8.939516947307696e-06,0.005067325774380392,7,7
9.023303496905207e-05,1.8111027118620857e-06,0.0001783795740169812,1.1293684343770584e-05,2.5240365660970414e-05,0.005665004859561936,0.0001157063219801221,0.9782015586130755,1.1138248441580902e-06,0.015709658618835682,7,7
0.04129996935797232,3.9317877809652525e-05,0.0013313157407778575,0.0023706745575793613,0.0002537850279227686,0.005941010063643288,0.002176620169440382,0.9269295955017313,0.00015682865029876348,0.019500883052824457,7,7
0.010633260550595582,1.5018853435783983e-05,0.0016622625790035546,0.0008895781241202933,0.000326739661219157,0.005232069037397737,0.016938869724515245,0.9493689102566784,0.00011009675655222039,0.014823194456482426,7,7
0.579225714390792,0.0006352564611872462,0.015854704948052634,0.004455705559363353,0.001198260222221054,0.018184045997099427,0.004979935400132857,0.22031876147171986,0.002083835496139164,0.1530637800532925,0,7
0.14999864476240798,1.4635419838081887e-05,0.001813462029100263,0.005476192806174765,0.0018358293907205898,0.011241054411549782,0.0036988629344319743,0.6790797993625738,4.014264394142313e-05,0.14680137623926146,7,7
0.00522204500445882,4.409491413998374e-06,0.00010145690398588428,4.3351183371099994e-05,6.237140405384159e-05,0.002446617176535019,0.02165116949420404,0.9675236433982566,4.38558956405736e-06,0.0029405503541570528,7,7
0.3544587935075037,8.824228600601326e-06,0.00031046028313478464,0.0006209099044336259,0.00010997348336381456,0.0053938441645580764,3.900060611700295e-05,0.6340190940582028,1.7670642660130663e-05,0.005021429121425514,7,7
0.005502530154396093,2.430020728672782e-05,0.0002172724313951731,0.00016375642654440804,0.0003142963492614933,0.002962346029565804,0.00015252180561751177,0.98880286796375,2.1599333846847192e-06,0.0018579486987982561,7,7
4.2109365936047644e-05,7.981004782627172e-07,1.770000459704946e-05,1.5254474275556028e-05,1.4191406296392238e-05,0.00011784988160242542,2.2846863889707546e-05,0.9965310186860887,2.3476932825092592e-07,0.003237996447507359,7,7
0.0001644531589011825,9.801600008629973e-07,8.64112000226354e-05,1.4021024216163758e-05,2.2958005096131474e-06,0.00011656046912109127,2.27869537464217e-05,0.9992712063036787,8.447656133894287e-07,0.0003204401641903659,7,7
0.0026055703218706024,2.9133927051532914e-06,0.00024602232777077036,0.00013265134416003843,7.711119576466549e-05,0.006559460949927096,6.517939874227881e-05,0.9852544217695585,3.914971295369957e-06,0.0050527543282057755,7,7
7.554992452294649e-05,1.3938988711393955e-06,0.0006084184778145886,4.358181515943057e-05,3.5581239759626272e-06,0.0003149914970613129,1.4366098034612444e-05,0.9978925585958859,1.7735282059660235e-06,0.0010438080404678413,7,7
5.473654459156705e-05,1.4690693923085156e-06,2.1078808777377075e-05,1.6050194397599838e-05,1.3181059884917391e-05,9.529049228526059e-05,0.00010262369901945476,0.9982247084964674,5.84975701016475e-07,0.0014702766594832442,7,7
0.0005441429585518008,4.287488307169092e-06,0.00405403698126088,0.00010597337953622303,4.371816728431443e-05,0.0002260336816502695,9.479788415207956e-05,0.9931805302173163,2.154239808895489e-06,0.0017443250021319625,7,7
0.011665825481555822,0.0001367601574335022,0.010569994292641395,0.05348190286551119,0.0019198655323008013,0.0494934316174215,0.03144604213451526,0.08126233477498758,1.913782765191558e-05,0.7600047053159811,9,9
0.012015668539338033,0.0002688602435066328,0.000945698094875685,0.005031431073721284,0.013255182370513877,0.00487402379142123,0.0011312727979484018,0.03892471842053922,4.389452038752468e-06,0.9235487552160969,9,9
0.009798079472430676,3.983806008365638e-06,0.0033041821645950894,0.010267985654899607,0.0003666882723017402,0.007312946523203263,0.0015349965025205532,0.14343359177904275,1.5151572745301569e-05,0.8239623942522527,9,9
0.080924377994756,0.001468046099416469,0.01396717117609363,0.003367765877302641,0.0018398166739272137,0.010212384475463812,0.0003175601036176041,0.013574032627168987,0.0005434093050966812,0.8737854356671569,9,9
0.007427142374044326,0.0016044904226829681,0.01902420601087796,0.035916732199702,0.003194938903291612,0.01938837854278317,0.002727454696374927,0.0002483024520285311,1.1685064271080903e-05,0.9104566693339435,9,9
0.09824520729321881,4.445678116174278e-05,0.3604809267164496,0.0074964827117480134,0.0003550972651724389,0.32638632533779294,0.0009256210426350656,0.03327496126270157,0.00688848390271525,0.16590243768640445,2,9
0.09292662034818291,0.0005864260582263993,0.006376135026788382,0.0009960849113586662,0.0007783640185540164,0.0137069717396015,0.0011388366245601363,0.7933692417072694,0.0015517548856625132,0.08856956467979622,7,9
0.2114610526991924,0.0006108104414850421,0.009615719082667586,0.004141249977901475,0.039582250991924604,0.6221302083160314,0.0008029182545924666,0.0001981507033447634,0.0027862361634394092,0.10867140336942074,5,9
0.0154120925180386,0.005430315047394915,0.014544061242558385,0.34787896326842604,0.2622057548288463,0.010698658033650093,0.0014970575827702851,0.0030400042972169496,1.8632623038915416e-05,0.3392744605580596,3,9
0.029419332176041382,2.742423080169493e-05,0.006289693632099138,0.017171467509347532,0.002677715007790485,0.01033815492951153,0.0104744337978953,0.02765111324182813,1.3609307974285578e-05,0.8959370561667105,9,9
0.04405269401537271,6.711919322970239e-05,0.005299180876046297,0.006161594093309818,0.0012178573592722002,0.051544598795118544,0.010175117805819325,0.033651515544220745,0.00018770923971999292,0.8476426130778907,9,9
0.0013063602034958793,2.792499413432646e-05,0.00047435155133978267,0.014777885568368407,0.0005775116298058368,0.0023948223028385273,0.0008105512114771677,0.001831546382898187,1.8102888867543065e-06,0.9777972358667553,9,9
0.004165957861154182,4.401605061744593e-05,0.002554548914314928,0.018538092177651733,0.0007899583921576592,0.010833548234916739,0.0005915509138196345,0.008981058913807608,7.265308655173289e-06,0.9534940032329049,9,9
0.005645794537827533,7.742596521801374e-06,0.00030186268643158336,0.0004738432059050991,0.000649315129855941,0.001743936330399523,0.0003093855712288918,0.00027009162509968103,2.398242178708053e-06,0.9905956300745513,9,9
0.27639789385221397,0.003487612639842221,0.275847948774441,0.03033612543461197,0.016728633999473684,0.36661450351169533,0.0009414233612494065,0.00023407977996962545,0.018557802646889714,0.010853975999613227,5,9
0.008226408182987522,1.2774003516357783e-05,0.0025745451108500385,0.03523792782737356,0.0007711573467753532,0.0030866866303943512,0.0017852666115737892,0.001087371391059893,5.364698613102642e-06,0.9472124981968562,9,9
0.01496843847656735,0.0002819446876243914,0.0036891984682670687,0.005526181226885842,0.0014407831084290816,0.004310267364580939,0.00019887409332736028,0.0010455817730972772,7.83525533236905e-06,0.9685308955458883,9,9
0.000129583286201103,1.1249749710899377e-06,0.0002049296337933664,0.0024836359788993657,3.331276409102307e-05,0.0006262736103501904,2.5004339074295896e-05,0.0009644425590614998,2.6728787762001072e-06,0.9955290199747818,9,9
0.28272978074105826,0.001815244971354959,0.4584006402971351,0.02060461423073042,0.006040776104947928,0.20103796227757448,0.0003427751503673346,0.00038413580143356835,0.007187096738273135,0.02145697368712473,2,9
0.00607714188949114,1.6793692070327275e-05,0.0020097030167822755,0.0028857460513769893,0.00043569166074657777,0.007207412138366504,0.005638505032090808,0.0010594555746841414,2.6551814078735447e-06,0.9746668957629835,9,9
0.004338220399712137,3.9574707311282235e-05,0.001353537934787549,0.0013109868240333475,0.004329054048543117,0.0010487936918518875,0.0008953649125569962,0.0006920871265310436,1.1824657057674334e-05,0.9859805556976149,9,9
0.0067755741341196905,0.0001240504156332728,0.012643352656353489,0.0168688691645581,0.008732922083893948,0.049411480615981634,0.0032481621394942904,0.0010299239265264722,4.603834793734674e-05,0.9011196265155018,9,9
0.0010287758627034766,5.722454090792771e-06,0.006961816650449748,0.0045216323594172644,0.00027464106886421777,0.00641525845568878,0.001309435909460634,0.001105437917629105,1.911147746350265e-05,0.9783581678442326,9,9
0.2807819148237183,0.0014266122734322721,0.026810059756479716,0.01561102460322129,0.011749285427328417,0.0959587908114651,0.003542502683626363,0.02342880393728107,0.00011734911362514231,0.5405736565698224,9,9
0.0049840342551641095,4.829391531190486e-06,0.008270039801748726,0.01634896198431962,7.84769455308141e-05,0.001891108505569827,0.0004568358546501157,0.0011796976736754815,6.720398761496435e-06,0.9667792951890485,9,9
0.061443036362825415,0.0011180124668490926,0.09900539659725219,0.013940246146729274,0.005232225970337102,0.08737048731616347,0.029649648915797577,0.08342211212778966,9.698480558434098e-05,0.6187218492906719,9,9
0.031259039950118694,0.00029350005091693146,0.06340311655568352,0.035570550773171866,0.001043600837223083,0.027590389371276274,0.00010408215613054371,0.0013832518226779126,0.0001645178347648459,0.8391879506480363,9,9
0.39858997568866283,0.002758523625937844,0.018150076965422576,0.006284899809142831,0.0024531771894617713,0.06242950641532115,0.00586266348295803,0.2017660941206399,0.0014053049169290481,0.3002997777855241,0,9
0.0430032330898191,0.0007412604535780739,0.0019791833859679163,0.0007304666115842743,0.00794890915101875,0.018672271082582067,0.00554401945192351,0.011733806581993213,6.561366470939294e-05,0.9095812365268238,9,9
0.03444373052180624,0.003213967904099193,0.014854723962179277,0.016422858970313384,0.014462011602099806,0.0548377809693198,0.0007064880958926086,0.0030061989731664895,0.00022127866589528362,0.857830960335228,9,9
0.052076642727601256,0.000990739240842096,0.0025043434468599722,0.020835182905918292,0.08673940294744034,0.017484908720683427,0.004421507482742613,0.7069123052090976,0.00013382959905099682,0.10790113771976323,7,9
0.11106824519591996,0.006889665672655739,0.003969752940050744,0.0076965917975492576,0.009884553415981844,0.007934427257672363,0.001703044089572255,0.014152550061646268,0.00014298032397589599,0.8365581892449756,9,9
0.009059403986183372,0.00046954044775704754,0.17580363997688608,0.3195420895344392,0.027086723382113164,0.09247211932956231,0.010542423870257221,0.0006766689762229871,0.00045469927227679587,0.36389269122430185,9,9
0.027594931414334018,0.0003361969788625432,0.0013855669573958397,0.002512075803718447,0.0022068414801928024,0.008039331589283022,0.015776701230481253,0.16720563320994863,0.00011116342866174593,0.7748315579071218,9,9
0.007467166266403801,0.0035844725393679657,0.0005998688787830459,0.00561908484832211,0.5303808760285912,0.03915196400415627,0.3637146359742676,0.0029747720084928255,4.609219876071605e-06,0.04650255023173912,4,9
0.01506880197902371,0.00028456656945514475,0.01575647947685767,0.06482805647180724,0.009666753190222654,0.010893320109920493,0.004062903741109146,0.0021233521130782362,1.7779560777224245e-05,0.8772979867877485,9,9
0.7326241033542366,0.00013808419111505877,0.018260376474872688,0.016040727076707235,0.0051272247820102835,0.031777159392620616,0.016872856399360453,0.009953274228868004,0.0005293865219493396,0.16867680757825995,0,9
0.027063232552946213,0.0011092073042107862,0.0010336307771432887,0.009037190772547516,0.01921786217217584,0.004555969656602132,0.026295192430616794,0.009716953407578886,7.358848386235994e-05,0.9018971724423163,9,9
0.421206863200938,0.0023132899310028578,0.01448423970721834,0.019275086660805366,0.030849361588021776,0.22639357170209387,0.016886949494274297,0.20620313806005372,0.0002445817245737937,0.06214291793101807,0,9
0.11580158856822509,5.361984254525584e-05,0.014711271240274219,0.04953199326389705,0.07590037872050236,0.048476995062148386,0.013303597454568635,0.02010853861868414,0.00035484095185407135,0.6617571762773008,9,9
0.10490918249550468,0.0015807006452417597,0.005267546633351446,0.014857929308769061,0.011969394994406232,0.08795996680997178,0.00014358839717317642,0.0024513132210866543,0.00017243764211362475,0.7706879398523816,9,9
0.00240791728033264,8.821019593378871e-06,0.0337682419993699,0.0010197635308968498,0.00014961385608664392,0.025087148868285166,0.002516155293502367,0.10183615275239938,5.326517441354932e-05,0.8331529202251203,9,9
0.03865057145834762,0.0015986651910458944,0.002967284094824946,0.06753166482950769,0.050377543696776536,0.05893596485002159,0.0025284968488665702,0.005743830734473985,2.7244230511008707e-05,0.7716387340656243,9,9
0.22981919861851624,0.01439374020028188,0.2575588200684814,0.0243658606711184,0.01833883627945309,0.4138064865859501,0.00017237255192086004,0.0007742378383532747,0.01006301649669642,0.030707430689228283,5,9
0.06066697539616088,0.00010607151012444694,0.3335886858034914,0.02818962594057311,0.0008963686605054998,0.08403026623518466,0.0009775378585064154,0.00039825896076993396,0.00022311469763985426,0.4909230949370439,9,9
0.17327299856365996,6.426339073601962e-05,0.0035642945507645667,0.008717363018142129,0.0013992560981443802,0.03889085587879963,0.0064329124515466116,0.46131861572585053,3.952272345783359e-05,0.30629991759889835,7,9
0.2254377228020112,0.0009812259349589777,0.1301027061298498,0.08451970094740298,0.0592826209625511,0.17410296243416767,0.002025604697040771,0.10235325328208233,0.00016693076307469344,0.2210272720468605,0,9
0.30985434003431483,0.0015607837695023666,0.005313767133904019,0.040060107505031584,0.012748403647247396,0.03392440587501516,0.002550985875588163,0.09556336929118404,0.0007211827173876751,0.4977026541508249,9,9
0.22677897241173228,0.018222428123739268,0.20265809983922303,0.008480374674000576,0.004704813736044096,0.4985608984696155,0.0002449357543534561,0.0023549424624639205,0.006344380581785541,0.031650153947042306,5,9
0.013044024054641577,0.00010139229654699552,0.0020039121233631227,0.004797927683810403,0.0009033478854487768,0.007900637700405149,0.003331763497503346,0.011765594620265841,2.6684019579049577e-05,0.9561247161184359,9,9
0.009057804888213786,0.0001291609898564554,0.008462525450867998,0.022413308536668647,0.0024918127693530547,0.05820712111661726,0.02747533348290236,0.03291334818397846,0.00025717099380255325,0.8385924135877396,9,9
0.001932161388880672,0.00026617766066210666,0.004066755040626517,0.0788295225583069,0.0010177578567954898,0.008237430670347675,0.005713805132991641,0.0028979363914863982,3.0721267854750845e-06,0.8970353811731171,9,9
0.007772601468078407,0.00016075013177378313,0.0013593189506921751,0.010224153002732609,0.004718376006484788,0.006590417392417008,0.008714012360221304,0.05918060334108717,6.069416449253758e-06,0.9012736979300634,9,9
0.01142427479537334,5.771010475003016e-05,0.0007509725415023577,0.006977745890591616,0.007658774673495783,0.0007705098496003038,0.009819670547655701,0.004655378386256501,2.4379487400952882e-05,0.9578605837233735,9,9
0.008952986426305598,7.906328946980735e-05,0.0016146373477863415,0.014812328918149632,0.008305055126204743,0.00953476579497944,0.004869004873946476,0.07577899029322233,4.211985279972086e-06,0.8760489559446557,9,9
0.20816000030631884,0.0005432160740586086,0.0698746638082443,0.006122910846099983,0.004190204199747339,0.06884202295322263,0.001974406345195949,0.47007107004310617,0.006630116808040631,0.1635913886159655,7,9
0.017560195215516047,3.2951611399079365e-05,0.0017175911382021547,0.010421520143591302,0.024576570662486176,0.00869125720275615,0.007895568582852475,0.0010897000766308604,1.2037318105340627e-05,0.9280026080484605,9,9
0.0815297127058555,0.0001240789393478729,0.4198965161009861,0.11174414143498773,0.0024988834736408465,0.07553755752372951,8.305175433915744e-05,0.00015767917131809792,0.0002367952262317833,0.30819158366956334,2,9
0.1276468824496059,0.00015920862028499073,0.02370318000712937,0.006925832948976666,0.0011951245411889958,0.1299767378973693,0.006345719627654898,0.0780195801983709,0.00032593093016140536,0.6257018027792577,9,9
0.012800778490595278,8.4865929631498e-06,0.029894492919402105,0.0024407268509465665,0.00032735165161855553,0.0185669477815947,0.0023280661382259413,0.03002338293670693,0.0001596711585814821,0.9034500954793654,9,9
0.5129437253097222,0.003147743027215358,0.0164865900534895,0.09725175480193525,0.12660797909720134,0.09346550323415144,0.0060009796822469135,0.030736201454907026,4.647495521165988e-05,0.11331304838391947,0,9
0.006656259547483598,0.0006454218608663247,0.012869165988143146,0.020043434670768676,0.006432169656527183,0.0075459036495223826,0.002635090534422877,0.0023857343751927922,1.9830277239583607e-05,0.9407669894398334,9,9
0.011697104066915173,1.3665829038338827e-05,0.0014416950957791162,0.020089759149704033,0.017513556436124456,0.007948139395458784,0.00947156062540652,0.011821873550253117,9.346908487555284e-06,0.9199932989428328,9,9
0.15126121550948105,0.002165690865659144,0.002939511534262016,0.02486977693848818,0.07090674154854493,0.09654797382056679,0.013826166949960713,0.008732852788843785,0.00046081131430643644,0.6282892587298871,9,9
0.013285146874317047,0.0006549282177228518,0.0023852676254316556,0.0024763507011843528,0.006706040006122192,0.007475223506309876,0.005490419276574966,0.0018894340740859064,5.4733449762382156e-05,0.9595824562684889,9,9
0.010426900116234145,1.7504049122627807e-05,0.0008489899189736687,0.0025178797323887076,0.013895085637872468,0.001775647259240705,0.005648110647137997,0.0009879644224024637,3.7634292200933675e-06,0.963878154787407,9,9
0.0025369591333686712,6.3147303721692e-05,0.006433259295894766,0.022794883981388046,0.009830221445871323,0.005140838428300957,0.001971635459415866,0.0006499895131138864,7.510341658235488e-06,0.9505715550972665,9,9
0.02379374561364108,0.0022558779579441596,0.002762297479967389,0.012394236616107779,0.03390782797823437,0.013802568026647812,0.018243160527250193,0.3299343269401842,1.0667269105925462e-05,0.5628952915909171,9,9
0.004927140439993202,8.596307058606498e-06,0.003481452089439608,0.02985942004031157,0.010058367291978508,0.013667685007244818,0.005635742193214191,0.0010960803893868085,4.64119924069486e-06,0.9312608750421321,9,9
0.042691721053907984,2.4081633857400194e-05,0.00180278321417967,0.06689315449037889,0.00047418793503390354,0.02326923709249242,0.023387949465300695,0.02377838512693235,0.00017076647061372647,0.8175077335173031,9,9
0.032916845414957575,3.796665844694358e-05,0.010061064327401139,0.004018243716045713,0.0016063154513364525,0.004762775623190304,7.974582338161152e-06,4.2157164072168506e-05,0.0001139136631298126,0.9464327433990817,9,9
0.009590105746828167,6.340648059519928e-05,0.0025934666047760027,0.005757995522143911,0.0015963377656977398,0.041578362370844266,0.002966209557505907,0.029687877839631543,1.3198962841672272e-05,0.9061530391491357,9,9
0.05388992354275474,0.0003834162684181812,0.5723853966982044,0.10622351708957185,0.027785557538118295,0.17832290751296714,0.0012245799723104131,0.002427263476253668,0.00020926824377444895,0.057148169657626854,2,9
0.010086958518536427,3.652101369685154e-05,0.0045070128766220695,0.008872655226636604,0.0029140596707670713,0.020070593882601167,0.004966441459030058,0.015441371935888553,1.815841783236155e-05,0.9330862269983888,9,9
0.021893574178939893,0.00014856046962839997,0.003279249197531393,0.005845543473681343,0.010081334554810471,0.007961410686532293,0.011215402006936749,0.001004555479933368,7.104882833400627e-05,0.938499321123672,9,9
0.11149070301404718,0.005685155900151257,0.004007746284282218,0.00045058249923935726,0.0005452815532624646,0.03230810547877169,0.03847784658899363,0.04373929594502372,0.0023407360583296917,0.7609545466778989,9,9
0.04732189725425308,0.005014472315586989,0.3516952239714216,0.0036050241327175124,0.011947117034851486,0.5550308151294321,0.005556865728851153,0.0009963986358918822,0.0022984886000791886,0.016533697196915068,5,9
0.04911090759806911,9.993838314777683e-05,0.3323017487706131,0.014998966977520005,0.010698491991627314,0.5177012984366466,0.0007113867339938283,0.047351599793052375,0.013852878868437246,0.013172782446892796,5,9
0.14620861515140826,0.0014138373521441316,0.0033176238659474167,0.025239191880207096,0.011067333879520178,0.011575131361653734,0.01003391890049737,0.0078035704005319706,0.0006106625107214152,0.7827301146973684,9,9
0.0017692650259898556,1.9000176137679746e-05,0.0029786119909256266,0.015890623308980303,0.007031574533922839,0.006380257547885716,0.0017711945849583945,0.002253988661435409,5.816421932044932e-05,0.9618473199504438,9,9
0.029926555276474014,1.7252819061771108e-05,0.017528513460601216,0.01907468886665274,0.0004980037753747134,0.01617109229534418,0.0010908750514891491,0.21561575727298363,5.210430404829129e-05,0.7000251568779702,9,9
0.2936804747419169,0.00023835798465257093,0.0031439926674381624,0.021377189985745438,0.023799139332914367,0.028813478457856534,0.0025968701858036475,0.05147242228006813,0.0003625480283027367,0.5745155263353016,9,9
0.0471355328145039,0.004994837414260251,0.012120530516484282,0.0028504180860598194,0.02778908520603059,0.2437474772632161,0.0012823035844771653,0.0012065679927635564,0.003091937712794723,0.6557813094094096,9,9
0.02882012560586129,0.0002571555803718117,0.004765066851378361,0.15330714488577377,0.0505253320138608,0.04743516306664817,0.12716124567371387,0.016773006384357653,6.209189971880186e-06,0.5709495507480624,9,9
0.28088813980817245,0.004930853973182044,0.013234896905670611,0.0919000559325385,0.11318153391418814,0.23864100058706744,0.00624831756237779,0.0014279913967094892,0.0009046201175898585,0.2486425898025039,0,9
0.0021924559444157265,8.286278390322732e-05,0.0004386349930121005,0.0015877845852913912,0.0014511057157350774,0.0011163308763761156,0.00028566940309406627,0.0004199159205033867,3.260009510611331e-05,0.9923926396825627,9,9
0.10815255145509804,0.00042269185616518096,0.032960277299502634,0.020332369344310194,0.00436803692659936,0.032758006109382475,0.005911647212185175,0.00941700273940247,0.000694353751749848,0.7849830633056045,9,9
0.032497085459840425,2.3454921553063728e-05,0.021566092766347852,0.023455673568797207,0.02017304368033115,0.0408709822015397,0.04964002975985976,0.014026023382298886,1.152377729236185e-05,0.7977360904821396,9,9
0.7188657640022527,0.002292287503761835,0.02840031143706926,0.11227446002187176,0.038551540125802655,0.0518769617746075,0.003520193547138982,0.0006045167720966566,0.0009893350517689529,0.04262462976362981,0,9
0.013411506306075426,1.0167097116106814e-05,0.002179601262157373,0.0006653510699800751,0.00022720465106154458,0.013607744573543376,0.006389549838915766,0.9382071319159856,5.797632344196664e-05,0.02524376696172281,7,9
0.5485679082177749,0.0026723563305596945,0.05409328232869267,0.003520082325927828,0.0011745380642235203,0.07077293986507295,0.0010193342093911444,0.028821259578060934,0.0033959049171836215,0.2859623941631128,0,9
0.48054545241065666,0.013553733830699341,0.02871156756663949,0.028794887050409466,0.06333036010391066,0.36358524422524763,0.0018585394015847195,0.0010065063637498869,0.004051829427668066,0.014561879619434146,0,9
0.4175054190181808,0.0008149322502485224,0.013084410488293646,0.13884297306850346,0.018706355928436724,0.04333406807343114,0.003873173216227982,0.0008266486177152786,0.0008061163046663229,0.3622059030342961,0,9
0.003279021542840077,0.00011171606702234134,0.006185301278470742,0.009399549948948139,0.010011363181443939,0.0013329405210169866,0.0017247576373256512,0.0008109807326625465,9.879946840398764e-06,0.9671344891434293,9,9
0.39282877919597453,0.006612155218948267,0.26000485838919674,0.007554204686072664,0.010687011240657683,0.28878469862578643,0.00012204501328400709,0.00011452918427679504,0.025616222800125363,0.007675495645677586,0,9
0.000823272022404187,4.9933731179314585e-06,0.00018652829000168327,0.00041313297149060484,0.00013719870988032151,0.00027148102215938756,8.79923955582621e-05,0.00020496697504755008,1.6833322196590727e-06,0.9978687509081203,9,9
0.12239796164356564,0.0010885556524415857,0.11193808085126555,0.06254924598485766,0.003228252532269817,0.03679097806361448,0.0007750809238754458,0.000452091089817411,7.334388740256795e-05,0.66070640937089,9,9
0.0468460501218756,0.0017445424998735557,0.037116449390045284,0.0038884612901662046,0.001721960265639528,0.026796384984879053,0.003957800156483503,0.09166762982847981,0.0004927957430395686,0.7857679257195179,9,9
0.029708812304021302,0.00021135967576341405,0.004821128476516421,0.0016411411828897023,0.0002838724125120283,0.013491721461397033,0.0012363382637937163,0.7802717770105543,5.550292472995999e-05,0.16827834628782218,7,9
0.0045235151667456595,4.363235718452398e-05,0.010624510886781506,0.014112729807694393,0.005715024218880554,0.05665642353261367,0.03837198537670518,0.07011241877523022,2.839862466114038e-05,0.7998113612535032,9,9
0.11652120395701554,0.000396689862809212,0.009785232181750828,0.021537927702774993,0.15146664424225167,0.09958754077701587,0.20141381477943676,0.002832879536350412,0.0004567371041254882,0.39600132985646935,9,9
0.02582752597458529,5.973524368852663e-06,0.05664664904731494,0.00211839891767717,0.0002649386933249402,0.012524055193704114,0.0007704842564099185,0.2549226110141537,0.0011013433978657658,0.6458180199805953,9,9
0.20312046514331852,0.0006019539457440892,0.051996359331153895,0.07075967003929655,0.07685774978245913,0.3878472673545571,0.08388269355561506,0.008543737954788782,0.00042976340032436193,0.11596033949274248,5,9
0.009296430844017035,0.002398576069778795,0.10343465378630208,0.0306106972413114,0.0031586099802494365,0.02697668650744197,0.0002550484992138835,0.00015167065819319007,0.0009113937287930441,0.8228062326846992,9,9
0.005778835426388936,1.688750152965627e-05,0.004854239420471927,0.029847523626275935,0.000332349689832448,0.0034922473100938785,0.0005727318992727349,0.0005864082611835516,3.1904962289900596e-06,0.954515586368722,9,9
0.00781077048591226,6.593669195070709e-05,0.0021887731635596964,0.009630148818259831,0.03651066801118956,0.015674233368175975,0.0011436391281736049,0.05038244326894119,5.835417424424741e-06,0.8765875516464128,9,9
0.0012808414426905858,9.735838434020119e-06,0.00930784274865815,0.0038657843733350006,0.00034680200532264267,0.001085598860346756,0.00010992707674871594,0.000222057392393598,4.026839743918352e-06,0.9837673834223266,9,9
0.01981019692105678,2.79990127679784e-06,0.0006356086086979553,0.00034111893997177116,0.00011039977263473448,0.002731197666499394,0.00026383420980508667,0.48090226675785575,5.045487145627585e-06,0.49519753173505615,9,9
0.03036051393546935,0.00039990864859299385,0.0034438115187398434,0.24759438250461457,0.12119546691736793,0.033408851556604474,0.013448384045352556,0.006594513082208722,0.0002147312321158571,0.5433394365589337,9,9
0.04440242349544543,0.005025149917765776,0.005717871989031197,0.0015951684793514436,0.004993306606319246,0.07805758241250874,0.0009669171287030151,0.0015058974299979476,0.0025858856420992796,0.8551497968987778,9,9
0.04071266480869018,0.002360673638913336,0.002706156075047268,0.0036515793566062865,0.0046126675297942545,0.022455864166508244,0.0077880391440841475,0.8247919780799009,8.926336191857472e-05,0.09083111383853672,7,9
0.00189873847447364,3.522310275232681e-05,0.0014223699989155416,0.03627607819105177,0.0005735140610005664,0.009032815585067154,0.00024563818969856454,0.0005170063751065881,2.3327244666046106e-06,0.9499962832974673,9,9
0.005647099331257089,7.239624426578776e-05,0.005053065038465919,0.0034988021449697364,0.00392410390067084,0.007951921074014611,0.0039112463236516196,0.029372096221900644,5.077852722225255e-06,0.9405641918680815,9,9
0.03076403162372667,0.00048680311757450206,0.03858622424016876,0.16068888113858967,0.007734226260318611,0.06258771310081646,0.0016614689491502475,0.007252270215989549,4.805671816821527e-05,0.6901903246354973,9,9
0.04312472306136872,0.002308143587703548,0.002337824605166887,0.03182619764594528,0.018102175510038856,0.02277705774494,0.0008497152663807665,0.0018314635305542372,0.000114341397083249,0.8767283576508187,9,9
0.017304384599460543,1.068420495585337e-05,0.005084498272954425,0.013352906495410589,0.00023694732973019892,0.0123589668882792,0.0005157486357621561,0.07633691530117422,5.024266460477246e-05,0.874748705607668,9,9
0.06464965738401074,6.692458850888192e-05,0.04233143648756088,0.010648769278055565,0.0005207608637294771,0.39120896869682753,0.003690177945060536,0.05596870471068317,0.0007656012500646526,0.43014899879549856,9,9
0.03219709329838688,1.8521234048498038e-05,0.001780585300496437,0.0026689994593688078,0.021677146604821,0.003837160509774896,0.010168047035627275,0.006286934508290213,0.00020577243745231835,0.9211597396117337,9,9
0.21913142320029855,0.0013794646444321894,0.09149021067959337,0.0073347456164137076,0.003656030925513482,0.3457353080401004,0.004183552861012275,0.2665633153250258,0.009630548035033102,0.05089540067257717,5,9
0.043761779975431084,3.113374192279659e-05,0.03537442057920546,0.0036923698343536574,0.002474921624223545,0.17570607251265263,0.002603969276464968,0.08112358062232287,0.0019734495536540835,0.6532583022797689,9,9
0.02537462759795879,0.0040118435164285746,0.00355899763696485,0.004096797862610536,0.114498421415329,0.13562449952785965,0.0034915231496354254,0.002242296295325698,0.0006509173630813573,0.7064500756348061,9,9
0.06853368539725861,0.0006056359050622204,0.054010522538594556,0.007907648542600414,0.03666839200945897,0.7406982594154314,0.004075408789693251,0.003085408973429138,0.003055953395830013,0.08135908503264143,5,9
0.0017879542943535025,0.0005200054012144387,0.019254591729210093,0.02939906099665389,0.051512511705745,0.036222435069694324,0.011481949088261898,0.0018538549692091923,3.494467901424242e-05,0.8479326920666435,9,9
0.05629091168028526,0.0006359522491675952,0.030159689959768258,0.027628263209888062,0.06518909108658943,0.14578863205491435,0.05130657959892905,0.06366347868464681,0.00016892927026976754,0.5591684722055416,9,9
0.12471097715024934,0.0005035580462321459,0.004293533808971863,0.010359616447912643,0.005706040473151086,0.04206603582253928,0.0006710047369458616,0.012563301145322631,0.0012783589484997697,0.7978475734201754,9,9
0.0513855965656143,6.48589201031832e-05,0.009537442097724069,0.05011760651259644,0.0004030259551634726,0.05553374247163201,0.005943843045371721,0.025962740928308664,9.003700927084381e-05,0.8009611064942153,9,9
0.058669898309454974,0.004556305842279323,0.006060386213837686,0.0040595086254439664,0.001846911886945381,0.029793504870908295,0.02030775642981678,0.8184323031586052,0.0015977580157019381,0.05467566664700668,7,9
0.0053434990483008146,0.006790431651863056,0.0022646151996413497,0.06409631614677794,0.02682950055973182,0.04891103208544701,0.03241807226357719,0.0023939067991835903,3.3011903760128535e-05,0.8109196143417171,9,9
0.03356823453882202,0.0023076937501572553,0.009402280989206507,0.017524574660418242,0.03234310100384435,0.029318098392043683,0.0031872446045638613,0.006185965010416799,0.00011763661527094342,0.8660451704352563,9,9
0.002454825953168897,6.113086896182259e-05,0.004280076751981325,0.021910615219710543,0.004983733904915861,0.004850211613294402,0.0018613697417661351,0.00010152639888404358,2.1357218513982824e-06,0.9594943738254655,9,9
0.09744468986049096,0.002344513250623276,0.0036499292774636923,0.008105733392903915,0.00146534027310658,0.017205955794822717,0.0003772002033517811,0.002750354487386806,0.00023891031633115756,0.8664173731435192,9,9
0.0061628154064060255,0.0012395932257872064,0.0005955301597360506,0.000887727120178373,0.13552895097056808,0.02171607529270163,0.0027746402273335895,0.0011395368909483238,6.391078850592099e-05,0.8298912199178348,9,9
0.14581400032544897,5.863683689882523e-06,0.023826456866340197,0.00159828124834634,0.000373790992951048,0.03982581814233027,0.0003949031503684563,0.01734673611380077,0.004101472242733369,0.7667126772339908,9,9
0.5325968338581253,0.00012655346098507737,0.012108140421882328,0.0034831629680757495,0.002555884368604361,0.0652303635263688,0.008054799177672038,0.2447816891495807,0.00012359624297960002,0.13093897682572622,0,9
0.0002862863606242377,2.699035501418779e-06,0.0007326405854730415,0.0032520235016264406,0.00030763782981539124,0.0014116447811180943,0.0033357766607078677,0.005461434038771407,0.0001494942537510331,0.985060362952611,9,9
0.045587838104750956,0.11366733764058018,0.14616280427397083,0.007719462534778774,0.4786930186136758,0.0093154921296871,1.502691379676529e-05,0.00023333363721022606,0.0015633195286542674,0.1970423666228952,4,9
0.0010543945493535487,2.838490029845416e-06,0.036194908422206025,0.01892214838564131,0.017852691495039274,0.008787257278141822,0.0031556411539083173,0.0011484904090180862,5.514343137453144e-06,0.9128761154735243,9,9
0.006897367931305232,4.9345672325767924e-05,0.02188472256220959,0.05220330241208489,0.0008728387142065804,0.013205280423594461,0.0001065793202292535,0.0005784819444761082,7.47831406783787e-05,0.9041272978788899,9,9
0.004253439711157907,9.960903653203755e-06,0.033783778766251285,0.035200119777086106,0.001290960398206382,0.004364183032299842,0.0017183571151731779,0.000871569436679953,6.5025854665998685e-06,0.9185011282740256,9,9
0.0227418418018738,0.0006089795295113351,0.006285003228562338,0.008945820389368975,0.007471641011106453,0.012290663155743516,0.001806633559150313,0.020048456885327588,0.00016224892216045844,0.9196387115171951,9,9
0.0597135096041254,0.0033477750053772823,0.005418547109921333,0.003948205757777719,0.03050978729179296,0.046302770176524316,0.025563464115612913,0.7349312168059994,1.7488436485771466e-05,0.09024723569638292,7,9
0.083956203853034,0.0011517676786257155,0.0037152689875571783,0.014945280504555465,0.016211143548893782,0.01077917637741776,0.008533927742686274,0.2745942810701433,0.0004761317593363937,0.58563681847775,9,9
0.009310410101387301,8.740504443426576e-05,0.023011101633346902,0.029662268159290232,0.012213845774038598,0.04666966903466999,0.004305695445385666,0.0017747238252120339,6.914320454006524e-05,0.8728957377776949,9,9
0.039077307833224884,8.422707055126799e-05,0.0066021976284334,0.02331590413125881,0.015758297949180787,0.007858961468745764,0.003903195979899715,0.008449448914048514,0.00010305789078879002,0.8948474011338682,9,9
0.04400626985196072,0.004277723615733195,0.009280165626802525,0.31044303623765335,0.18712982563683903,0.02023910379788586,0.0015983550346311626,0.004736506837368124,1.7419005703384586e-05,0.4182715943554226,9,9
0.0032143910242575274,0.0007589792186862073,0.003925614197808731,0.004250851355098109,0.007046224014298677,0.01167767609431667,0.0032107104305994175,0.024047993017233343,4.891807436460872e-05,0.9418186425733368,9,9
0.06295884751970345,5.802852036947585e-05,0.005370830403453521,0.011910882557702347,0.0046531313846821624,0.011138977713489533,0.001898406635566651,0.003583205662708487,0.00019960912031337212,0.8982280804820111,9,9
0.036928199104735576,2.262147589652275e-05,0.020021078102025705,0.04562123347200419,0.08424478818054704,0.06435938201843946,0.0037558486643587056,0.006539086748243243,3.263918142690965e-05,0.7384751230523227,9,9
0.13625353915845317,0.0005373590364261901,0.0032654564218902063,0.0021571896141476593,0.013413865250251827,0.2565474964580828,0.0014657642271222405,0.000579375972344372,0.0031026396210591745,0.5826773142402225,9,9
0.05457418142382374,0.0009877965158963495,0.004560165125614208,0.0030994649900124667,0.006477194101824623,0.023325475943356468,0.0559129680144968,0.6456666455466717,0.00012540573139115352,0.20527070260691255,7,9
0.1630765864123602,0.003438415654328347,0.06276961272783164,0.006424896572022435,0.026078315625741,0.6774112846035873,0.0031277544359504363,0.001196991687894709,0.005692176445437986,0.05078396583484605,5,9
0.004577360911127943,1.5236989187704981e-05,0.002799830637109296,0.006907364509586657,0.0006788522251451785,0.0012377172337881147,0.0001228981037213866,0.00010654297732437414,6.939511202037132e-06,0.9835472569018073,9,9
0.014427516491880503,2.0834005057898355e-05,0.0017872616317603223,0.0046240358408760115,0.0014157118829003466,0.0075813497999097194,0.007728799342506301,0.02979200645035507,7.220443083452293e-05,0.9325502801239192,9,9
0.0008898029989816408,1.0103845522502e-05,0.005089217439226533,0.029614412331424714,0.0003458956191465768,0.0014270191940092347,0.0014007264546688448,0.001158043122125974,6.293526991078539e-06,0.960058485467903,9,9
0.0006614018035830549,6.398492061499858e-06,0.00020918675564857747,9.836519736799141e-05,0.0003968804583176035,0.0014549418702804713,0.0009425913747012156,0.7937015719282999,2.8262465644125284e-06,0.20252583587317508,7,9
0.03480545765450963,0.000162955022267782,0.6876545765311555,0.07866569078201165,0.0016754089785759332,0.06559597326259634,0.000567634019403888,0.003946746018326822,0.0008479326854388733,0.1260776250457138,2,9
0.07907258247435169,0.0013101063996364165,0.024800173158385536,0.009351936337150642,0.11801683565543997,0.4155491368734191,0.02598704361896314,0.003793590476228437,0.00028691438246653347,0.32183168062395867,5,9
0.05123930511878243,0.00010127107112197387,0.015880108291354708,0.005150475305959548,0.0013975932839007028,0.023645125173531307,0.00029556328591857103,0.0011561357068688297,0.0004474145377929889,0.9006870082247689,9,9
0.2541647338935917,0.001090999346481091,0.05617048988335077,0.039775504313002114,0.017681840750671224,0.32358164098914577,0.0022709750709636886,0.020589787808066695,0.002178442593673692,0.2824955853510534,5,9
0.011046630634456472,0.000449102874444421,0.002929955635230595,0.009414940076913323,0.023671426330521567,0.0200387234085062,0.004250632585939034,0.0020867095717200523,0.0002725753117698294,0.9258393035704986,9,9
0.038075109209134775,0.011507024456506705,0.006593798556107798,0.0994959684999571,0.09811632242575337,0.1914907807819853,0.02738488929757898,0.025877189640312645,0.00011194154354411653,0.5013469755891193,9,9
0.003212631576483882,4.656276366181678e-05,0.32299144336123575,0.00935440367940671,0.001093907625221358,0.40938686028961985,0.003468092095287512,0.02002287412101854,0.004116861971517614,0.22630636251654707,5,9
0.09031847172514781,0.0006238158019501848,0.0026731034479012994,0.00684048246293916,0.002288588360454028,0.005358890499751858,0.004884887440279586,0.11273310027314831,0.00013901111542751867,0.7741396488730002,9,9
0.017330332029520362,0.033367182243399324,0.07301662500564626,0.0057642909338811565,0.024640680762203604,0.00950607647519934,0.00017034211728100043,0.00046467361643246733,0.00032016273756150127,0.8354196340788751,9,9
0.010739762801832038,2.9797359875367424e-05,0.008357630757834135,0.01005290945753469,0.0005352604866176955,0.22716868284179936,0.004580656709066998,0.514096574266308,0.00027643026059832773,0.22416229505853347,7,9
0.050261855285008844,0.0001137851912835957,0.007707896743355523,0.10364632161699186,0.0009991405115554828,0.11289437879467878,0.11210305429847085,0.004346251583271818,0.00021240168341574487,0.6077149142919674,9,9
0.015451121690862806,0.00018287284482462616,0.008222309387182576,0.014022426234764036,0.008504729267463672,0.007439110938556329,0.0004520135104570112,0.0008904045268298066,1.4183324011200577e-05,0.944820828275048,9,9
0.0080159145602647,7.872512060362369e-05,0.0018322133637364755,0.012828445101562369,0.0006223587181244557,0.005966194124530333,0.014025794548220534,0.05006829078009888,4.522959919605678e-06,0.906557540722939,9,9
0.006111815599384188,0.0010989065447442072,0.03340883973531256,0.04772902147355029,0.5886320326136711,0.06734982363544298,0.0354238466437069,0.001264034286132906,0.00010266315568482068,0.2188790163123701,4,9
0.0943427812525043,0.0007859088135845564,0.3507525156137187,0.13975402319358196,0.001340853348894891,0.14713871962818686,0.003748177530810759,0.032928151128277766,0.003045181922345476,0.2261636875680949,2,9
0.008203556109158478,0.0006826069896705748,0.005696182028224882,0.0016827382533429974,0.013330690695691951,0.0010337710539492849,0.00010379510960761917,0.0017613164620075097,0.0002006709948418581,0.9673046723035049,9,9
0.0034500157766260264,6.376712378563969e-05,0.262807406236968,0.01277020023945577,0.0004157629956132486,0.041513911877884245,0.0023554369601663846,0.48739561327414294,0.0006339421804478407,0.18859394333491003,7,9
0.09064096842023181,0.0010158572979666102,0.004442727794658463,0.011365456208524815,0.007821097736846,0.03397723708841573,0.000958740675223454,0.0012600866188441275,0.0002988737946768487,0.8482189543646121,9,9
0.036977595777680304,0.00021963224014904801,0.25598179471479704,0.041528259605214,0.002325435466830704,0.04484329632245336,0.002314198754165122,0.0005753730535195831,0.00010831756669649688,0.6151260964984945,9,9
0.1358607392001192,0.000484882157680185,0.049804828912535265,0.02403863279411627,0.0031810565445909576,0.07288017915261527,0.0005559825492180559,0.0006272926929697708,0.0013897861579240136,0.711176619838231,9,9
0.08292172295140623,0.0001348241974497128,0.016091213122919893,0.008900225625550338,0.0014458351397177997,0.0425103694197932,0.00013421895847776465,0.0008064535739824647,0.0003915185969071948,0.8466636184137954,9,9
0.01699901606244856,2.4621256590525906e-05,0.001018887727559496,0.003667976329250323,0.00013604295097332755,0.0016301091235676878,5.246732124003873e-05,0.00015044312031098228,1.0191662711526257e-05,0.9763102444453478,9,9
0.005097887847268621,6.441725890973435e-05,0.0010876035174927088,0.004822085114788932,0.001767558405425117,0.00630462238277142,0.0009186608103460441,0.0112327853169002,5.335048583890249e-06,0.9686990442975134,9,9
0.08314078512433559,0.0021129635945616853,0.006768206236140672,0.020410201646770224,0.053799408121680076,0.020931242097899046,0.00505863850767462,0.015017795903265792,0.00020800541844405044,0.7925527533492283,9,9
0.009360422803135815,0.000323983565501437,0.006721964895867903,0.00398117680148408,0.0016336253452935952,0.007587496504691634,0.0002210920869765024,0.004478135067848129,6.636580782421736e-06,0.9656854663484187,9,9
0.028787289162352285,0.00042340677731186253,0.02622578404528681,0.017131037181360956,0.0053881706562443985,0.09040984818072878,0.018453834915991164,0.05119406679127774,0.0001388062334851248,0.7618477560559609,9,9
0.006252909857998315,0.0007658399793646207,0.036386104284696706,0.05625179509867965,0.004834633234352884,0.011376622057163974,0.0016575274951044323,0.0005537315651825779,2.0319909022760176e-06,0.8819188044365546,9,9
0.3490429125116688,0.0014533032345025964,0.32647940545121257,0.001840108741265194,0.0031129871943210864,0.2196772593589988,0.0009988316428589173,0.031835488121671654,0.011037973532986526,0.05452173021051392,0,9
0.10507066809394647,6.510997497923781e-05,0.00460820564490094,0.03610452048810059,0.07176762337370227,0.04347435498404103,0.01148062485659826,0.007612641634643693,3.334704162493705e-05,0.7197829039074628,9,9
0.025359536262047733,1.1462750194688791e-05,0.0007243163837639206,0.011115777244492564,0.0016080519268909192,0.005929551350669937,0.00102722353967149,0.016179167716835627,3.561141451505919e-06,0.9380413516839817,9,9
0.0006500578105070117,1.5216514195166868e-05,0.0011208814146787724,0.010093837904305772,0.00031956300742014054,0.0007655754263604046,0.0007363893119402452,0.018015592717268773,1.5472098997441807e-06,0.9682813386834239,9,9
0.017514718869021506,0.000762359942434631,0.007448449691978076,0.03872832946325124,0.014438202104340738,0.028429441093164684,0.004772168750033583,0.0021584183074979902,2.7548967603965723e-05,0.8857203628106736,9,9
0.013668887069837774,0.0001641669300985622,0.05289696321603765,0.04934704826531426,0.009198269675454972,0.0837506361861092,0.006767859177299326,0.0006704395411530864,4.267832130703306e-05,0.7834930516173882,9,9
0.0011061512070533919,5.49513418451441e-06,0.0004911397193271089,0.011473490388157813,0.006986079463128159,0.0025363182840019783,0.013063492599159857,0.0006319023164723874,2.5485588034612803e-07,0.9637056760326348,9,9
0.3096631705818356,0.004306840076942481,0.018098523855863437,0.030238036691883304,0.04559692840216436,0.10780297026680277,0.005572065307690109,0.25727015051265223,0.0017167619024561168,0.2197345524017095,0,9
0.015108654052355008,9.10983136018913e-06,0.007443461951634823,0.039751009429219844,0.0003313108174879734,0.0020912164324645133,0.006591337788596201,0.0011127045734600019,1.1217604178651388e-05,0.9275499775192428,9,9
0.026486296490166723,0.001946975997387035,0.012558223423631065,0.02727967916534942,0.05120710725192894,0.03231191394672375,0.001637013723697569,0.0004253646627714318,2.409714339823029e-05,0.846123328194946,9,9
0.001668683401119342,1.5153829536177471e-05,0.0040222949113967905,0.004676251456257979,0.0005788602984569477,0.0010755346023300454,9.647824140578076e-05,0.00019397439375398365,6.747767228629685e-06,0.9876660210985145,9,9
0.001070680992736532,2.9835231163665665e-06,4.990000623590773e-05,6.35939663339884e-05,3.125311886124722e-05,0.0015887653236320736,0.000176210374067456,0.9832397037756382,9.590275681025953e-07,0.013775949891810588,7,9
0.018953508049907235,0.0011451406482753499,0.011396095758850016,0.00842078520178235,0.008256326114635764,0.022776147192065208,0.01365707523170894,0.011180021298942702,0.0001092964926060398,0.9041056040112264,9,9
0.10457788046590717,0.0007666098748980973,0.00422663987199777,0.005388770159478425,0.01426972257481239,0.01613081153903434,0.0015026506393363193,0.00711859106741856,0.0012355703349564177,0.8447827534721605,9,9
0.02864575970573581,0.00031794523600122153,0.012673865429891686,0.020919982300014805,0.005369485887692187,0.018788803909213666,0.0017917067345854356,0.00013610585240829767,2.5898082225580062e-05,0.9113304468622314,9,9
0.017842122458749235,0.001154059893238763,0.0009598296954612646,0.003968989996825424,0.0023179755087941083,0.004064244716482786,0.0014012443740292586,0.8678924470717941,1.7146614265383094e-05,0.10038193967036,7,9
0.08054956092960357,2.8081256036090944e-05,0.2973469102870279,0.297936294554138,0.0002232684406890479,0.029564219245575663,0.001549984821266382,0.01115700702994982,9.000384081990651e-05,0.28155466959489356,3,9
0.23021755332055804,6.061759855042819e-05,0.016337780027275792,0.0499819921520107,0.002795446637943891,0.016585887811568407,0.005583089270087302,0.011684780184644769,0.00027345380797723785,0.6664793991893835,9,9
0.020556508218152466,4.3686744359930866e-05,0.1558176401908987,0.000704167455870928,0.0006055298679964285,0.16141225948775567,0.00041127181344286157,0.026921062256297992,0.0010359866329261776,0.632491887332299,9,9
0.003851697937190362,0.001614920558544792,0.006187252062755905,0.013082730294342076,0.015526933992607447,0.012521071723220575,0.009774372259025322,0.033884463506548446,0.00046315438828504536,0.90309340327748,9,9
0.015693629575928302,0.00046183707718343883,0.15489654335159034,0.06250120966668507,0.0011566445882042122,0.13572261164062782,0.005875191669024954,0.008345554420621052,0.0007339351202499642,0.6146128428898848,9,9
0.05947966517405731,0.006507173552865382,0.017819594354310554,0.0025241813183668766,0.008330386334849022,0.048518176847242314,0.001672980272649335,0.013297904233938536,0.008509137218058476,0.8333408006936622,9,9
0.0022060192156541625,2.2472004267834296e-06,0.00022530884473654739,5.779176394584725e-05,6.084363023323131e-05,0.0017966963217374266,0.0001412929962088501,0.07791308523057743,1.5074786311030723e-06,0.9175952073178488,9,9
0.16094742510260157,0.00466881694691446,0.01796312462615346,0.030510733395955954,0.016006182065335526,0.051305620486187864,0.0034087044165773592,0.006178347885273482,3.631844419092715e-05,0.7089747266308094,9,9
0.6038184985942044,0.00043861404826448473,0.027504799714682573,0.013504661527383974,0.006994629772819474,0.024418136639485773,0.0031919619515441778,0.013436185648220014,0.0005342300102960062,0.3061582820930991,0,9
0.013186626088423975,0.0008199450140768411,0.00039307620980955093,0.013420353144439241,0.03289127396413233,0.010036581716970954,0.07277254280636472,0.0012155094613632402,2.848333033494833e-06,0.8552612432613856,9,9
0.023040677551726625,0.0006273677175877668,0.011316785800404216,0.02876500634458578,0.032602415703678424,0.028646811426701523,0.0031737212628420615,0.0034022282179344177,8.572953616185443e-06,0.8684164130209231,9,9
0.026684098286489013,1.2196814464894658e-05,0.002138228856760041,0.03690999772137596,0.0006974864401166768,0.017310422909830526,0.02722378768931019,0.01145391203179072,1.4073132664038284e-05,0.877555796117198,9,9
0.24840775959060304,0.00015292122892497003,0.012138113713517995,0.05527668455870815,0.018987784061620983,0.018587541054609705,0.005721554293367723,0.015554167940768117,5.007868298786995e-05,0.6251233948748914,9,9
0.2688168906535797,0.012841784723861447,0.298916521132934,0.004759394532449153,0.003529050482301151,0.02314012382922005,0.00023719636616956652,0.023989143518344466,0.001944107955499817,0.3618257868056407,9,9
0.01976914930377518,0.0005330296259980344,0.04939026671000007,0.01233126735712619,0.02448462958270028,0.10651413157832869,0.011325846703070111,0.011585469648302404,4.0302026752753944e-05,0.7640259074639464,9,9
0.029609666903253597,2.0520740808323075e-05,0.0012434191812750058,0.0011160083943582341,0.00047350210894817947,0.010376502257766398,0.01084902160943459,0.70326733661885,3.2577283054426084e-06,0.24304076445700024,7,9
0.014280841731367408,4.68359894071201e-05,0.0031633097011225966,0.0005158946511866986,0.0009060295396948044,0.0011045439039350565,0.00023759884623272788,0.0005023331148770462,4.516807369877068e-05,0.9791974444484779,9,9
0.057661775157797975,5.8439462061762184e-05,0.005662412485991807,0.006181246325641855,0.0030279148696631436,0.007278128607618824,0.0021880898160541104,0.003196991083159598,0.00019605823622959045,0.9145489439557812,9,9
0.03026334665212696,3.213038496667116e-05,0.00025796214668339035,0.00014041721005289974,3.496637566444195e-05,0.002032947303282427,0.0003712044918059121,0.9097983329160793,8.728615028491636e-06,0.057059963904309646,7,9
0.01785391444562315,1.590528061096648e-05,0.000864477546353007,0.029720581438056275,0.0008839436596277208,0.005114556041065312,0.0054165357621764445,0.0049591284026523855,8.08618018507324e-06,0.9351628712436497,9,9
0.0011365531149779068,4.601480938153683e-05,0.0005745505602180129,0.0031444009025747423,0.0006042273600696217,0.001764469998796178,8.945690913485151e-05,0.00018191397228668347,2.0823904696452254e-06,0.9924563299820908,9,9
0.0515855454447605,0.015669966323973276,0.3277258356325597,0.015590986147217885,0.0034183320840580254,0.043462336498780806,0.006136459930409841,0.00036373605096176007,0.013112890262504694,0.5229339116247737,9,9
0.08604629927384737,0.0034270724336518178,0.035397857135051974,0.04870276175168017,0.04023754618144433,0.10951677811676684,0.0027445926844402203,0.12823318782535315,0.00022070324290567197,0.5454732013548584,9,9
0.28245137003911325,3.4654026510691616e-05,0.029348549631210606,0.005363130038840244,0.0020741968286703398,0.030860327959193162,0.0021032139191083767,0.01471611197972428,0.0031021233117645417,0.6299463222658646,9,9
0.03842303520670503,0.0013312385851543557,0.010094674771988898,0.0014921762230776972,0.013760246057786762,0.08760768599138335,0.002778180844197162,0.0010542360736682202,0.0016484427353024,0.8418100835107363,9,9
0.002028891085876494,3.545572927384245e-05,0.0001479160256087148,0.0005235637655204574,0.0009738918670878423,0.0004354081951899917,8.430175460951012e-05,0.00017190562371660747,2.656017916777367e-06,0.9955960099351999,9,9
0.0986234959800045,0.0001466919236305236,0.006985732193227151,0.0002286709360598593,0.00028383683911178725,0.02448683626330111,0.0014906187880601035,0.7682335208305497,0.0007905497647363507,0.09873004648131878,7,9
0.52633962266243,0.0016233523763179909,0.06361631572417142,0.11172542620240576,0.05292894580304411,0.19397398873416047,0.0034151504050206403,0.002205416685757043,0.0024963820517861545,0.04167539935490641,0,9
0.4538517063720056,0.00051060609651327,0.005134878432273724,0.0762856911245213,0.030553535921642824,0.07112756944527637,0.0007417574353333957,0.0017167935307261881,0.00013713516649667277,0.35994032647521074,0,9
0.02847166523163921,0.0026984488025248816,0.14395241318809665,0.22786689769944848,0.052656528375363075,0.48266804792702145,0.003222144140161531,0.0034240891778647285,0.0005174084143131303,0.05452235704356695,5,9
0.33441322484787006,1.3455160284385473e-05,0.0022859371644944173,0.0032188339961871128,0.0003995644751332817,0.00969229920036104,0.004226974454991638,0.16315099006273026,0.00011075936131992392,0.4824879612766277,9,9
0.007301016475668482,2.1122027277087387e-05,0.0047718732116931156,0.015614212974510277,0.030389037025878078,0.021075360897269177,0.003820394379843174,0.0006335986942403688,2.8695237858132207e-06,0.9163705147898344,9,9
0.03602995470967471,1.5386594674835062e-05,0.005477451137199724,0.00796503798770629,0.0002316414856793654,0.0032446405886053797,0.00015849925091134784,0.0002584308889314836,0.00015382262231181066,0.9464651347343049,9,9
0.005677443363821715,0.00017693542852945956,0.015160479623776174,0.02735118976836546,0.13705183742971142,0.04157182006658919,0.0076057325459928885,0.0013166266375488123,1.1937489447111075e-05,0.7640759976462178,9,9
0.0669828072196053,0.00013330568958293566,0.006550837657382883,0.006372100036175305,0.0013418609074377155,0.0043115860679723865,0.0004165191677993913,0.0008286798381270843,6.956464605870436e-05,0.9129927387698583,9,9
0.03666379453485885,0.0012157998566604906,0.0020386096639055913,0.045894587024443476,0.06747433562522726,0.026530120090167683,0.011621928923478585,0.012659060841959944,9.145423728392752e-06,0.7958926180155698,9,9
0.016810441890923532,3.4502897623513424e-05,0.0038633584714562884,0.007212693899446055,0.08678806180925668,0.013978728412052393,0.008241232293857129,0.0030134600056059345,9.807205581449716e-06,0.8600477131141971,9,9
0.0012233703880307908,1.8192140140590133e-06,0.0007776017887460661,0.005445278785687706,0.000904651107692148,0.007987413234454694,0.0025325009281658845,0.03042491848860516,9.360086602454793e-06,0.9506930859780012,9,9
0.29137718762831083,0.007976293157592879,0.09595495958222502,0.014604104559209352,0.0024202350139005393,0.1988434588850207,0.00023074745376817614,0.05531396373088588,0.0029703006113140427,0.3303087493777726,9,9
0.019409589169813612,8.165277434990692e-05,0.007049138809482473,0.0033147901818789027,0.0004157538885182475,0.015200443676921405,0.002248436521290785,0.8239242545431414,1.2495043558953314e-05,0.12834344539104442,7,9
0.003319182712082586,6.360137008840227e-05,0.01270538909162102,0.0010892716240589373,0.0012353362475183232,0.4491304621389264,0.0014785471212803946,0.15687045916718148,0.0008684138063980287,0.3732393367208446,5,9
0.011294130866715007,2.1716145553489377e-05,0.004206113568682006,0.00280905760892985,9.074774071105792e-05,0.0011702170044263118,0.00017664308581755807,3.9876259961227995e-05,1.2212222520212535e-05,0.9801792854966835,9,9
0.017298778937827487,9.049038477272525e-05,0.007283350700093354,0.020297530280592137,0.0010250927498176151,0.00928185542738438,0.0012277287536925656,0.0002882753943246788,1.6221516540159057e-05,0.9431906758549549,9,9
0.025927612799969656,0.02035636012559382,0.3134650102202881,0.1806998421415974,0.04005128095822981,0.38042436216170533,0.0038676464200821264,0.001585978909647831,0.0006387602614147282,0.03298314600147119,5,9
0.08394029307744644,0.0004000511698185111,0.005193318221731062,0.0018191511274451076,0.00242568575304651,0.021416286924268512,0.03725034596988571,0.4342894905956205,0.00034275192048930205,0.4129226252402483,7,9
0.18390044856223847,0.005518779553180493,0.07498218184007013,0.01454735489873256,0.021588211172439378,0.6496007835527408,0.003923489379005848,0.0029421027295248097,0.0070531433513979225,0.03594350496066945,5,9
0.011661603808545976,0.00013081685117132333,0.006829428492740836,0.022927948531377966,0.0015599655120319559,0.006117990701604079,0.0003008404128039035,0.0014568995520342766,4.917317801216268e-06,0.9490095888198886,9,9
0.059225440143891375,0.00028338134299359075,0.004669900062146793,0.22622440932626658,0.0944181495130319,0.08029797862855126,0.01638964600247891,0.0022821634757003804,4.0752473351564636e-05,0.5161681790315877,9,9
0.003381756677389081,8.588750212773392e-06,0.0006532279448692619,0.0026988112561713742,0.0005801211034457392,0.0018993170343634606,0.0028028814527799716,0.06672937790741716,1.3157188086821673e-06,0.9212446021545426,9,9
0.5530635469139689,0.005607107671177941,0.026138512131888773,0.004906125491190497,0.001172170355487802,0.07374291134272135,0.004001741814037641,0.0248780271524615,0.012456816532768249,0.2940330405942974,0,9
0.0405315578334139,0.008790643220987191,0.24544908936316606,0.038201076969209366,0.005752568508717772,0.0990640332525388,0.00421943887175416,0.005048523979363695,0.0025634501578693934,0.5503796178429797,9,9
0.022234979088848784,1.448959707011316e-05,0.013691962262322981,0.011522432988317836,0.0022331615558241957,0.011053625118227928,0.005264777650067854,0.018836483557850545,3.254593468383634e-05,0.9151155422467859,9,9
0.08958700804665382,0.0005250579146246169,0.011716706930477674,0.004154376610592975,0.00223981720349231,0.009730059302590303,0.00018883854297382084,0.003187745604153882,0.000431180552748093,0.8782392092916926,9,9
0.00017299558957420657,3.014387716454299e-06,0.0001897520821493527,0.0022916754150513912,0.0003181438378844556,0.0038411271104811253,0.0001716497843106733,0.00014920315217436422,5.642499237312156e-07,0.9928618743907344,9,9
0.002969407836369897,1.0927807248927545e-05,0.039696961102088896,0.000757075988175147,0.0002539742811669659,0.024575358839006006,0.00029164726963220157,0.06634892365451932,0.0002742474920460967,0.8648214757297467,9,9
0.008961622210041887,7.290794550745788e-05,0.0014530900951793971,0.012372206525689065,0.019968279073967365,0.003291941643381362,0.0007546838367360706,0.0016697056250546878,1.4251626098787723e-05,0.951441311418344,9,9
0.0556060024349085,0.000695662245179734,0.004204374864176219,0.0372696372584096,0.026542376077236595,0.029527323041833222,0.0037205510538964254,0.05221525320437198,0.0003805251460908139,0.789838294673897,9,9
0.017845762554847565,0.00027317178453896613,0.007785690968968147,0.16482901167607775,0.015673331766654884,0.010283717355793705,0.011274747384406973,0.019090585138991395,7.156793884379306e-05,0.7528724134308769,9,9
0.2806096961151288,0.008390707718964862,0.06866880815168103,0.04632872942593147,0.037212421941436744,0.05322236283325672,0.0005329108853594981,0.001065426556817314,0.0025180729169208965,0.5014508634545026,9,9
0.0035332797855681963,7.860153089965474e-05,0.0014050504894494136,0.0013968865889642593,0.007520364523208513,0.0030646707396338635,0.0011795690853833147,0.003467134953702131,2.7727619802820926e-06,0.9783516695412104,9,9
0.011650404785344378,0.0001272888478809052,0.005040380019583844,0.006435749853136998,0.0020437686109171373,0.0022220711669721873,0.0014374471778044505,0.0026077082838990287,1.6166654959833778e-05,0.9684190145995013,9,9
0.238663365310995,0.0001700472973663046,0.052685038442884594,0.06285205152383654,0.014855010006967678,0.26663689352174047,0.05922711489219456,0.014814055835957712,0.00031088534355928465,0.2897855378244979,9,9
0.0013332211839403435,1.3406663321682826e-06,0.00010312560298414247,0.0016562415695477927,0.0008214151052343971,0.0004409157871748668,0.0003762804676501154,0.001606229133744854,1.152286219321205e-06,0.9936600781971721,9,9
0.0024127962573805006,9.524560887863346e-07,0.00011028235442091709,1.768259053766481e-05,2.35991626837365e-05,0.0008241189052063142,2.2409316828619643e-05,0.9682698920941056,8.060462185740235e-07,0.02831746081652945,7,9
0.021773324002279257,0.0001018561219486599,0.006728659602792727,0.0011222857194018343,0.0005687562058777997,0.022509513178172152,0.012432086263969857,0.4633276637031465,0.00011695891000629416,0.47131889629240487,9,9
0.058778235762524444,0.005263510877622387,0.015801783169555942,0.013476340719191803,0.01795428564353471,0.02981389310201392,9.352213940280481e-05,0.0005056624614188101,0.004043482037363744,0.8542692840873716,9,9
0.007369400759430399,4.144987743225856e-06,0.0015164408444371157,0.019545486650276188,0.000759217294068884,0.0029704218518911293,0.004652079644607068,0.008640510068248106,4.387818344009854e-06,0.9545379100809539,9,9
0.6471950842698,0.0008918750770296579,0.0032001455975178353,0.0004370974831912178,0.0002297448618237948,0.013940002018916086,0.002268245860634985,0.23483401984005142,0.0002288236517656618,0.09677496133926913,0,9
0.20517028866241854,0.0003047672580077127,0.04685845769834345,0.004499718997111838,0.008675952466322624,0.26961597299725065,0.023862286180671075,0.31445438280670945,0.00024766975814334536,0.1263105031750213,7,9
0.009714598754677211,3.2015947736144715e-06,0.0007202497756264787,2.7249180978591335e-05,0.0001474145877388508,0.004422641932831582,0.0006523151213224743,0.9273511427693965,1.1042051814846927e-05,0.05695014423084014,7,9
0.03231749287644021,0.00018027082011285418,0.006163600696302447,0.008319763795031108,0.004271922963195086,0.005651320488065496,0.00021627203115470638,0.0006504417278455717,0.0009045515110281677,0.9413243630908243,9,9
0.04895021333328521,0.0002009829424220175,0.5036416439839864,0.025028423037809014,0.005868783306013387,0.2473943011168919,0.05218578654967844,0.007655256597144706,0.0010750863144800772,0.107999522818289,2,9
0.14164988931807532,0.000253216832293251,0.030654764673922322,0.008761643407914688,0.004415865454921817,0.10341608472363512,0.0006766285070134844,0.0037656297330678624,0.0006606266852682297,0.705745650663888,9,9
0.023155049888441765,8.43849324699058e-05,0.10469977281381174,0.02425979512927766,0.0021150998982165043,0.025309421365708032,0.00028245610472923765,9.975731996448583e-05,0.00020996387367009658,0.8197842986737106,9,9
0.2989543055098643,0.0010568657320990736,0.03228393495407241,0.03782903277139006,0.00411435630236377,0.04158812597809754,0.004838715023795018,0.014454512036496356,0.0035419222318438365,0.5613382294599776,9,9
0.019231582467691723,1.3664972165375697e-05,0.001134642658089922,0.007339636600889021,0.001670493627680414,0.0136348506316427,0.0046299042338715,0.09679468860159385,5.872298134092314e-06,0.8555446639082415,9,9
0.01683037480057749,1.0887378982010871e-05,0.0011941501427385668,0.003975420823882187,0.0020880879493879448,0.002710744136065925,0.003212879770900475,0.0006595396758756406,5.795139884076399e-05,0.9692599639227489,9,9
0.08804113045064908,0.0011456247765917,0.12960741631783726,0.10254783292145077,0.008684953478715594,0.04261361843164779,0.0029772185653605928,0.002134562956788496,0.0001053044057750844,0.6221423376951836,9,9
0.003563416741733524,1.0738744800570627e-05,0.0006386034360545976,0.0005927918882662882,0.0012532155407808116,0.0005053465129247017,0.00021101846005300222,0.00040060644561308747,8.060330816450252e-06,0.9928162018989569,9,9
0.011420791424996822,2.8421881347914573e-05,0.9128059355367562,0.02493481162045181,7.031045623803532e-05,0.03990444920697987,0.0011888473912332793,2.8353611846792813e-05,0.000615301545105953,0.009002777325043372,2,9
0.018166755035775806,0.0005043273627100514,0.004058930816125524,0.01982392883338114,0.021096567447091975,0.007305129478926859,0.002060452809306625,0.29833194419423464,5.269476345088078e-06,0.6286466945461023,9,9
0.42188502086640084,0.006996324084377572,0.03529858636736156,0.09827234325072005,0.005210649517058806,0.04215734360353282,0.0011363633118614803,0.000528784055545159,0.0006526556791859586,0.38786192926395585,0,9
0.05523359603104082,0.0027433179016734866,0.029807063326358373,0.016372605582406247,0.016144644795873075,0.1439850339466055,0.001854624019730146,0.018356552299821548,0.0002967724454491106,0.7152057896510416,9,9
0.26356907176855116,0.0006668287713418627,0.15548593943917927,0.014731639632983755,0.0996570149962065,0.14417836300318457,0.0006889923708451618,0.0007221337299995738,0.003683529821480659,0.31661648646622753,9,9
0.044409002061859465,1.954217421952717e-05,0.005754525702281011,0.029801539053359482,0.0013098340369544265,0.006614814816532505,0.0028151556976176283,0.00308995145963536,7.759879883040312e-05,0.9061080361987103,9,9
0.11559332605239268,0.0008363772803607744,0.6661674080914542,0.08563079446796384,0.002661697844943044,0.09408489949107532,0.0010318954570556868,0.0007499550049832597,0.0011372852326616077,0.032106361077109534,2,9
0.003909375326062289,4.970528060124391e-06,0.00191104126901556,0.017814461398553923,0.0008421939281093437,0.0028892109595380013,0.001884180146533012,0.0022148057136728706,8.15600597551196e-06,0.9685216047244797,9,9
0.06415184640276889,6.310435131983889e-05,0.004803481876878334,0.02470060761127864,0.007261775561043085,0.013268314367455273,0.0008373146468605723,0.002330284484628154,8.859668571248097e-05,0.882494674012055,9,9
0.0878667735296764,0.0008117838189787062,0.6442663187741756,0.0023442357702621406,0.0012840244009364548,0.18957978200794534,0.0007442210170730624,0.011403357707864397,0.02192772740582785,0.0397717755672601,2,9
0.010580921083057207,7.820161268962233e-06,0.0011355370885200423,0.007261334879315613,0.0001296819871595732,0.0021998259067156044,0.004654651625153976,0.026637334972120615,1.2109295684792859e-05,0.9473807830010038,9,9
0.03718637040053341,0.00020502360670945376,0.061585220919883,0.039913120114653616,0.00039335470532266746,0.036210489042582956,0.0018255224074508257,0.07639116760932527,0.0003404084578526858,0.7459493227356863,9,9
0.004865154320496705,0.0006925815655928695,0.0027023765095526646,0.002573971745413372,0.0050871761692893895,0.016327781039985022,0.002528611218968934,0.08602124958985405,0.0001853027374506135,0.8790157951033964,9,9
0.0063131393690503655,6.904517196177734e-05,0.05036526432067407,0.0009439996725457077,0.0029661328981437675,0.8964159942712548,0.0009657869820273144,0.007625663376618056,0.00704279497373823,0.027292178963985857,5,9
0.8020460299343561,6.895621207149759e-05,0.018398511448857645,0.004619158413037474,0.0034736390997430902,0.04726487164133862,0.01355618564944833,0.03277611624618234,0.003552015218503254,0.07424451613646169,0,9
0.007809356835012397,0.00012917487475935376,0.004644102069809076,0.04645608591242639,0.004229423730917502,0.0024210147745029366,0.001331265949709354,0.0009794026714338303,3.88842549365243e-06,0.9319962847559355,9,9
0.010348524857987542,0.00010912273454627202,0.011019697591380844,0.01711667551876431,0.015335196479183537,0.012100576568580844,0.004248963051381395,0.006513460080377936,7.016942850805626e-06,0.9232007661749466,9,9
0.33756927952663135,0.0005091487396253505,0.03280850011412824,0.022716334050806163,0.003020368618091677,0.08552502984188046,0.0013494071762388058,0.016654630594994613,0.0003971512873947014,0.49945015005020876,9,9
0.004556896415572101,0.00010187759979951533,0.010722569980869852,0.018317965103066852,0.006546831461932756,0.0029670988127426506,0.00043046649013801135,0.0006076562372959774,5.495754423720808e-06,0.9557431421441586,9,9
0.029013480573165374,2.080012571743122e-05,0.0139164230687724,0.012563420850550556,0.002339336206732172,0.013388118314896318,0.00514482401085182,0.024125373859550884,0.0008841149768209386,0.8986041080129422,9,9
0.5000958008837595,0.0012377479109490718,0.009373807443755055,0.009511827837191103,0.0028577773029590287,0.06427373877646549,0.015469838673418404,0.315282823316465,0.0008971864718599447,0.08099945138317724,0,9
0.01607903546463199,1.640978749014822e-05,0.0011545640576961643,0.0010870190718196828,0.004440250231881624,0.0016150588432856782,0.001956822410099578,0.00511807416967287,3.4618919169791715e-06,0.9685293040715053,9,9
0.02028368466607794,3.644633582050058e-05,0.006137601515114589,0.011789272438386964,0.00037662393273152854,0.007714562622270528,0.010866429370556128,0.10797474844749186,0.00022489981594364943,0.8345957308556061,9,9
0.21872405811263543,0.0012956217623656347,0.015992594327619923,0.0007839643825699335,0.0018269303173890643,0.06782444208597396,0.017710926207184993,0.6024822781953415,0.0005262626791527709,0.07283292192976679,7,9
0.12143042078320773,6.692518454091886e-05,0.005747796972696785,0.014444629316258988,0.0024755601412102296,0.009806007076762808,0.0008927764685349243,0.09500123322186815,0.00014889023045155952,0.749985760604468,9,9
0.06199879724799737,0.0011804815851584234,0.01026418337824176,0.012149141841026655,0.020829233259907282,0.048966397612853374,0.006653345252583144,0.051709864507169065,1.5510175200063064e-05,0.7862330451398629,9,9
0.00691601118727542,1.0400688206347022e-05,0.0003045439501840354,0.0006272560105757285,0.00018091765043925988,0.0004655862497197327,8.054242697342529e-05,6.394867375432221e-05,8.110022315694667e-06,0.9913426831405562,9,9
0.4421534970530682,0.002208819852727204,0.06995566884479205,0.03357942569966142,0.04141833201074731,0.20166309207980812,0.009342040859501858,0.045390390729167764,0.0005385047002126129,0.15375022817031334,0,9
0.6807740231084551,0.00018835906364589495,0.0824653851212565,0.002988129621945165,0.000526990592768965,0.10743207444423501,0.000607818398451646,0.01613139130617007,0.011516656007180886,0.09736917233589099,0,9
0.0761765323452064,0.0011895515540643591,0.015765444799995865,0.005012319798043824,0.6798037485330526,0.13350345510344774,0.0547369047614073,0.017173240128223896,1.3841078519279415e-05,0.016624961898038755,4,9
0.02210329480653536,0.00018400836631205926,0.005886598294095984,0.003527147580918236,0.005120288770071268,0.016047047545032344,0.00018104492050324196,0.0029573450168894457,0.0001020879864882255,0.9438911367131538,9,9
0.042692106610682894,4.991777453601119e-05,0.03038030288877988,0.02124185405683852,0.00028909881205825316,0.04838536491751442,0.0021012911321122017,0.419828721176799,0.0005072003393373015,0.4345241422913415,9,9
0.061189075173847494,0.00021459980439761305,0.020261661938812344,0.020571564794909028,0.20093915201628543,0.5390947818350174,0.005152886907886231,3.665951795188162e-05,0.0005842999524370812,0.15195531805845558,5,9
0.11782851039968543,0.00025205115750879094,0.5087982185963095,0.07437036566878721,0.01811412225801535,0.24759016220767036,0.00368135678620062,0.00037887594685479453,0.002095133005844287,0.02689120397312382,2,9
0.01243741260355939,0.0012457465626537294,0.0033494227591337185,0.000525707667986718,0.0011587208615412977,0.022786961817347476,0.004839777384843493,0.8369073179507989,0.0008069806187027517,0.11594195177343279,7,9
0.13864928403632965,0.0009165546935059628,0.002506529916666372,0.0034308797772259502,0.005135260022366785,0.024590816274544215,3.031351772494664e-05,0.00205246516245742,0.00011739794092527339,0.8225704986582536,9,9
0.010689905331904628,0.0006360460363353452,0.001269941280937349,0.00292881936780918,0.012301544191847525,0.007729517227131336,0.0033193282700672046,0.031023802320742574,4.799057237520855e-06,0.9300962969159874,9,9
0.06607451484932277,0.002717480503009746,0.01603173251430473,0.015300676371165124,0.1476047788781259,0.5901170511531998,0.028011983571665625,0.0025928431580609845,0.0006326023970029253,0.13091633660414262,5,9
0.076894310754233,0.012144895613915031,0.004924193057569527,0.09103265838706372,0.12932493462130418,0.06434902065737856,0.002838708476625295,0.5162773641867908,0.0005266100703188219,0.10168730417480118,7,9
0.06386438996763387,3.6368350511601346e-05,0.0077251534690626735,0.03764981169844304,0.0016106287566170902,0.019815330412929436,0.0073852106193470135,0.011027810521978196,0.00018481606940193274,0.8507004801340752,9,9
0.00813024125828816,5.08947683457788e-06,0.0013116750686181582,0.0014297364251837958,0.0006080093352414182,0.0031186825710764884,7.891751885536138e-05,0.00014641110055936242,7.4564493074605925e-06,0.9851637807960353,9,9
0.2836774851105807,0.00020460968475979164,0.0003164859507836836,0.0011854509533491288,0.0022440575046713583,0.007856895024829176,0.018750624924384344,0.67521646198765,5.740506891590377e-05,0.010490523790075958,7,9
0.0075587919777027265,4.4395019803836555e-06,0.0027824927247868856,0.012888386893748995,0.0003176676795427292,0.009149044958988774,0.0016383598445786536,0.029567566990880142,6.921364256949039e-06,0.9360863280635339,9,9
0.6476792672614564,0.025755196505963654,0.044120190060375174,0.07032184366031609,0.03388224615448998,0.13499026977641237,0.004730320698511843,0.011465482579961475,0.0018191898125578527,0.02523599348995523,0,9
0.007030393220186201,0.00029408276444997346,0.0006927729675468834,0.007667585931077584,0.011663126454665652,0.004250428190094388,0.00047772509920070817,0.0016985440962285724,5.863055085828316e-06,0.9662194782214641,9,9
0.22171592897177594,0.01039390915446077,0.002025940900631144,0.007653294723584802,0.007425208268392983,0.020420715565615002,0.003622652265723432,0.02466468282716193,0.001217364514520371,0.7008603028081337,9,9
0.00039575857805691767,7.323417406339637e-06,0.0005408329956831356,0.00045441652319199864,1.8030038438352915e-05,0.00647960730565543,0.0021669134657002907,0.26526433762726476,0.00019438678958775968,0.7244783932590151,9,9
0.004600199093729291,7.175552302509206e-05,0.001572252241061264,0.0011733909409043643,0.00048676152969279993,0.0013897286874393296,0.00021184106281624813,0.00018649536990897678,5.975789381944359e-06,0.9903015997620408,9,9
0.005862504160149598,0.00011927332312480944,0.06294569417284201,0.026192582023428525,0.0006346542290996917,0.05350483512994661,0.003571633286156998,0.018150834753575765,0.00046910464552484823,0.8285488842761511,9,9
0.09682776574787866,3.3504089137960125e-05,0.059436102255730025,0.2849632298293561,0.0022753676312230074,0.05469836425724562,0.004908007939821372,0.015590580204647734,8.550879384792564e-05,0.48118156925111144,9,9
0.00900089178004596,0.0004970186703225399,0.004534107831450207,0.002073247696558619,0.024946275495912218,0.0012675615578605756,8.387630161576137e-06,0.001193824995338964,0.0002478620865051182,0.9562308222558441,9,9
0.0014219544518041818,2.610609777669485e-05,0.0001906823539756041,0.009891197087865981,0.0158808611708694,0.0025085627220120367,0.0101176323323388,0.00032017725431992845,4.040923450559848e-07,0.9596424224366924,9,9
0.020851341997691536,0.00012293984173145908,0.04188972800823683,0.004753666770167332,0.0022979851191784768,0.3551543079381519,0.004338780496311246,0.18998007210422435,0.0002787387535083699,0.38033243897079855,9,9
0.39010994538687177,7.851215834717897e-05,0.06792803043664888,0.12952056489264338,0.08284606962059134,0.12872304049849528,0.002835537325281018,0.00616062721351865,0.0003520395925280137,0.19144563287507446,0,9
0.21536492260715548,0.00046168051905395716,0.004991327625147509,0.005971022627002762,0.017748013387979513,0.06503991077122817,0.05991501300512303,0.11098852086236802,0.0001293596466994283,0.5193902289482422,9,9
0.042431129287767815,0.00020948174708835661,0.0014547197610399753,0.00854890355523051,0.217087841402698,0.03357687382583215,0.3430733825300065,0.005192057131574548,9.157262310148685e-06,0.3484164534964521,9,9
0.29885529066305117,0.001141180046528897,0.023988237745259225,0.007399897293755045,0.006663161034141676,0.023949109955827032,7.550291058032132e-05,0.0019145347384080756,0.00239427447322831,0.6336188111392204,9,9
0.11642858583165684,0.007899303072723244,0.0221626567281177,0.008222394283403699,0.0586134301358378,0.18953430335788463,0.036971531904903765,0.014060306137142195,7.085508732798633e-05,0.5460366334610022,9,9
0.1264648624420684,0.0015515038355306972,0.008297683770208165,0.014800923432466664,0.03347932424714131,0.01784911477624632,0.002286009414074393,0.00849420257918538,0.00024041837058204514,0.7865359571324967,9,9
0.6169629177418648,0.0008883040628653689,0.012847236157460192,0.03311983426757009,0.014487828647294355,0.047903447783059716,0.0039633024604569635,0.026846481574924343,0.00023751237456077053,0.24274313492994337,0,9
0.4650788989958186,0.0006726036391450579,0.15666916952687437,0.0035791456620396078,0.0015605096542963778,0.2981064036102534,0.00025487457021514456,0.01385975104269565,0.007148677449500252,0.053069965849161765,0,9
0.0018109600206877355,6.448978873473216e-06,0.001197087447409337,0.0004351382944292003,6.612464124735984e-05,0.0017786433441853132,0.00038288909666967603,5.467677180565013e-05,6.336238080995515e-07,0.9942673977808844,9,9
0.408238135105416,0.0029267980357959435,0.008363050011893393,0.01683372184356551,0.23145438015300868,0.23073808202217835,0.0019096668139783979,0.0010494451237489928,0.001530376147638281,0.09695634474277645,0,9
0.8388855463365127,0.004842634126841242,0.012252476868725286,0.021179355010023666,0.02111216182563511,0.036499462399301824,0.0035524764574415913,0.008063596727328834,0.0017485094666927525,0.05186378078149703,0,9
0.043033976134954396,6.253908601757561e-05,0.002354290431359424,0.0020231904928542928,0.0025090772950685826,0.003620222609808422,0.0011642466883347083,0.020424474585557694,0.00012715858814898046,0.9246808240878959,9,9
0.5290299791600397,4.669978396789193e-05,0.011449681255624077,0.036526738937667114,0.0023725533358189164,0.033791418616292576,0.021664476738176258,0.03983354195004952,0.00012695799814470903,0.32515795222421934,0,9
0.06487675064984795,1.837789568881353e-05,0.0044072526167898435,0.002773275063673841,0.0005355677182123282,0.03947773052996485,0.00024621200190543533,0.2419027531798142,2.737012511788778e-05,0.6457347102189848,9,9
0.009288160122571882,2.0177687838691722e-05,0.0012647804617832749,0.015766162474533114,0.0025444939238921504,0.005960660356508768,0.0067318091997260725,0.0015695359190610859,4.32480881416048e-05,0.9568109717659434,9,9
0.02271236716421912,0.00016735531845961244,0.011970585196049934,0.041895692729709694,0.009812365963467285,0.10816186047445643,0.023246067243847902,0.00953594774754285,0.00015609290119424296,0.772341665261053,9,9
0.03609222715073836,6.436615787506225e-05,0.01486784563949038,0.005307075853189121,0.0029973557946904464,0.19244060622351664,0.014068253206287223,0.11487987817875338,8.085768835659429e-05,0.6192015341071028,9,9
0.32006840541190096,0.013765132896000915,0.37099516703456814,0.011381262548119947,0.0032718018500492137,0.22732575274506878,0.0003401655566487005,0.004839049023221071,0.002299082870585158,0.04571418006383715,2,9
0.1267800570332739,0.0009241222702569469,0.007744995674959008,0.01361824566893649,0.008010891507706229,0.01884631107773102,0.003190084130656144,0.029785739899110323,6.321191840576655e-05,0.7910363408189641,9,9
0.18241689582841536,0.0011836705971843848,0.006362965834330306,0.008084046905703452,0.006739210172676684,0.024352711378429735,0.0020678406104743426,0.03439889740232729,8.399601176213888e-05,0.7343097652586963,9,9
0.1743810770792574,0.0005709814002483966,0.011026224528039044,0.0021687734820344416,0.0015286691881740181,0.08534841811329243,0.018784225770371688,0.5841901264536267,0.00034790906966527835,0.12165359491529056,7,9
0.40710834408932167,0.015247008933458385,0.022246883391911144,0.0019705234632893774,0.00906570777811777,0.45495572666931555,0.014839897009413064,0.04546671340688933,0.015130337997287777,0.01396885726099588,5,9
0.0589121293621402,0.0005929680742051493,0.08235702941016622,0.014119313329818027,0.0038799662488049297,0.06894715401408512,0.010459527983533334,0.30930267570184805,0.0002984050493867003,0.45113083082601224,9,9
0.020615441187598206,3.205162252247048e-05,0.018805080230237265,0.0017889277506537842,0.00037600267643330565,0.05506844111183591,0.0011415595007260864,0.8751059453402463,7.351081363876914e-05,0.02699303976610792,7,9
0.02308065683509098,2.59467409075323e-05,0.002454751039743967,0.005779190290807638,0.020802768096753868,0.007614893039098224,0.007199816125600687,0.0012065535568913765,1.6454645231613058e-05,0.9318189696298741,9,9
0.0024387895341410957,2.049084339222478e-06,0.001975183863832628,6.62602710535525e-05,3.6448866636987726e-05,0.00307494717082059,9.783855579771485e-05,0.9366593825554771,3.3550006078159645e-06,0.055645745097293114,7,9
0.04986575299736909,0.0019653974246429434,0.0009042223153923646,0.03613469034206864,0.008045526603458494,0.012394208340787667,0.00376771030807263,0.22771138449260447,7.995265466217655e-06,0.6592031119101375,9,9
0.4029176300179769,0.0012462370128724543,0.023785813432171614,0.004853898450869206,0.010441419312581038,0.13196332426066418,0.03232205118507328,0.21415822603328383,0.00017418552689071312,0.1781372147676169,0,9
0.025143280336796768,0.003445170700482705,0.009426908005604985,0.006789615184041002,0.010118550670911764,0.008080377811796085,0.00030197973293316866,0.0013521607784571926,0.00040003311735512935,0.934941923661621,9,9
0.036657577255617815,0.00201243447586935,0.001893181977887676,0.00781586147401913,0.3533999578436431,0.04548763828312316,0.3695888935905828,0.0002594728310748732,1.832804692503487e-05,0.18286665422125717,6,9
0.005373648693170413,8.70621290073564e-06,0.0016659552108504129,0.006986788397091809,0.0008276406523076816,0.0017484885551560174,0.003319567300798781,0.002806020290232029,2.542771888173369e-06,0.9772606419156041,9,9
0.02042265391492962,0.00022671937844300925,0.01121261316081663,0.004941875106580968,0.0024394052519945628,0.009227778213712763,0.00038747648967326167,0.0011720348261096635,6.906126883838146e-05,0.9499003823889012,9,9
0.045735691568380255,0.00016587407673545473,0.515753631775417,0.24920938327099326,0.001377947422299742,0.1712944026075468,0.004754226789474947,0.0010180596732024944,0.002111118397007765,0.008579664418941995,2,9
0.005330618976820706,2.0758382664273353e-05,0.0027428400438838634,0.0020847858269616108,0.0008481603751039998,0.03122467361836987,0.009361919007698857,0.020383351019160806,9.386256444225275e-06,0.9279935064928918,9,9
0.20867489962667657,0.003068472389113925,0.1045691237350192,0.08401784194575543,0.01184941571027522,0.039392181947803764,0.0006366397299136556,0.0004394838086785326,0.0006207487456695345,0.5467311923610942,9,9
0.035027296802124235,0.008363150755229176,0.057770351073756845,0.004276433239247482,0.012680888797088528,0.09662830342415585,0.0003844139336227768,0.0002443931347511725,0.010559704618957302,0.7740650642210667,9,9
0.14041066458690415,4.8851008221146275e-05,0.05963743359791076,0.1881673656119556,0.14016466913747788,0.12650475220616408,0.008490496768576565,0.009042921075213994,4.327250537092747e-05,0.3274895735022049,9,9
0.01566633039783417,5.0985225806084286e-06,0.00675157564847872,0.035448065552566764,0.00010361570097062825,0.004702629977275442,8.8249150147604e-05,0.0010567716225250545,9.071088858026102e-06,0.9361685923387633,9,9
0.011121180568780026,7.298518775417264e-05,0.002557982138989709,0.011177428854965463,0.008044047215192847,0.004845005879825931,0.004619278802850239,0.174829714889953,5.603953974041746e-06,0.7827267725077145,9,9
0.02966057086234196,0.00018327161781877,0.005403951375341957,0.054397201301607044,0.0063960711343693764,0.016578741078915576,0.004712579104074183,0.005951214568704675,2.1463451045642805e-05,0.8766949355057808,9,9
0.039594757271123736,0.0008381661218307139,0.01431614377130112,0.007229523574393395,0.009278270833236926,0.010187977925366454,0.0038592456003408195,0.018601986826807665,0.0002731467666102539,0.895820781308989,9,9
0.08215880427192385,2.476969196890834e-05,0.013837084577155052,0.0626086991842622,0.005714745112609568,0.08073977864975823,0.01075724273907409,0.07945139930782535,0.00019305353977707863,0.6645144229256457,9,9
0.278221913342481,5.064545234379688e-05,0.20766266029336625,0.016620877463744486,0.0010506617230484987,0.3027775728949646,0.0019381197875892328,0.027153954625341856,0.011315177492573276,0.153208416924547,5,9
0.003444800155719261,0.00023913300780992037,0.001464046327596793,0.002645927372833777,0.0006409512384279372,0.0012833505060338617,0.0004487277667441226,0.0017260540646744336,8.356126016260492e-06,0.9880986534341435,9,9
0.0030614580347549337,3.344935500585824e-06,0.001518706227535394,0.003011533028647507,0.00032635956518523696,0.0008759797956066653,0.0008608665987125723,0.00023321346602584765,5.665350740575646e-07,0.9901079718129574,9,9
0.15466574410114764,0.0007993936574490377,0.12254599257800441,0.031226833506274053,0.0033160173535772114,0.1286196240413601,0.0010784891437608493,0.005811312505620461,0.000574983959909152,0.5513616091528971,9,9
0.5650860018906887,0.001027186200684167,0.1359210741505283,0.012484095880544045,0.0022013315858957195,0.20073831539121276,0.0014389821030105989,0.03069671527538698,0.006683314618538081,0.04372298290351079,0,9
0.0205390742555941,7.09205577312741e-06,0.0014042813221114532,0.0007120101111502723,0.0003984573799901286,0.0017558596960573307,0.0025108006059513855,0.5682590872063193,4.101270583509756e-06,0.40440923609646945,7,9
0.06097606649967137,0.0005912460907826228,0.07053872607097528,0.02285691644250734,0.002417442671438356,0.027041793136990712,0.0008313453157279636,0.006009416728509909,0.0010413501100517745,0.8076956969333449,9,9
0.21306023849639716,0.0009903127906551652,0.058564367226805324,0.021825623409853917,0.010237132087500793,0.19540594056690813,0.003404633523851435,0.004678306486101668,0.003047999275001243,0.48878544613692526,9,9
0.4881030366606388,0.008281505679020654,0.13577918117427681,0.09697043581992348,0.0147867332185171,0.22569744351430587,0.0008680001042668101,0.0014838959561394864,0.005722951034674193,0.022306816838236893,0,9
0.02141584189102657,3.647163480321088e-05,0.004110849704937726,0.0018155696337656467,0.0007756234662239626,0.022673182795319078,0.013423532248208202,0.07413691279113402,5.90976804125455e-05,0.861552918154169,9,9
0.38395798849434676,0.004327049763007271,0.009562815595843013,0.01011706933870182,0.0056659012833630935,0.050111693710744754,0.0015392790784546375,0.036250085026663166,0.00031959310100883277,0.49814852460786674,9,9
0.11709626714932068,0.0028824262063176526,0.050551046586085904,0.023541881189415595,0.05066146390222908,0.12847382111752614,0.03438689422298583,0.1279380414513143,3.169605149307942e-05,0.4644364621233118,9,9
0.0001089554105597146,9.049126119668694e-07,6.0913219733497136e-05,0.0036298326311115315,0.00019449726983373236,0.00027385054473093073,0.00020718420255901206,0.0011052464228290895,8.800551306271844e-07,0.9944177353308998,9,9
0.09467165636556207,0.002107634974518024,0.5456346336132398,0.011490546685530715,0.0049337336298276874,0.29404721477345463,0.0005932759157370162,0.001096325251405193,0.004462622860737181,0.04096235592998783,2,9
0.02510524473660732,1.9847276289427926e-05,0.010362782767971413,0.001219973054576859,0.0026300046823340474,0.004447379113745321,0.0009220569842829617,0.0052280974450943695,4.9323147561571904e-05,0.9500152907915366,9,9
0.3197909436809402,0.0004703903223355605,0.007253250937301003,0.1488418539819205,0.027232854330317052,0.07429928188928779,0.006551286980525732,0.03195413676515282,0.0005379585621117587,0.3830680425501075,9,9
0.004708971959327764,6.29411525464078e-06,0.0029331119349528144,0.010697306858887475,0.00016805900450051056,0.004039638702797258,0.0014961437232717811,0.010433304300732462,6.946324833418006e-06,0.9655102230754419,9,9
0.08447091786244779,8.016799791695088e-05,0.002092418600385084,0.0038818944849178154,0.0022480109274146177,0.010608895533914382,0.0020613685312426155,0.2980633863901973,1.4541706961888812e-05,0.5964783979646016,9,9
0.04410765105026242,0.00012754125520564782,0.0037968736390700296,0.005367625322375346,0.005356216445162101,0.025445509083350637,0.010176034604235915,0.5219545295055563,4.3803802856238394e-05,0.3836242152919255,7,9
0.03522938866357616,0.0009479232063644703,0.6668329962802282,0.08201066571681065,0.00462382605671572,0.058185123488225174,0.0068673912139182065,0.004866864829315538,0.00026733486040784137,0.14016848568443804,2,9
0.12117623319602469,9.314331821441498e-05,0.00376725831889804,0.005273171092112884,0.0019065609270076452,0.01816362010322834,0.004770842031119837,0.81472698560799,0.0005354037452329476,0.029586781660171278,7,9
0.08251373000560748,0.00012524149141646178,0.055035379681762205,0.006605854357502716,0.0005293753148394331,0.08794502134051392,0.0045365966285017285,0.6052164601276493,0.0016942109296326675,0.15579813012257424,7,9
0.09138459135720399,0.008453543168488955,0.04002501621016659,0.16387036469206395,0.008407687015212635,0.08488484290899692,0.0009348389944088503,0.0016556323293570457,0.0010457240267041706,0.599337759297397,9,9
0.19587777307438475,0.0012704576343319119,0.07394190645756234,0.024658470009026427,0.0038740102142172175,0.10667828385595239,0.003686108163134227,0.12074356296389627,0.0012766205846485416,0.467992807042846,9,9
0.04681517547104866,0.0010492593249672813,0.029881094664684894,0.05093620879642857,0.05088312896441238,0.09024945294182271,0.015650061073280784,0.0062190424931061646,3.347605127536984e-05,0.7082831002189731,9,9
0.007004646749624232,0.00012030097472848251,0.001487103856703672,0.012575127712559713,0.001425516146375858,0.0022890812392929462,0.000654316340730467,0.0007776723554826316,1.056183944477591e-05,0.9736556727850574,9,9
0.0045044948515186554,6.208216674353255e-06,0.007689256761448954,0.017662399354478032,0.0005021130888396635,0.008002256832129014,0.0012656337896824505,0.009679911530078258,1.1146304274922573e-05,0.950676579270876,9,9
0.009806242657428518,0.0006024238569613871,0.07918966379610715,0.01899006467603203,0.0009606132225607345,0.012515349960893794,0.0008750676032494417,4.412406479135179e-05,1.4178703787508278e-05,0.8770022714581881,9,9
0.010316202797792044,0.001363388402976765,0.00035457256875603076,0.0049982326959763426,0.43383818808602964,0.011611143902744533,0.12038252035382394,0.0016603361802076813,4.489823756047581e-06,0.4154709251879371,4,9
0.047430065412710595,0.0006759486612041724,0.011316414519276903,0.021960268937636303,0.03585201648120755,0.010680174812113096,0.000822615087055526,0.0009231974173099988,0.00012665683441402483,0.8702126418370719,9,9
0.021072823072969742,0.0017293484882831044,0.0015767490196178346,0.004582142921335805,0.6910245523022651,0.08606802539302286,0.020787528263831227,0.000290792538361949,9.563358681338667e-06,0.17285847464163107,4,9
0.15270009825391823,0.0001342221673573092,0.14450422209922958,0.020699725599617646,0.0010866880880111658,0.025760301308925572,0.0007423197895108936,0.0008077338987635788,3.775843104525587e-05,0.6535269303636209,9,9
0.006102473446022673,5.6240100125593455e-05,0.008412322231293507,0.018285896778238057,0.0021098102189760063,0.008278192962743762,0.0009218225146164739,0.0033176656191821487,6.250908857080594e-06,0.9525093252199448,9,9
0.147453351978132,0.005070009014540381,0.021832022909069455,0.0036872749384454927,0.011613657769409348,0.7615254617993817,0.029020763056626233,0.0048857230097631415,0.00652606748414428,0.008385668040487893,5,9
0.478756308666243,0.023639892197593045,0.07003026196812169,0.059264205402473395,0.03415598297046827,0.1314431296603171,0.001606105040523895,0.011363586319753753,0.001002556276856339,0.18873797149764948,0,9
0.00225188024318425,7.907931866468973e-06,0.003646629506917778,7.892784208910108e-05,0.0001145593855521893,0.008876136196024783,0.0003083721537351124,0.03746008079104067,2.310213797202782e-05,0.9472324038116176,9,9
0.0038051254151112803,4.953121244333604e-05,0.002494031171262444,0.065384561078715,0.005469663458370008,0.00833537810243476,0.002919295363917783,0.0038992950000050763,1.3930258094067506e-05,0.9076291889396464,9,9
0.09415047649921275,0.000778214470100301,0.062497967242250034,0.030564142884723845,0.004128856767349388,0.09632647288285703,0.0010160538330253365,0.002116179240549174,0.0030392857179125047,0.7053823504620197,9,9
0.0014440100480132526,6.251208320572405e-06,0.0002461839260403219,0.0010869353585717877,0.00011104276577046502,0.0006847181420881316,7.76987751598798e-05,0.00010382947917589373,7.774833085522122e-06,0.9962315554637743,9,9
0.07175789966849243,0.0010961198525915525,0.004486840311076187,0.025682247825868462,0.10149031272135843,0.01763457051256131,0.0062194457237555005,0.682980686834405,5.73361291491647e-06,0.08864614293697623,7,9
0.04281844854042491,6.463502681864627e-05,0.009685636638937786,0.014077106648402195,0.013996244952465577,0.022976459005225984,0.02720684477850237,0.00570010682095524,0.00033169614220648143,0.8631428214460607,9,9
0.021597583998175508,1.3506843939797917e-05,0.00708554783328147,0.008596386336830726,0.00034291257365677027,0.020099409776708384,0.0006170404028069486,0.1276229053022383,0.00016536480533311577,0.8138593421270289,9,9
0.028779421470707302,0.0005865996137728431,0.020237712739670767,0.08798012656203755,0.021367696930167508,0.10299784402700937,0.007174396921899277,0.0745118633654048,0.0019823580537511264,0.6543819803155795,9,9
0.0052238702648237795,4.521941779876758e-05,0.0038648887527029468,0.033047863843663566,0.03610793610988089,0.01509925552826729,0.0008747521087573143,0.011307953352505583,6.574183904844721e-06,0.894421686437695,9,9
0.21693283162650212,0.0008010403471591056,0.010429639131526575,0.0052892344350717515,0.0016839890597573712,0.0234263518054329,0.0014292649149065875,0.020155180848321852,0.0002989445746415848,0.7195535232566802,9,9
0.0030708208326863393,9.454859203612407e-06,0.01070035614034414,0.04385383488952318,0.00021703435535187925,0.004805331831104886,0.00040062522189374984,0.0016668810391296046,8.420004844099001e-06,0.9352672408259186,9,9
0.5638092941232172,0.0011422272232688724,0.03397114128484217,0.009901269716767849,0.030225954454820653,0.21658659086257254,0.0014030723951574424,0.001514610410835429,0.004050869357861226,0.13739497017065655,0,9
0.03159387179447306,0.0050961249205614435,0.012706939470801206,0.005213090596825355,0.014555452291586586,0.5985252263519981,0.028180921542479198,0.2083975893713428,0.0005330215552875697,0.09519776210464465,5,9
0.42852897618585906,0.0011228294849367926,0.024946168307400016,0.010324672130892821,0.0016674148175571276,0.017617699468936977,2.2957569828064926e-05,0.0029004384180041165,0.0007217808301085752,0.5121470627864765,9,9
0.013469617992077458,1.6385657359734117e-05,0.0011851658429818492,0.0016548711094730804,0.0008877278888495478,0.002035508141689293,0.000347002580572511,0.00018791653286745282,1.565585514350051e-05,0.9802001483989855,9,9
0.011132837378842941,3.071762935188936e-05,0.0003056449297871807,0.0009300088244114518,0.00414014036794344,0.0014874256203147851,0.00013990700797415556,0.0019075333577509193,1.5673365686419965e-05,0.9799101115179369,9,9
0.22239208373764663,0.0028632277322782314,0.01374081514528948,0.19278576644780643,0.052705461764416844,0.16137181112057103,0.004843565906166154,0.0024054927627096376,0.00012353657192962515,0.3467682388111859,9,9
0.027957679281685875,0.0003903997391420882,0.1833463724868336,0.07666859239329638,0.0037254655042451524,0.18174980926416825,0.008895502219625328,0.062496695061215655,0.001714940359344585,0.4530545436904432,9,9
0.2886438006200067,0.0003071043909310119,0.00532742413649167,0.004001988642553646,0.004073465504923497,0.04408906243796482,0.0016177569277155725,0.005554937205075553,0.0002047048070737161,0.6461797553272638,9,9
0.00386885966532701,1.2661482392528381e-05,0.001381124537883254,0.00776860951934642,7.779701627451833e-05,0.002248143972527813,0.000238060989085144,0.00017523750779433063,5.307710305723139e-05,0.9841764282063119,9,9
0.024612794772099347,2.9673201958006754e-05,0.03420585954725335,0.008906694664539595,0.0027357711495495053,0.0417723586623812,0.001897546516360703,0.021452591589825605,0.0010889134467835509,0.8632977964492493,9,9
0.04425871155605631,0.001960918086856434,0.0360775833203957,0.10331276501055271,0.026620724857570124,0.6043152607837463,0.004265850412321191,0.004437261010995788,0.00012480227280821935,0.17462612268869712,5,9
0.08176521225935146,0.004018430577749853,0.12161619929334738,0.007193180542762223,0.0018417012633606647,0.07193455322394696,0.007630731374646231,0.023032216915197582,0.004820043582483224,0.6761477309671544,9,9
0.007323121739746675,2.3269930501214888e-05,0.036158725052166184,0.006479218273329735,0.00043624974659260137,0.03908465088350173,0.0008361344365747828,0.03041565394840757,0.0059118019825613035,0.8733311740066183,9,9
0.0021143952397695517,1.1858245254039227e-05,0.003422572989292657,0.010833167849637601,0.0004946205194058293,0.003910750806004323,0.0007274290740517502,0.0032203977475241544,8.893087006252281e-06,0.9752559144420536,9,9
0.6910759154383924,0.00010949278603920537,0.007748526934862761,0.003306169896281136,0.003489355856060384,0.01929602967113269,0.011794612371238387,0.00818395414926891,0.00011954684673558749,0.2548763960499885,0,9
0.17591966669680004,0.0014182764235081313,0.6211145770819777,0.025944007025908763,0.005118031394797059,0.14767477331401915,6.882624216497233e-05,0.0005227096714552886,0.008010752322720034,0.01420837982664901,2,9
0.03611504396868158,7.43163410624095e-05,0.19510038263272858,0.03776875189038577,0.004736271564250157,0.05125437209288672,0.0010566966620002083,0.013647582676609734,0.0005512593302007503,0.659695322841194,9,9
0.008499437448488939,0.00014396683316009767,0.0008879248003978921,0.01866350231133674,0.03471198436213217,0.008748200781369102,0.03541966624131307,0.043442150196332865,3.1559128209625526e-06,0.8494800111126483,9,9
0.0021779574983574928,1.639446211138411e-05,0.0008743325974555809,0.002801148525900773,0.0007602980542835377,0.001667544476713025,0.0014562270026807116,0.001394399421439991,4.137363016888279e-06,0.9888475605980407,9,9
0.7027378999567697,0.008959535070835812,0.006131553371312398,0.000377426261824389,0.00021675063405102879,0.01828150418531667,0.02273933693004157,0.1578771087492923,0.0008299885563332426,0.08184889628422298,0,9
0.025752198182437867,0.0018648373571956986,0.08239015986532579,0.028124691927387847,0.0024540882194729885,0.04673648684463999,0.001897620471254931,0.0023238763145003354,0.0026417146617781218,0.8058143261560065,9,9
0.006984706018878715,0.00030644596099044604,0.009826352933878128,0.0445447261841903,0.003180432388237716,0.003471050442340705,0.004107768561133053,0.0014635016409106345,6.5254277705059565e-06,0.9261084904416698,9,9
0.0009696292006618472,2.5282164503590545e-05,0.0007251788063857391,0.005702548535345821,0.0020699355084035204,0.00036739127016470507,0.0016874464241559584,0.002125817393936467,9.411810609490378e-06,0.986317358885833,9,9
0.003091848469201925,6.957701845987715e-06,0.0007119454540520969,0.0011155975511271817,0.0005215476312773294,0.004321513238716724,0.008190255915309213,0.003280419474525619,4.274003013678034e-05,0.9787171745338072,9,9
0.011384250458102955,0.00012468766108196769,0.00964017798898118,0.023456182612588354,0.008067470745618572,0.020481694831909675,0.021819049716181135,0.09137232391170033,0.000218595890687581,0.8134355661831484,9,9
0.01089827987934188,1.5207273476517126e-05,0.0027815693084500214,0.01167393626167922,0.014072001569260625,0.044468870821665535,0.002762705291249441,0.0008948568278435519,1.0208039865937077e-05,0.9124223647271672,9,9
0.08958499528418198,0.003326164393339067,0.016088660273626692,0.009291241548412498,0.13521162871547146,0.3263721073505668,0.17469400493050488,0.2025665824684791,4.050982956388301e-05,0.0428241052058536,5,9
0.0021128738706571518,0.00014297821444714262,0.002161941702282539,0.009373158995523599,0.021945050433799386,0.0037064997990599704,0.00013509848546196506,0.0002713008187293615,5.517628794813794e-06,0.9601455800512443,9,9
0.01970506550319567,0.00030429775181119027,0.0021222658925264875,0.020171883524777983,0.015403920941269484,0.036632843330391775,0.009984459815384067,0.002422641637911324,3.6339086449447993e-06,0.8932489876940871,9,9
0.059683164392616866,5.718923108673693e-05,0.0009395463567644555,0.0017453888475611867,0.00025617284047975864,0.011088649494734655,0.000112088259059116,0.0003969163447703465,5.81071279244183e-05,0.9256627771050026,9,9
0.03553400109794382,0.0003095968994707308,0.0026093822219239423,0.008784864359612796,0.0738619656842943,0.010732083931119837,0.0003064038174298993,0.0009067351658642404,7.655666895585976e-05,0.8668784101533846,9,9
0.01636784999575667,0.0009059902708208206,0.020185011956126694,0.09743989972663863,0.0017528064409588066,0.009634333313462267,0.0014802557155777002,0.0031893119435569706,0.0001110548504750549,0.8489334857866263,9,9
0.002309043700763569,1.2972642968138913e-05,0.00026464014758959404,0.0008528636255909967,0.00021025167074355445,0.0006674167571920377,0.0003705318780360483,2.974666205078978e-05,4.691108255870819e-07,0.99528206380424,9,9
0.0063980386226024765,0.00016713539451160676,0.013032411949064925,0.01657000111229402,0.0014121642326602418,0.03419979389072502,0.0026790241568033293,0.03497475165694794,0.00030497024652998425,0.8902617087378604,9,9
0.00536735338656259,5.073623229487524e-06,0.00215945085904769,0.0044793315413999115,0.0009859642062916931,0.0031762245169372426,0.0007155383765210335,0.001367101035422457,6.380404065331426e-06,0.9817375820505225,9,9
0.27426136188131994,0.0016009095759416015,0.24574592071100743,0.1354486713344611,0.02302176508780951,0.23961313175233437,0.001562859827687281,0.005612349643493575,0.0006804963294355388,0.0724525338565098,0,9
0.03142115488165999,2.7427717226008382e-05,0.005561297875805754,0.12268643021683395,0.0016360412005090076,0.012603842666086579,0.008579261741656716,0.0031311523950843948,3.0989574352841814e-05,0.8143224017307847,9,9
0.01301771250126045,0.00011722981947701237,0.009316775074134545,0.005878258630048304,0.003877663453175734,0.022163751204550636,0.0012932706365919797,0.2732178381980856,8.67043413806232e-06,0.6711088300485376,9,9
0.28109801450227817,0.0015027930028113233,0.04657549536426093,0.0023121730254928438,0.0012354780556505973,0.3720682240786498,0.0006331478627867002,0.006284529003873916,0.019546019318423327,0.26874412578577245,5,9
0.002374309965657716,1.5238611246240122e-05,0.0068737276303930395,0.22289500926258496,0.0019184579435605111,0.021442118089051308,0.03740840538667223,0.0028387740695126136,1.3596717384304753e-05,0.7042203623239369,9,9
0.004549749012631584,4.9872078580993735e-05,0.006480299535045107,0.02343104945002579,0.00275262751137899,0.008418491868567492,0.0009590388880878614,0.0033879086074199215,9.533779589049543e-06,0.9499614292686732,9,9
0.5879952019106062,0.00039249393713311595,0.014903133233357308,0.05182036065628305,0.01409037109059369,0.11107951482466763,0.003737753785171563,0.013887439143285359,0.000794480855900995,0.20129925056300116,0,9
0.004466202698336589,6.943049562449965e-06,0.0008062147706763093,0.0032787597052648856,0.0005196116597254183,0.0025310179125927865,0.00013380394601852997,0.0015118082296947763,0.00010660564473865202,0.9866390323833896,9,9
0.012383392408463664,0.004663974112543139,0.021249301290698047,0.033462103353510346,0.005859035190879485,0.031534914406680964,0.03894191261413495,0.00757642757058253,0.000527154380718546,0.8438017846717883,9,9
0.001614224072699954,2.4460064780891778e-05,0.000357755195646928,0.0014890494048231718,0.00011291524964875786,0.0003094571329857727,0.00022661674679922745,0.00013261922253612952,4.6416811997045286e-07,0.9957324387419594,9,9
0.042007436229640344,9.388030392379015e-05,0.0020105815796158536,0.0031219136067659613,0.0036831857747151153,0.005306067107242409,0.0004955485575318496,0.0010515479138694904,0.0002122453767301506,0.9420175935499651,9,9
0.028695086367220145,0.004729052341072742,0.09807065255475138,0.06021870697058529,0.005545535872203457,0.03295080812040999,0.0015039933997004228,0.002368100819486043,3.557742900958671e-05,0.7658824861255608,9,9
0.45748683727550415,0.00015183045468101082,0.04681038176495848,0.0052976168929903256,0.0019865956562005226,0.09367080106319417,0.0038260146525243475,0.16531523303179183,0.0005954264515326015,0.22485926275662255,0,9
0.0005573094055709156,0.0005812744690321548,0.001772442876076476,0.002821610401269958,0.011109525983043858,0.0031588861423830403,0.0046938584831945325,0.0006544929998583836,6.904399679771935e-05,0.974581555242773,9,9
0.013312395264852906,0.0026825511328897847,0.047350512712994855,0.006760168618586927,0.316801986375338,0.2124884974660599,0.007124596822991495,0.0005077647849329611,0.0002628831038789927,0.39270864371747427,9,9
0.05053929403877249,0.0013163414582637411,0.0008686035742796225,0.0037411181094835926,0.09622358604541831,0.04363921965227673,0.1354396122500812,0.0012394533790634956,7.913352625734512e-06,0.6669848581397352,9,9
0.0007909795374936608,4.129020431276083e-06,0.00047948163366879,0.0004154200078709752,9.528094998181958e-05,0.0002184862217363061,7.773046828385716e-05,0.00026201870046302074,3.2082814526723894e-07,0.9976561526319254,9,9
0.3375197622044962,0.007861062147340923,0.22698219807134376,0.04123228177705918,0.032000813144732916,0.07250825541522439,0.0007142510606094796,0.000945997143291589,9.578776098763538e-05,0.280139591274914,0,9
0.04484820064647158,0.0005329572433340248,0.004112902015154147,0.003221706894375378,0.006298896163490511,0.007280791165269841,6.827080355159283e-05,0.0014206574515551484,4.749484991141051e-05,0.9321681227668865,9,9
0.0650232683046199,8.955180794676934e-05,0.13363821054158975,0.13940441924027844,0.12300970657861983,0.15304699726760707,0.005721338581626873,0.002388736610061794,0.00015421849753235637,0.37752355257011727,9,9
0.11082565528056071,4.378619412332951e-05,0.007665153352735358,0.0796029841348897,0.010717426488647933,0.015018147018462035,0.00279970169817966,0.023547933129860907,9.434877104861779e-05,0.7496848639314917,9,9
0.08701258427404342,0.004566057713006695,0.00813402664587388,0.018664097869508296,0.05830511073028044,0.02575749124330369,0.0002491788381796819,0.002044220639713293,0.00020271541263945322,0.7950645166334513,9,9
0.1085798919886343,0.011825823851381126,0.6809877440264009,0.005002145779331108,0.02227499312565911,0.1512195055800977,0.0009650585946150748,0.00011911055371232162,0.003095356209522329,0.015930370290645854,2,9
0.05287107352613617,0.0019413736704661727,0.001982287101824487,0.004228490341057468,0.00362346227303213,0.01778076743773732,0.0037195585711623505,0.7460026851227443,5.614966352075112e-06,0.16784468698948762,7,9
0.0041613142257881566,1.7087616482057637e-05,0.08249811258227423,0.022788213338745922,0.009016594550234689,0.0806948853084341,0.00494208271997172,0.0023528781223541902,0.0013853173774383166,0.7921435141582767,9,9
0.1119485515410524,6.712344275833993e-05,0.011035299616096946,0.0962046944112587,0.04943589122311701,0.042381597488548466,0.006274601265480015,0.0049437270559716355,0.00014135082159405106,0.6775671631341225,9,9
0.009542215218029712,0.0001909766460430081,0.0023974362659094344,0.003349918895807072,0.007451327569235134,0.0017219150531502462,0.000895237217090455,0.001251351738084181,6.0611823941785635e-05,0.9731390095727089,9,9
0.06530566676918204,2.2210410616527416e-05,0.012312735893062834,0.017236275498615,0.011620684444835865,0.016878896372002704,0.002137519120609517,0.006309181408046408,0.0005603007663107353,0.8676165293167184,9,9
0.005216533598886892,4.78674912885258e-05,0.0008675065638525036,0.0010738815944454142,0.001373300897859853,0.0031894891516005813,0.00010100463145691964,0.0005506285885890494,6.291332887861819e-06,0.9875734961491324,9,9
0.005152898249404672,4.3055866434399504e-06,0.0018916415237102244,0.003918597494836203,0.00016441786000056513,0.001845088484092213,4.483559122167353e-05,0.00012042402381249993,2.227843103380738e-05,0.9868355127552445,9,9
0.033256054737721925,2.613341615909482e-05,0.004756305597432965,0.02261094317576614,0.00044608061680833305,0.012595169387164535,8.540320203449838e-05,0.0010375282208422618,9.093998719344078e-05,0.9250954416588767,9,9
0.056074648949065636,0.0037573685591859966,0.3494549859408271,0.07589191163491724,0.22036986506289621,0.23316377324800033,0.012677567533613439,0.009367554145682517,0.005168587496656468,0.034073737429155246,2,9
0.3657327213997077,0.0017417251596616758,0.014124358651446817,0.12176344941392105,0.11044933045786803,0.03715437281459688,0.03857419310508773,0.03510352682031115,0.00031430619303546986,0.27504201598436356,0,9
0.0896192566485288,0.0011017667391141374,0.061147622012762685,0.03192920608981849,0.0025406401746073796,0.03806650537414268,0.0009494615327495016,0.0009836661371182289,9.637502836222519e-05,0.7735655002627959,9,9
0.00141934847325226,9.672922168754891e-06,0.0005391645948816245,0.0007126426401126433,0.0002285116042115689,0.00025721120688664017,0.0001439313750842333,7.668005522468225e-06,2.075961794226809e-06,0.9966797732160856,9,9
0.026926551967320637,0.0007997351044662569,0.01822678318529742,0.005911921750701373,0.002795811695358289,0.03105206160939197,0.0021949054329760175,0.36872630564761205,0.0009307254540251179,0.542435198152851,9,9
0.3375930044909512,8.18745424459579e-05,0.004390144352486952,0.0055451118673313675,0.001532086766664753,0.019339416923302457,0.004840593163840491,0.07557974777760129,0.0006370027987361642,0.5504610173166394,9,9
0.10683599572206921,0.0016444440124421995,0.3581771851622393,0.03359441405164949,0.041626735305429166,0.36521773253373935,0.007519364891005043,0.0034887924895923026,0.0037439983217650054,0.07815133751006907,5,9
0.2878974281408127,1.5323114168687557e-05,0.01539258413596745,0.0008200475462250694,0.0005618661673690604,0.011650966880173742,0.0038191322609899625,0.3898377869599264,1.1322396503416212e-05,0.2899935423978636,7,9
0.8436001970267185,0.0002894114043753196,0.009418708910288738,0.006865423354966526,0.0014860826988085576,0.021442741645595623,0.00642477386067148,0.03514964562171431,0.0006539405144654988,0.07466907496239558,0,9
0.0013885046729515435,0.0003176278126519748,0.00037665481643504216,0.000775649309675666,0.004346560320884879,0.001969226076735455,0.0050455935896728775,0.002186662266656655,2.047586175370512e-06,0.9835914735481607,9,9
0.010191789372437374,1.4463599573968237e-05,0.00382689886933866,0.0022504993641718337,8.01526285913836e-05,0.006867013554157733,0.0007336813963576699,0.022827566267579313,0.0004625511324136819,0.9527453838153784,9,9
0.0036034230907438366,6.0139431468651075e-06,0.00023720885063977106,0.0003598010758705555,0.0008291451834459185,0.001353396688606106,0.0005228155206793795,0.05966578433967519,5.054959237892527e-06,0.9334173563479545,9,9
0.27450020438424366,0.0001524111967581036,0.05376928524633719,0.04281509539730277,0.009624833732958958,0.5614481523497526,0.001213931849818983,0.00028035854815641336,0.001597785141478024,0.05459794215319328,5,9
0.014072154684592074,9.417840387329623e-05,0.0005679482904147035,0.013012836667235466,0.0036083933359004794,0.004320639644498376,0.00561995857803503,0.042468640769276186,4.3394403868193674e-05,0.9161918552223062,9,9
0.3794874420371421,0.0034596516385175984,0.03698030669842996,0.018465721800564328,0.008525482301432099,0.15611358165993858,0.0034180284773400113,0.01721095275387635,0.0025031452782902416,0.373835687354469,0,9
0.07299333223123612,0.0005361573819385491,0.002986989721101216,0.003744315327697707,0.0635260387846053,0.1523560797269381,0.22484418859374197,0.04121505856480593,2.0366700678884228e-05,0.4377774729672563,9,9
0.029085221279212297,9.948103394235972e-05,0.037900280430645,0.02381088867456503,0.048904326130099075,0.05767122005193564,0.014831270558624408,0.016334106191332402,1.230797391581852e-05,0.7713508976757283,9,9
0.06416502297203179,0.000622217614895335,0.00604465907855947,0.035763392246998926,0.011469883142122089,0.02313420987253189,0.02114863482902579,0.03348055941787887,0.00010679658587219752,0.8040646242400836,9,9
0.007046640658839796,0.0004831795253193513,0.0009865110896125906,0.0029969466504213074,0.5387626381163512,0.02724039226635836,0.006054512545541009,0.0010175922184854536,0.00033927842336713707,0.415072308505704,4,9
0.2229057085257573,0.0010741856875175555,0.021183237423041207,0.21853052844014095,0.033999927054048265,0.08475504208807771,0.004508918131810638,0.014683341322371079,0.0005817871705791384,0.3977773241566564,9,9
0.49780081885534533,0.0009633202773374568,0.005178677204610597,0.024547137262517803,0.005178165609435185,0.0197283708270653,0.002968667418658271,0.05288132973287786,7.315291856836506e-05,0.39068035989358385,0,9
0.04960468143007435,6.13705327663344e-05,0.0014891296968818411,0.0004345728104498236,0.00014121240397343022,0.004368555738731561,4.6339205739810196e-05,0.000887625840015823,0.00011583505048272667,0.9428506772908843,9,9
0.12243737774407595,2.632804386311307e-06,0.01194063070196143,0.003883076454439383,0.0001420323816983331,0.008819916012221745,0.0047637007909543515,0.03438366923984493,0.00040157925916349725,0.8132253846112542,9,9
0.031261505042536095,2.2267873153532796e-05,0.0012295166713119443,0.0062898632809449614,0.006104281706920707,0.017766634186611476,0.0005506664198404645,0.0002230377114402523,1.269654074751999e-05,0.9365395305664932,9,9
0.027201911371277393,0.00018540612086998025,0.0012990403008534533,0.0039014121472271475,0.0039339434546333445,0.0023416301691088644,0.0015616071345817832,0.008299162636670368,8.213735073969597e-05,0.9511937493140378,9,9
0.058503367780142784,0.0008448937241096613,0.04977306483170604,0.5009738645395115,0.2606603314425093,0.02516296057241197,0.0013828910321878583,0.0005649314926404207,0.00010035033904802909,0.1020333442457323,3,9
0.2410322182358108,0.009132132425541669,0.04130952342604954,0.016960200720641656,0.02292025112606236,0.15770423371640827,0.0007130044686409522,0.003967923327261719,0.0026076222019994324,0.5036528903515837,9,9
0.004423547490142369,7.01457042632855e-05,0.003643080163843008,0.008545313639343393,0.0029802087190699197,0.0015401774045388115,0.003965302192391514,0.0031532011736089827,7.470485351837559e-06,0.9716715530274469,9,9
0.028048822925007613,5.0704679458459624e-05,0.001109543048562773,0.0014040120004896776,0.0034245550583018,0.0013106066109745845,7.445320375446277e-05,0.0002161319059810708,4.68276656073064e-05,0.9643143429018625,9,9
0.44500447815689975,0.0010543736166952794,0.10718236023359937,0.05407434442386179,0.006693864699784695,0.15523801805265897,0.01656254223613921,0.07563938306450924,0.0015375149814067257,0.13701312053444498,0,9
0.02381024345499177,6.336876484450681e-05,0.006155328995665983,0.007493805036468258,0.001013641618613825,0.02029770757032412,0.003272839482302811,0.09050608764720514,1.3851376603058223e-05,0.8473731260529805,9,9
0.017664859259660326,0.0025419375164300057,0.05871737776373244,0.012158695952155199,0.06778359962104015,0.053409520916743176,0.004243117761539666,0.0022674970357104184,0.0016743964955763077,0.7795389976774124,9,9
0.028804276227051145,0.00019620261502382798,0.003527795527090457,0.00547369030368995,0.0019982274713613857,0.013171850783736026,0.009142665710675566,0.004474708388660719,2.860415577381047e-05,0.9331819788169371,9,9
0.0006231076701227163,2.7999536400838563e-05,0.014188600090731156,0.03631536238606168,0.0027304666576246413,0.0012598560954366128,0.0007875831973779156,0.0015951947753019414,3.1022902416634364e-06,0.9424687273007007,9,9
0.30546509243486325,7.690119537173936e-05,0.01227447428634254,0.019347540346029306,0.0291849769741475,0.027551968974758798,0.12471824191596534,0.02233372197227501,3.8607554385245296e-05,0.4590084743458613,9,9
0.010654762513912504,0.0005065477921444755,0.04243370221695535,0.042035377305670675,0.0040699893322956844,0.09545887276500643,0.006566145842223359,0.0011987892494711313,6.766978594378512e-05,0.7970081431963766,9,9
0.0701320945300238,0.0027075971015595537,0.00906958396519928,0.14204468436598944,0.017771218638767516,0.016690600131232348,0.004287344709413099,0.0008933386399070748,2.5243243061566075e-05,0.7363782946748464,9,9
0.06893002715827803,0.0003205221742914261,0.0008621542688874222,0.00784683433166517,0.06940705216952253,0.0066920524549289595,0.007915020419646757,0.13581517023314205,0.00028895365700016667,0.7019222131326375,9,9
0.05714065024329396,9.926162611059177e-05,0.11859059141663005,0.06377968009741938,0.024822738375036787,0.10990900705075403,0.002505453642171359,0.0004929916295800967,0.00012546300290763667,0.6225341629160961,9,9
0.013030107612018758,7.176318116454592e-06,0.004068496995369739,0.01109966692352659,0.00017785731648879726,0.010790385988788556,0.0014598103109497856,0.022637923250582614,1.1953087682154722e-05,0.9367166221964767,9,9
0.23171544671761077,0.0004055820262140472,0.22235755176238398,0.04109474766992098,0.004284387903026138,0.31305208648833727,0.005535846623354762,0.005045095422011661,0.0005222880480098261,0.1759869673391308,5,9
0.003908096012896963,9.611671189073748e-05,0.0013403648902709038,0.015079417798624265,0.00011606933989254742,0.005290525645320695,0.004918848974574911,0.00768615138111225,1.533027397161036e-05,0.9615490789714454,9,9
0.07920734616328999,0.0031378214881136756,0.03581670410303383,0.003373975669995819,0.00476885710872955,0.0712557789244268,0.0017447455023462699,0.006154170928521257,0.01762701246886309,0.7769135876426797,9,9
0.0065479142639253375,6.697282249309451e-05,0.011393861712297492,0.04190092461088623,0.0028660825721323847,0.008826202517435672,0.008608868841413098,0.0014249753976284926,4.428079478679509e-06,0.9183597691823097,9,9
0.01970173640451034,0.0006260295342127219,0.2158905364077388,0.028061470834334946,0.0031520616290617864,0.019586778346832263,0.0002638729056395675,0.00028329223844421564,1.7341170731065294e-05,0.7124168805284943,9,9
0.6590499048428766,0.00098050312976836,0.032125429075769665,0.03860463196913988,0.015525991987823697,0.04889809456806386,0.004038992176168297,0.015760844994029587,0.0006269014762273758,0.1843887057801327,0,9
0.0056807266725439585,1.1415806619994878e-05,0.05440323960113845,0.03341854781670861,0.007970292973571711,0.034474722761146846,0.008754580906368133,0.002782422396235507,9.267568769457982e-05,0.8524113753779723,9,9
0.01259746939078904,6.7295461248995335e-06,0.0011849494408607102,0.0044447751391953035,0.0009739124809789691,0.004777605663902678,0.0031072405738996798,0.00016909842333823427,4.162768784278089e-06,0.9727340565721264,9,9
0.017559746023623236,3.403836665759768e-05,0.005467756517950852,0.009802833907046666,0.00035575267199089227,0.010011726515268592,0.0009613173971507235,0.0006214426094577954,8.658200507754403e-06,0.955176727790346,9,9
0.20673483883932497,0.016976374661240842,0.15574035857528132,0.00796830765149927,0.013713697748587463,0.08577303358330153,0.00018970904011370856,0.0013721625594602161,0.002079812738845548,0.5094517046023451,9,9
0.014389366196312483,0.0001239358355543567,0.0017934151763081031,0.04112861690468328,0.015262201238004978,0.004273514158098407,0.07104651220384156,0.12848890820862313,5.206287567027082e-05,0.7234414672029035,9,9
0.4631308910434754,0.006223798164354644,0.09635358879848725,0.10548768884473232,0.0392829909953305,0.08948799606567612,0.002402053650913544,0.029808056286402086,0.0010061989981879952,0.16681673715244025,0,9
0.003230133433955335,1.068632820122941e-05,0.0024637990292285254,0.0007118544108243907,0.0009603947575496404,0.16787004468583822,0.0037233430638952663,0.2628385694117065,5.76705870236957e-05,0.5581335042917772,9,9
0.13301643008514188,0.0036852950659125175,0.005128671681901891,0.5085559838711253,0.09869076526464132,0.029633969162099316,0.003353953175747621,0.16988556586379147,0.00011029721094810937,0.047939068618690406,3,9
0.035949394568908256,0.0004573407326681539,0.005957962691554996,0.0511252051881934,0.1528863545261281,0.008324083018708467,0.0021506564003682116,0.020084157264862283,0.00019104885696171421,0.7228737967516465,9,9
0.07216269231337616,0.00022808446405817292,0.02829020348528573,0.20346192866543825,0.004627238239282528,0.014834479332378109,0.000638019975133362,0.0021938158982940624,0.00016882361121987736,0.6733947140155339,9,9
0.0528098654096862,0.0002472390555384385,0.053175303981386965,0.08202744859896086,0.11694666983860948,0.1302077917916163,0.006510613957425339,0.004326197186579481,7.406827968296518e-05,0.553674801900514,9,9
0.019594328565699985,0.004433624359192337,0.008939307324679631,0.13357427348161532,0.07168704848389686,0.11665086733972976,0.03074834424104978,0.0011673424901767716,2.539258592518125e-05,0.6131794711280345,9,9
0.001633943593348783,2.2147632476161946e-06,0.00341224630115461,0.01201682870679295,0.0003694381415157015,0.0026173696674605096,0.00034184261191112634,0.003000231324421815,2.630848409809922e-06,0.9766032540417372,9,9
0.10677904607422523,0.0004384370625307661,0.034678416250339336,0.006127099791013425,0.021054913791612076,0.09142254125237169,4.3447564671237705e-05,0.0004393972174125957,0.0007349692573943713,0.7382817317384293,9,9
0.03741270398404878,9.88643671006156e-06,0.0002634348099157146,0.00018007372617241186,0.00013399392648688163,0.003715802916361703,0.11261652153736368,0.8398523213954355,8.138643946356706e-06,0.005807122623558928,7,9
0.0960585253390219,0.006405668992330787,0.836822858582451,0.003634693752302697,0.018948524592814164,0.016570725262175963,4.08991725154249e-05,0.0001334662168936091,0.004187983053161428,0.017196655036333174,2,9
0.0014918716934094792,3.8510241477505e-06,0.0004608858414261477,0.0014414876415620689,0.00022402992956612003,0.0008389457824935964,0.00034113495779742486,0.0016698311351371609,1.2805599041159687e-06,0.9935266814345562,9,9
0.33916374954479,0.01946520440982496,0.07283274169101114,0.004389884551327861,0.00579740050191655,0.050874850567155835,0.0004232588757988119,0.004525675402397176,0.002050989664627782,0.5004762447911499,9,9
0.005930416106879331,0.00013570943625612752,0.043213566254481146,0.0008137410671406935,0.0008958031655527027,0.29822392400313824,0.0011064972128431406,0.08068243991256858,0.0017553348625357554,0.5672425679786042,9,9
0.003639455575274406,6.666926931577797e-06,0.0004636749729693768,0.009294955296284359,0.001365050341598348,0.0007183425584977139,0.002257674296410269,0.003444831809945096,1.323075752581391e-05,0.978796117464563,9,9
0.4766874343686415,0.0006511960852007383,0.3227249179604915,0.04687845712258642,0.003297661057361799,0.06601079745506902,0.0002781672283002815,0.00013438691099028173,0.0012069160197149752,0.08213006579164349,0,9
0.05555513966436901,0.0001545556395512162,0.0009075675101101991,0.00020897452134721538,0.00030428371109624566,0.004278302617693956,0.0044917369740268085,0.1581306693238187,4.836778156398582e-05,0.7759204022564227,9,9
0.010137734037303356,2.0516374400746887e-05,0.001652318042560896,0.0023297611235083655,0.0022204713293109716,0.008860957517143317,0.005407023085250581,0.04890513945347346,9.550362653733614e-06,0.9204565286743946,9,9
0.002994007782371392,6.611294654104622e-05,0.008675918038804676,0.061280783937721406,0.004187249543380781,0.03511877889241819,0.10077730311066288,0.006029049723777725,6.37860978891254e-05,0.7808070099264329,9,9
0.1209155362298921,0.003469031440042487,0.0023904721406386156,0.27558456533181114,0.24455269047304587,0.024548622777888926,0.013359913885706731,0.12873176224632732,0.0010972844436980772,0.1853501210309489,3,9
0.001838632198389614,5.09213181164058e-05,0.0034602149953306123,0.1605579047776826,0.004071921543932454,0.004022466553888199,0.0004965049729138863,0.001108717360057178,2.7357974778068033e-06,0.824389980482211,9,9
0.09470726994348161,0.00011497676317908696,0.0042967350735996345,0.05721308203633703,0.006252898948185463,0.03910533258560566,0.005630268224131612,0.11937443053319219,0.0002480152947563091,0.6730569905975314,9,9
0.0893361216156274,0.004342397480619514,0.045827015249319876,0.008162197658329519,0.01685842700310311,0.028968811659106215,0.000593399708478672,0.0033801271983791704,8.258638241737035e-05,0.8024489160446191,9,9
0.032015794294009775,0.0012853232235463992,0.005522693764788827,0.025592224828328812,0.023922033165114088,0.03805519713401442,0.007605855919329153,0.0028665233048805385,3.1603987771355895e-05,0.8631027503782167,9,9
0.4552547384155734,0.00037960470315554905,0.003943080624929224,0.03180026110461508,0.06073463916673855,0.007507776631668378,0.008484166373083954,0.04553667482085124,0.00019365381710008148,0.3861654043422846,0,9
0.19305735679250494,0.0035148474080764305,0.12951815070664774,0.07027997964498159,0.047474340942416954,0.11232406816627305,0.000731530994597945,0.0018237450741244114,0.0029852967104221795,0.4382906835599547,9,9
0.012914319991506419,0.0001587022203983635,0.0018692238595622555,0.005607251448821601,0.006831163622951644,0.017030879841613635,0.05184212254613702,0.008967941895983832,0.00046959013723910163,0.8943088044357859,9,9
0.14154690922563007,0.0010189459946453457,0.052872747086634204,0.00459540905238365,0.050740786706455876,0.6194467895974499,0.0029626232541581673,0.0018047909572426728,0.003725028686611046,0.12128596943878894,5,9
0.013397859610951888,9.493515321448579e-05,0.0015261126020131373,0.0008332388988210343,0.0004801528393769351,0.012692078033405236,0.014467673096893058,0.890130157078588,2.429969405862833e-05,0.0663534929926778,7,9
0.004683007539962125,6.546739595016058e-06,0.0004479457759252243,0.013933325988333318,7.02519591685904e-05,0.0015138552281180936,0.0001068739368574104,0.00023542391948724035,9.506575428219666e-06,0.9789932623371248,9,9
0.043171995605029344,0.0004911979258540432,0.010732247451146865,0.010478618527653069,0.0016519569794856206,0.032688965362575845,0.005854639230146263,0.030036173908530046,0.0006351489073541973,0.8642590561022248,9,9
0.055462409146218396,0.0001849888461910365,0.2923314481079027,0.08970934459846966,0.005050002404719627,0.13203698968272107,0.0006572618869533799,0.00020035587531087244,0.0002481366235804453,0.424119062827933,9,9
0.25365487546532967,8.356967056572672e-05,0.03839074299779585,0.024508430356653274,0.0026614959709308156,0.03715299230006752,0.006476002305696436,0.03739461504319969,0.0003463305822329591,0.5993309453075281,9,9
0.1600275347471939,6.757076746545144e-05,0.15726338661885872,0.005915870159400683,0.0033432086610475434,0.1584606966431181,0.0030939837649915257,0.014123505213147812,0.0035983084681813302,0.49410593495659505,9,9
0.02082427667020438,1.1774971745731817e-05,0.004037183454360108,0.020372501973149944,0.005997649045894666,0.020677133339705882,0.011529276297673467,0.0016547306098897816,2.2548180536196634e-05,0.91487292545684,9,9
0.03764093733719522,0.002218742421236789,0.019995589559782506,0.0028085104980384397,0.009047477139302719,0.7850068597796216,0.0009007422505243862,0.0035228916893254563,0.00123973246422895,0.1376185168607439,5,9
0.02119981880233971,0.00014158556489461932,0.1523089361452829,0.026192469772158625,0.0008582195589690021,0.07396629689974159,0.0005351274067498309,0.11048319595270843,0.00046724106196229973,0.6138471088351931,9,9
0.005140886782845142,9.861185139423802e-06,0.00141111126665928,0.00028526036962885104,0.0004369606336905643,0.018251628022167114,0.0005101710760287436,0.6879257156006824,5.199647127911181e-06,0.2860232054160305,7,9
0.0017494755722266243,1.2734756899122604e-06,0.0002330027864486007,4.036762810109701e-05,3.434056519839329e-05,0.0018356258069928675,0.0012792786843308468,0.15738448817051515,1.4920056864838364e-06,0.83744065530481,9,9
0.020484670215594417,0.00028767246854017356,0.004495289778283284,0.0013256796007783253,0.10680964623335618,0.0032743089999605515,0.003161230424073077,0.005021659312694059,1.3370404952362598e-05,0.8551264725617677,9,9
0.05549481510157503,0.0003239144819994662,0.05594031007874912,0.043843039885476956,0.004437910895935128,0.027950382675674575,6.048516606201711e-05,0.0001721188413055134,0.00018698729091221766,0.81159003558231,9,9
0.007565247919765625,3.0056658075842215e-06,0.0002685555077023488,0.0005686576079318738,0.0025383571283332123,0.001153387750614797,0.0003655583288216673,0.000514390765544725,2.7425674577175134e-06,0.9870200967580206,9,9
0.004847070211604081,2.4643060204585757e-05,0.00038342529305972786,0.0021655865491978154,0.00014914681099957472,0.011134697096234452,0.06760733588689395,0.49086011368105453,2.882107053428235e-06,0.4228250993036979,7,9
0.0013862609426578275,1.3663199083224535e-05,0.0037373272515696014,0.00043165696365504567,0.00012379233679558698,0.02786722368469348,0.0004395303858446124,0.020841322920759173,0.00014454789260763082,0.9450146744223339,9,9
0.07773482404223317,5.2875706334644044e-05,0.03536488364639616,0.01573156120412321,0.0009108753915017214,0.04634174530419155,0.0006703263447595324,0.00013365222590567562,3.552046632677812e-05,0.8230237356682277,9,9
0.010877394891995892,8.669528215754388e-05,0.0005818769161248339,0.001058011707319199,0.0014021720779250097,0.0006440149189139259,0.00023768865014483514,0.00015413603517433044,8.561812649024481e-05,0.9848723913937544,9,9
0.43217762937518306,0.0007596802865682364,0.2764235471618677,0.0022904925884879926,0.0018578625464717021,0.23387443168430258,0.00030498429264079664,0.006274486361733648,0.006818925583524825,0.03921796011921944,0,9
0.04274238490352534,0.00015859543336535983,0.010625887879132798,0.004254356538060403,0.001816815833599387,0.01156030056665787,0.00426073011444298,0.011093217009598522,0.000197221276663688,0.9132904904449537,9,9
0.005590738041029441,6.218502128202148e-05,0.0039742368741236345,0.012849180776306776,0.001441621209825005,0.021688511008343354,0.01664328696321126,0.027762196318389373,1.2256027974811747e-05,0.9099757877595145,9,9
0.06126347449600214,0.0005964579580220046,0.007794731026007408,0.14719960305544333,0.05221593062684991,0.06683077093953804,0.0193732832970466,0.012184695574253435,3.1829107848528444e-05,0.6325092239189885,9,9
0.06461410261963227,0.0008119748655712831,0.00820167994471298,0.017282298771747567,0.1850066721895965,0.10670874681143014,0.012673243562484476,0.0009328925326243451,0.00078169051141657,0.602986698190784,9,9
0.004535822528322681,5.769623213602054e-06,0.0025543654330970993,0.053237301840475725,0.0002131351752423805,0.01127796430127552,0.0009302498650724225,0.021055373848906017,1.6854343004561804e-05,0.9061731630413902,9,9
0.028983198673580436,8.024489330292807e-06,0.0008556646164381792,0.002254600063528222,0.00016253321057045934,0.0026176610712260184,0.00016018300628669045,0.6680186514140629,2.8474646515191553e-05,0.29691100880846166,7,9
0.03265373933700645,0.0016605026904967656,0.0018184350568925033,0.0028496145770978663,0.011359854323452576,0.0015672638368722507,0.00012315710779911326,0.0012336675048909827,0.00016535164729482754,0.9465684139181968,9,9
0.006665995810840541,2.337798006156605e-05,0.0006143206152741073,0.0016822867766046446,0.0035072559276916352,0.0013647898397104905,0.00012778816119965504,0.0004994623473268697,6.67057109139817e-05,0.9854480168303764,9,9
0.007391012939531887,0.00013546799771877618,0.0006592373062628185,0.03607121797690084,0.014900364735649882,0.006236050093571187,0.0012325774158028196,0.017632980350556812,4.677630418956529e-06,0.9157364135535861,9,9
0.0011433691147424224,2.673065787852735e-05,0.000771335101434821,0.003863667387445639,0.00011641688975968797,0.0015281551974229137,0.0011794582399766891,0.00018205541797969486,4.938224793750073e-06,0.991183873768566,9,9
0.026545498381357648,0.00024678505177255506,0.0053288643207214945,0.004413771227388518,0.0018898742417225497,0.005838048800808795,0.003081130144402214,0.008846951473577933,0.0004441470693332852,0.9433649292889152,9,9
0.0151052970904464,0.0002626921201462796,0.024560781441538664,0.017526717448737468,0.0023021447251033948,0.433571075293179,0.16528801719833472,0.04570715877332964,0.0003483022604531563,0.29532781364873145,5,9
0.00039771894480814397,2.1795798581452584e-06,0.0002992575187562242,3.09702861513399e-05,2.5813004195809697e-05,0.0006126464343051709,2.8593593642973614e-05,0.9557201279488071,5.334703757927913e-06,0.042877357985717325,7,9
0.12511783351933808,2.2285407620307636e-05,0.04206366424264444,0.11597825641006425,0.032198292920424164,0.41462490284512565,0.0012346949381754633,0.0017350290370200154,0.0004292506188634574,0.26659579006072426,5,9
0.023191916447673554,2.5955648156624527e-05,0.001647525335876999,0.014145911817898654,0.00280229566651963,0.01346142779710007,0.0071530704088402204,0.23822063760176418,8.300306276142228e-05,0.6992682562134086,9,9
0.30156808985538763,0.006675899251169396,0.37083100528671215,0.1695279286321884,0.04502534794040698,0.0913952478026382,0.0007226767320760496,0.00024123200786412227,0.0018597990773522757,0.012152773414204732,2,9
0.0019131655177270213,4.723918170550565e-06,0.005851052600827471,0.010982668087876327,0.0001819837294882273,0.004107501281125817,3.969285820537024e-05,0.0005011784082276241,3.1115710390253095e-05,0.9763869178879615,9,9
0.10615315257562773,1.618336169498691e-05,0.0074312910570807356,0.01769789207092928,0.00040621832663594016,0.017373112675207598,0.0005701338581069168,0.18913800536064512,4.084494741708491e-05,0.6611731657666547,9,9
0.2089000659385713,0.0022237015922145133,0.11598233895728935,0.07257946476201349,0.0037687598446342254,0.14445975773416816,0.0016447929076484165,0.010891879172531968,0.0013194901284512848,0.43822974896247724,9,9
0.009875006318776258,0.09818258507557186,0.00270335783905738,0.00688010453704224,0.010720329549397745,0.005024462257634105,0.004850424840301185,0.007973730756904563,1.1270123589990967e-05,0.8537787287017248,9,9
0.14172658675471023,0.010289679609137199,0.009196653567449324,0.02101619247199344,0.1742852776782257,0.027869308986730738,0.0014575785327684125,0.00039678642352487966,0.0002453910211622716,0.613516544954298,9,9
0.17849424818086942,0.002314937377301633,0.009433777201184993,0.012513786648795737,0.11754408532757851,0.44900971480145674,0.005565750184789444,0.0003469044556980949,0.00040451293847741903,0.22437228288384803,5,9
0.14038321083387162,0.00027493238200697665,0.005994166291176852,0.08723943621808489,0.07946665057734875,0.04792015360036589,0.04510964758817004,0.007207285884657817,8.43026783566098e-05,0.5863202139459607,9,9
0.06351910538152361,0.00045836723855543723,0.002342239161795463,0.012326111487042483,0.15686965955951018,0.07153968737290571,0.06413015996039838,0.5919881791120827,0.00011023444905400675,0.03671625627713223,7,9
0.7371512739922641,0.0006440094231684,0.005926751880246781,0.017385213587676588,0.004000098383215669,0.03439684285946887,0.0015477720948343242,0.007822864333843816,0.0023339921109598494,0.1887911813343215,0,9
0.0103843837274333,2.9815829095499874e-05,0.002738992378263297,0.01841489205030524,0.0007236164662439261,0.01253392416783463,0.008505560650980577,0.009164117893468332,2.2158555202725706e-05,0.9374825382811726,9,9
0.03300862115061498,6.909042542001678e-05,0.896398973919771,0.031662986506997,0.00011245803150562309,0.026293133102881686,0.0019354164350815968,0.0011388196165925118,0.0005155148726998998,0.008864985938435866,2,9
0.0024094736297133566,1.0525871496428212e-05,0.000952318814365565,0.0012295805964810894,0.0007189939922106455,0.0038717529895591967,0.0005445622884889057,0.033676965994441754,1.2416754067986456e-05,0.9565734090691751,9,9
0.0017562470536766936,4.419745321831344e-06,0.03347046526727174,0.044287426811789696,0.0001557188332753154,0.00524973708574923,0.00030893780534215805,0.0005494747806978692,1.0480264166238739e-05,0.9142070923527094,9,9
0.10798694625312877,0.0003635044345132369,0.013373142102059787,0.0039050993422763743,0.01157590178066193,0.031154047481491167,0.00039440328967814083,0.0013315239701540864,0.0006296716046729998,0.8292857597413635,9,9
0.2473419535100996,0.0010220584872267283,0.011455052966581794,0.09575389546048242,0.19829035777378604,0.0839975377545705,0.01253897985065256,0.03336545710731154,0.00037824150506097587,0.3158564655842278,9,9
0.07860783995801712,3.0884196469594985e-05,0.013574188127176269,0.04259354863031381,0.00981486624281288,0.007280699260255243,0.0018708850919084336,0.0023484677361356324,3.1111575966966436e-05,0.8438475091809442,9,9
0.05161809970433463,5.100355865992051e-05,0.07643824245770721,0.0009160725785394304,0.00017939859040499995,0.39384009779532586,0.0011085329940562722,0.0545625087637872,0.00211656443636059,0.419169479120824,9,9
0.07241003602220207,0.014027048939803236,0.8485693666172556,0.009381066914370233,0.0075151756118732,0.020526505625041845,0.00015345266082282565,0.00036411664633340845,0.003920687669052063,0.02313254329324542,2,9
0.07285306032361011,0.00685464353635446,0.03050291106946654,0.0031544711734262,0.5814355924297779,0.23742559554824672,0.012493724636207817,0.0006070881618474531,0.00028278937939142407,0.05439012374167139,4,4
0.0003909243595440785,0.002235342185351515,0.0008126695635101199,0.0006263416442160601,0.9589212164272684,0.008556703272132666,0.027607779115699935,0.0002943710037202424,0.0002152855828070499,0.0003393668457500477,4,4
0.034015930321777466,0.0031068888520534407,0.005680806571453896,0.00208325982399783,0.640389305870973,0.12527273340168862,0.07113368462269079,0.0008458249700061986,0.0003101897246198327,0.11716137584073907,4,4
0.054200170385537635,0.00994374687333016,0.025768482518933204,0.23178485750321132,0.20965582707133304,0.1073912371883264,0.06296268165390229,0.0015723428832418785,0.00010409235678909861,0.296616561565395,9,4
0.03867761598217917,0.000421639754575496,0.011345310411972374,0.14636214854823157,0.6838385760609549,0.05291520157929317,0.015608555048708776,0.00047726549492365056,2.0335155229168008e-05,0.05033335196393178,4,4
0.030686713955156958,0.01589080672614853,0.07778742741397114,0.0007678877554409423,0.7856014172257111,0.0715711200537856,0.002557444646731208,0.00012339653917802884,0.010061076634177206,0.004952709049699648,4,4
0.04836820547610794,0.010569923562655282,0.008280309907325945,0.0034489743769107297,0.1977065581393701,0.6496552673111958,0.00859559581380312,0.005735796953645874,0.00024688518835974725,0.06739248327062558,5,4
0.04799136581059317,0.0062401629281403055,0.0054331563890115744,0.007185416955363278,0.660049119632522,0.2554041131857763,0.003843372555403593,0.0017815853718555822,0.00019313269846819845,0.011878574472865833,4,4
0.013453586200722708,0.0016350737585175152,0.0012567123847240457,0.0073619234282868845,0.9073203952157854,0.025299631876933217,0.015713235963003495,0.009749889024277019,0.00012184891473606004,0.01808770323301378,4,4
0.12432493083077226,0.0038616822500022324,0.024987427036589797,0.6720985733136017,0.0459031836318726,0.08896338843301109,0.001463568112653739,0.004695258355551198,0.003417418424901809,0.0302845696110436,3,4
0.13897417772945928,0.002796838854951081,0.06409079384273404,0.004561821638314279,0.0597803187438949,0.6676720491941824,0.012077000159913242,0.00420198926838284,0.0009830333606898408,0.044861977207478004,5,4
0.04703958220984804,0.0001483376565484042,0.01072289211007253,0.01115284683468702,0.8319976824034728,0.015002651039974127,0.016420951857048813,0.0075380323059821615,1.9643516430502713e-05,0.059957380065935637,4,4
0.038835479180627464,0.004281269365298218,0.4173832697769345,0.0682058680580771,0.2559511968430354,0.19538064498666635,0.00714605610375701,6.286309819976125e-05,0.011522956818456984,0.0012303957689471063,2,4
0.01757866914127009,0.0007170527641960761,0.010746674404278227,0.0013679331487039437,0.23736969961521728,0.6733533571767906,0.04714208056737376,0.00042341341975183543,0.00020000920867265366,0.011101110553745734,5,4
0.16398571805427822,0.002310390931194375,0.0017192052666881795,0.09113740214102474,0.25438625039371104,0.012906928172411954,0.0034177420815800774,0.1832511551589462,0.0002947205867302111,0.2865904872134351,9,4
0.02272225464432885,0.0009588180059498079,0.12241843472134653,0.05788152163911141,0.5954268189012356,0.18625385048814677,0.0039156351474278804,0.0006707984077505412,0.0006230976435858452,0.009128770401116969,4,4
0.03609134689607486,0.004184963685534163,0.04618602458448384,0.031688764261063755,0.5957957456922449,0.24251248162557978,0.0015047206361173526,8.368808334803193e-05,0.002566023142516298,0.03938624139303706,4,4
0.5525593433398268,0.007037329158935543,0.04678503755976233,0.16240133030216955,0.0738121540936014,0.07384540289422918,0.001487748484343461,0.026818498438545176,0.00019713563414338112,0.05505602009444315,0,4
0.05979794928005866,0.04388686018644719,0.41076512768688767,0.01609246911770312,0.3135627165763133,0.14322956653114266,0.00583204540502767,0.0005423534520237179,0.004182286006362962,0.0021086257580330485,2,4
0.019002841710305442,0.004419373038727024,0.04339334458160821,0.004452686447556313,0.35600880937610246,0.5686810675755323,0.0016115806702897742,0.0001380693033698834,0.0007647463987405115,0.001527480897768235,5,4
0.0001936589453702094,0.0005298769604093674,0.0006106261084352026,0.001501694359289101,0.8115174051227461,0.0062022923247288305,0.08586212876895025,0.08034862916147552,1.0233345939387445e-05,0.01322345490265607,4,4
0.24462229408162273,0.00495837760645672,0.07633186237520875,0.2590481686259441,0.30795672791928336,0.031575604951595775,0.0023128468221696214,0.0006302828535599029,0.00013537394318490642,0.0724284608209741,4,4
0.02827795169391977,0.003807533532988237,0.287054242765553,0.022012670168643923,0.4541688265438209,0.1800318996204755,0.0019316958006544611,0.00042936608926436,0.015615375379422685,0.006670438405257152,4,4
0.02006217282605441,0.016488273825844467,0.3947521427569995,0.05203130509810373,0.3565179013451329,0.14562761363830615,0.00658486484279747,8.281593057993822e-05,0.0074930103307351125,0.0003598994054463842,2,4
0.26081834982285124,0.0013094088174272944,0.010910680936828215,0.05686777944304263,0.20620179093511848,0.3908833394744032,0.013422040219121491,0.0025850211942047953,0.0011710045834191522,0.055830584573583614,5,4
0.22795190666696627,0.0007601904824070976,0.3528114824219438,0.08070860451564982,0.07646240106475652,0.23645103720972932,0.0005262086743448983,0.0003353022557769353,0.0003140125009594315,0.023678854207465752,2,4
0.15949215326331473,0.0006755364593940016,0.023626496078387897,0.0055396128810030545,0.6844608565568633,0.036233033658265947,0.0006812594148274448,0.0011190049809516375,0.01738973652458829,0.07078231018240383,4,4
0.05555707853632312,0.011184037428052584,0.4083033687036204,0.005523993818558527,0.21363736077610312,0.24136716365511296,0.0009110440585256189,1.416165811441555e-05,0.06253503593834546,0.0009667554272437809,2,4
0.0018264007750683352,0.00011691923106076584,0.00284220179923961,0.006696495397577372,0.9627306273683092,0.01363893997868421,0.003913633129613419,9.945955954713119e-05,4.551181280568381e-05,0.008089810948094469,4,4
0.05957949178053995,0.0036670204228803375,0.08125768986430949,0.0028695514055096256,0.6441815363140693,0.11655979628761894,0.0018416239450528584,2.0906060456428918e-05,0.08989264582377335,0.00012973809578985322,4,4
0.009563751983638624,0.001596792988717782,0.006145419791361921,0.008157409958954153,0.8034698820352841,0.0894105757851533,0.07571645520832498,0.0004540747184471326,2.1751885754244855e-05,0.005463885644363699,4,4
0.022678297521098945,0.005111613715774059,0.16403492439299835,0.0010786819386177635,0.6206751168867022,0.18034548970916361,0.0003506952155116547,0.000268511141953815,0.0033193936931019217,0.0021372757850777685,4,4
0.038838762648130284,0.0028105662736915664,0.1819735070862482,0.04443448557492766,0.04928424060168603,0.6695988705695752,0.008828569765045861,6.949971192275578e-05,0.002687243406977532,0.0014742543617949889,5,4
0.6264356644372137,0.004128594850949739,0.021456209076020694,0.0042843189625958004,0.00921240681090002,0.104020141125366,0.07284555665085035,0.023233827897293224,0.0049041438739786235,0.12947913631483188,0,4
0.019678826156504205,0.0015650306552813316,0.018463581703191803,0.10374882296258041,0.5373025305999068,0.2423956763486693,0.020257591992290946,0.001219065300972042,0.0006722361360821231,0.05469663814452111,4,4
0.025341880603546946,0.0028609351050304273,0.04034811043561114,0.0017725773427785284,0.2563806655640442,0.6635573052373401,0.0004696798515136057,0.00037110331475608845,0.0018925161678160834,0.00700522637756285,5,4
0.018543435925693377,0.02636987996549697,0.004765216751389405,0.005686757287079712,0.6679770425491434,0.21722606199287395,0.05192746952788593,0.0016938915734386916,5.149439433290599e-05,0.005758750032665625,4,4
0.17454348926651672,0.0012482941644801114,0.41915876578187633,0.19388034214783623,0.030307954958943038,0.1298334587091902,0.00014111693593033472,0.00015361355777627976,0.03969521604881625,0.011037748428634553,2,4
0.008803138753296096,6.225906968777419e-05,0.013789039498426086,0.0036435065114233853,0.05337924441786918,0.11754268412668695,0.0070810717571393456,0.028749625948545222,4.261929973165325e-05,0.7669068106171942,9,4
0.018149804369305245,0.006505034564920033,0.0035610187102703018,0.001807136163740221,0.4488206242994268,0.477057554923898,0.006929964742914968,0.005029451579189227,4.2628574939776795e-06,0.03213514778884109,5,4
0.004255715459012218,0.0027240303521327137,0.0007900501167863708,0.003978464294330964,0.8791023124065653,0.015273671860336683,0.0049531426044331466,0.005821073230932762,8.680953827301954e-06,0.0830928587216425,4,4
0.0007594404123225914,0.0032679421947192757,0.0014522914769186208,0.0015981365865000937,0.9164806045532415,0.0571794779995387,0.01826354487014902,0.00028403965802325484,0.00025301116351651617,0.0004615110850704618,4,4
0.08863696491776561,0.000678608427343525,0.033599284018299536,0.03649836771647446,0.20621095906193654,0.5905617918116483,0.02054169122601531,0.0007431735989236582,0.0009774462669333243,0.02155171295465982,5,4
0.020951545089901446,0.20030209427668844,0.2505431899883487,0.0013719568200086252,0.41778780485505024,0.07992178340650771,0.006026915296223173,2.470324265679839e-05,0.02265087605131825,0.00041913097329667316,4,4
0.012195338644739654,0.00041150969599128105,0.08973946948726316,0.03692994230616231,0.7977126494806115,0.057921947060439766,0.0015362311356273315,6.260678664089594e-05,0.0009625898763287464,0.0025277155261955557,4,4
0.0006401793147546856,9.139832625794314e-06,0.00041764731619406035,7.982172996907559e-05,0.9591140916379527,0.005406317657456969,0.0002938539986422123,0.031805943891848654,1.4965512953841168e-05,0.002218039107601956,4,4
0.020135478428567777,0.007570951646713947,0.07155580738959497,0.02633171295848035,0.18003217629263926,0.6721903281936922,0.006964551472648382,0.00012808333687909016,0.006421604844725341,0.008669305436058577,5,4
0.010683685598518636,0.0009315118405819865,0.04309149651561771,0.02650940145568357,0.8667849596196805,0.03688679258689238,0.00010103794684698286,5.094159423401071e-05,0.01371283330927904,0.0012473395326653989,4,4
0.5263863649451826,0.0037285330233837893,0.18803726917516556,0.0647745914580954,0.05635360580305926,0.11096943625045365,0.0014402974995855534,0.001319822652353149,0.004122998693561056,0.04286708049915993,0,4
0.28655533532459615,0.00020955746842413544,0.004391711611167708,0.0052729836555996095,0.21084952381512895,0.04392687031765825,0.023027631825920363,0.3302043789371718,3.2261130801394484e-05,0.09552974591353176,7,4
0.05366843651080952,0.0033724380312180986,0.5992098641408277,0.02640783212911084,0.13150228097342626,0.18094025472688646,0.002440114168711604,4.390125462477385e-05,0.0016041912394392727,0.0008106868249454257,2,4
0.5015977732049732,0.0006273875576595381,0.010097577944546488,0.04491998353202097,0.04628814283640873,0.015802081388698767,0.031286414834413266,0.07875773642005324,0.0001502254436072791,0.27047267683761833,0,4
0.5362763844009627,0.0007134521119909081,0.021796172904547124,0.02237554898533382,0.2004641145805342,0.11485052016125451,0.03275126050597425,0.004236303858132749,0.002866964704529195,0.06366927778674046,0,4
0.07970104507820355,0.00021189928153721182,0.7590168226199786,0.044296629825433344,0.029820311927296006,0.06925442527840246,0.0015891646144764466,0.000272884035462174,0.0022733926451208968,0.013563424694089528,2,4
0.0010452939244764156,0.0032669779089532056,0.003355351102693775,0.00015018360430432736,0.9846173241365792,0.004802580130828437,0.0014310559670244983,1.4418796195779783e-05,0.0012975188607137222,1.929556823055321e-05,4,4
0.05844720516352888,0.006516695027333551,0.009290754680084659,0.00937598093770109,0.2547814115520441,0.6337137701363033,0.018695730304787495,0.0007393941390815693,0.00012106547718848926,0.008317992581947011,5,4
0.03317304746647975,0.001428697891475766,0.3201744922854291,0.004460119554614168,0.025402566015136664,0.5624877683178227,0.0003416463787861981,0.004559500067159108,0.02939632265034799,0.01857583937274873,5,4
0.10892146756929448,0.0017875059244261957,0.13498905416605084,0.005983428712304201,0.2895764724178164,0.4486794278145715,0.00010972502322591713,2.350995338499349e-05,0.004705937009209711,0.005223471409715906,5,4
0.04371048364159187,0.0014958493199935653,0.0019340026309784663,0.025755640102681394,0.5788992929872023,0.018643088378983066,0.23003985363033533,0.01535735201787494,6.181339385025847e-06,0.08415825595097404,4,4
0.022981521524337235,0.0018700601789357982,0.015133902074134854,0.009213669545434676,0.833771161492703,0.09915009172863913,0.016923494272206154,0.00010112337305475191,0.0005444589240201091,0.00031051688653413304,4,4
0.000693580606841713,9.717408873735388e-06,0.0011640002527614393,0.00011461313414689579,0.978216043123251,0.011278995685516591,0.003047782468766206,0.0030177203880018327,1.1044687661908991e-05,0.00244650224417893,4,4
0.016554437314435462,0.005438148211038709,0.15734267061043872,0.00170151188284721,0.8030139649260652,0.012800331595971154,1.3081753400680393e-05,1.3007449067076562e-05,0.0018538130283074618,0.0012690332284282446,4,4
0.0053132226020928775,0.001429198974019031,0.0029385873292818903,0.0005187371392009689,0.9428384211805229,0.04352432684445685,0.0008091886166715795,6.932219242527227e-06,0.001200341725134901,0.0014210433693766125,4,4
0.0095785688397144,0.0017139995499723406,0.0176177981142246,0.007357954600553518,0.9118805079075434,0.04683177193177797,0.004126868467417015,1.9423632614675603e-05,0.0007561421978984564,0.00011696475828390224,4,4
0.15063824443366064,0.005244409931811035,0.007411346224546237,0.14591647077645328,0.5687659041747594,0.08870700043262501,0.01571642530245946,0.0023761029037168064,5.061654688431342e-05,0.015173479273083905,4,4
0.019141706206905296,0.0123112685692425,0.08466890023898457,0.0012365560883984572,0.8111717983953008,0.01182943225551817,0.00044408689723048853,3.24721584137805e-05,0.05907872833057508,8.505085943079116e-05,4,4
0.021746676461135536,0.0011349439657257956,0.019174942588183374,0.021857463760300573,0.5516570126457194,0.277746399544786,0.09911203298267371,0.0011429816648704353,0.0003463179328448467,0.0060812284537604365,4,4
0.04634859922648884,0.022144429887963994,0.027269514420044487,0.013754590893431624,0.6708913398232801,0.21174842518144033,0.0018447332744505308,0.0008593828871375695,0.00026902271398645275,0.00486996169177611,4,4
0.011043687022146215,0.001446701112861941,0.010115759889020512,0.0015094812195386434,0.8971531226382751,0.0698621586989953,0.004988084216459241,0.00042734220367121774,0.0002133131308153029,0.0032403498682165455,4,4
0.007494465092062864,0.0039344928403253435,0.03539550589524599,0.21058685585814796,0.556948505145466,0.12301177113238035,0.061030303852058126,0.00014698184375014519,0.00025827244110250346,0.0011928458994607482,4,4
0.04085657777758487,0.00015908453200170027,0.6937475933011136,0.08341347337173348,0.01729867729884638,0.14883247100822644,0.004988337332962089,0.0002805344153921877,0.006747411552311188,0.0036758394098280796,2,4
0.18887691916814678,0.009344735905492842,0.1269913800034397,0.00983782702198279,0.040743833288186405,0.47671104130096315,0.0008043439753958063,0.0016571763609872165,0.14272570650309105,0.0023070364723141905,5,4
0.005225409770927786,0.002603991007802113,0.006856619596716089,0.0009257748847524361,0.9234461883630016,0.054970775231516916,0.0042965292576997065,0.0002344397865138243,0.0012803163355497406,0.00015995576551958813,4,4
0.007958049001362232,0.0038654300642085573,0.02212687031065852,0.010218691924698046,0.6874513697673048,0.2211705095390672,0.02855406660284561,0.003136507864622981,0.01375175355086539,0.0017667513743666902,4,4
0.014301206578025551,0.004287142359470619,0.02496047436783285,0.0030933951116994206,0.3807381311475418,0.562424338896736,0.008696793094996557,0.00016497633443945207,0.0007396982841079027,0.0005938438251495985,5,4
0.18671836539795827,0.00975377031974764,0.10661201737839111,0.01534876606401369,0.023971039808495305,0.6427736945894096,0.003357893425177906,0.0005832183080136427,0.006679545817985234,0.004201688890807703,5,4
0.04624041124670591,0.012703101448399881,0.2736627267717828,0.006796352657850852,0.02475058690914984,0.5215079306925244,0.0001910642177732475,0.00182136172893847,0.1095567226765805,0.0027697416502940617,5,4
0.015791544228839677,0.004179346034130105,0.003627190309693893,0.012266719947295968,0.8361374199171202,0.08588987033530862,0.023564867652467666,7.184997537916219e-05,0.0005003357857239141,0.01797085581404079,4,4
0.5678067302238192,0.0024330116408698287,0.24374984648187392,0.003639709152442154,0.041781420528397964,0.06436027562599607,0.0008441283502820579,0.013763516823006965,0.01399015019628357,0.047631210977028285,0,4
0.011287685861330212,0.004786809334050216,0.03367390513681731,0.006155061570990609,0.8214799338073041,0.04825069757122004,7.355063054049372e-05,4.563631959687779e-05,0.07348257652620468,0.0007641432419456303,4,4
0.09014831696534971,0.002547072950317669,0.003086426916591433,0.0031663937224586094,0.7717310843364139,0.02798419934416197,0.008651807714524748,0.006968475540270756,8.79331270761304e-05,0.08562828938283504,4,4
0.00047799529880504613,0.004117968243457306,0.000781199947559041,0.0007078127906755561,0.9126246399238864,0.008092021785515971,0.07276418948622228,0.00016301932837021793,0.00021281851595814154,5.83346795500782e-05,4,4
0.35258413712551173,0.00960526453574882,0.1130438606095067,0.03502893749863168,0.08974606104862413,0.3785652285713832,0.006826182313076382,0.0024821894987029436,0.0033322373069946238,0.008785901491819598,5,4
0.016430409250411226,0.003418202698165843,0.11546462383446678,0.0856300141970237,0.653774119639711,0.08508467946958162,0.024921935156168175,7.20921560103972e-05,0.0001338811371670843,0.015070042461294127,4,4
0.06882685502986186,0.009652387927841365,0.009091957754036512,0.003720859097562834,0.2773389346320583,0.6091986218984271,0.00627066309938229,0.004241828183512741,0.0037071080396008354,0.0079507843377163,5,4
0.019483043398181774,0.006869289579942722,0.006934571309659897,0.006223833828065711,0.8698913716074755,0.045460152858971356,0.044364616345051164,0.00014964835664176335,0.00030170913717716746,0.0003217635788329823,4,4
0.01732792374574716,2.0260497183687418e-05,0.001613569419161943,0.00011203556326089774,0.9263918376448259,0.014430610792559024,0.002600653001214524,0.027985418687164875,1.2122510800127378e-05,0.009505568138081889,4,4
0.7673838035792795,0.002715923717975635,0.03090775535164557,0.0013804127426849673,0.018903152502995665,0.14359006821533596,0.0015802523337128352,0.005551587228083039,0.01430849192022151,0.013678552408065404,0,4
0.02008273242772195,0.017434227384616266,0.0036222727774796798,0.001088477405539326,0.41402072305661974,0.5313055892366298,0.007337012378633229,0.0003593666654563817,0.0003767187415453559,0.00437287992575839,5,4
0.010369062601636085,0.0008293227977726389,0.00043806741340281295,0.0018208629741032114,0.8998601785808619,0.010933371883070675,0.041169985442691584,0.025369086513086347,3.811369371117306e-06,0.00920625042400353,4,4
0.05934114189526242,0.0016032219052798855,0.38103337276052446,0.016819789428904917,0.16428381733163847,0.36361688205867654,0.0002041230434057753,0.00015328167334866736,0.0056109112669526515,0.007333458636006408,2,4
0.19753240936454072,0.009185085853564288,0.3745559081404751,0.026087371312628192,0.031268478386039085,0.2849107442771224,7.158922225128275e-05,0.0007628111844224495,0.003866533470575381,0.07175906878838118,2,4
0.25644660553659276,0.006194091398654802,0.007656581813413812,0.09188131989670302,0.029853841736484445,0.021008899238813338,0.001582110392594861,0.007034897759710973,0.00036166275026912076,0.5779799894767629,9,4
0.006111945700600403,0.009543880327645238,0.008994621025396915,0.014545555370785548,0.8714895635310023,0.06458680487510418,0.02185775582388507,0.0005452881179867913,0.00031066791219655715,0.0020139173153971564,4,4
0.49628462468732876,0.0005145656469469865,0.04446695885575805,0.051185615301444595,0.2598521275006046,0.06048561338169893,0.004907632734902192,0.004564744668377535,0.0003551129391350501,0.07738300428380325,0,4
0.061020975381798064,0.008527538463349036,0.07777148688620583,0.004361448032422348,0.40092192409248645,0.2909879161053868,0.14811321462994248,0.0009273498265257514,0.00010982151991395528,0.007258325061969186,4,4
0.0033904122563481855,0.00011885513622764051,0.03785101094970794,0.0035042654755223766,0.027783404710543982,0.20678483963517585,0.006547295849722306,0.0550637769419242,0.00012091208221434312,0.6588352269626131,9,4
0.035329455604525925,0.005399496270678188,0.11220850665593299,0.018736755290110072,0.4909503503388358,0.3302311761246768,0.0015933261117010563,4.604786844184467e-05,0.0037830599355944336,0.0017218257995029948,4,4
0.02033885376147274,0.00279537971443826,0.010743892540271055,0.003716806439566336,0.8234745588142725,0.1126265897741755,0.0255350372222681,2.3876483816988036e-05,0.00015868634010249654,0.0005863189096161211,4,4
0.4534676134333456,0.0046377913771552875,0.25910418686654574,0.11609381033777569,0.054749949812896576,0.061876585662653874,0.00012406273320591268,0.0005228731849179359,0.04436913380410015,0.005053992787403334,0,4
0.12316581061397161,0.008987769758329763,0.003046595425305813,0.00327085401534595,0.7938818934004447,0.05907327550516685,0.004977213652515215,0.00018545641501064013,0.00024784162625031013,0.0031632895876591905,4,4
0.019527215681569607,0.00369024340086923,0.011439516906382308,0.017948404522878672,0.7601074833279463,0.15391866055994297,0.021019243427694297,9.457134006450581e-05,0.0026351451178283566,0.009619515714823775,4,4
0.007830384802577557,0.0008967064811563742,0.03516841508431778,0.035094320002008045,0.31691673994919306,0.5420362209699782,0.05096731713336955,0.002594166859960435,0.0003460425381144955,0.008149686179324536,5,4
0.09227333537664226,0.003594456433181123,0.5030113626858086,0.033438121656906385,0.1812127652778677,0.17940007708894185,0.003968871104841252,2.889318013145033e-05,0.0023686225844838952,0.0007034946111954325,2,4
0.2665140064277174,0.002025089386517396,0.020141118779135055,0.003409637458513092,0.09809328351055535,0.5877800342862638,0.006987905779699554,0.0018107022788923137,0.0019940887281487346,0.01124413336455729,5,4
0.04763034625811087,0.0052756088246216,0.0037852236034178408,0.012901644244780613,0.7673120251149902,0.08590302016096776,0.017278872624693076,0.027289471225640016,0.0007231915629771006,0.03190059637980089,4,4
0.0029767362548837927,0.007155982492336505,0.009357450515016533,0.0009873624676463451,0.9238677600518695,0.044868905172587494,0.009540440473003974,2.063416983019557e-05,0.0010977501223929625,0.0001269782804328583,4,4
0.0006430540315013578,5.686537553182287e-06,0.00037874091201733223,5.842885124632914e-05,0.97413882412577,0.0023499339503237006,0.0008627336731104529,0.02020687705807393,8.711694666704114e-06,0.001347009165737148,4,4
0.057876489597267995,0.0008104732518540428,0.38192793587190793,0.0035895935779898407,0.041821292398212695,0.49854798035819264,0.0002517874953530548,0.0003486222855979564,0.00478061737858959,0.010045207785034285,5,4
0.007825839680103135,0.01419445395714762,0.01496722593754432,0.0007173999978230978,0.9407229476779,0.011868601591559365,0.0012743097008545458,1.1814553398627646e-05,0.007279614252689885,0.0011377926509795121,4,4
0.01568902619415459,0.0016118367818866541,0.011791970658537482,0.0014743714081446749,0.8175764451092251,0.11460771764120983,0.030262710920593225,0.004513860761218103,0.00013627078883419213,0.002335789736196242,4,4
0.11673220069008197,0.0018306491924358985,0.008330102952621038,0.03547934231179653,0.08387999501210353,0.04721054954786488,0.0021951930163171198,0.0018479107843539498,0.0005394024439388348,0.7019546540484864,9,4
0.007941558113184238,0.011162188217517948,0.05779491587222948,0.0021694424999959515,0.750685784463035,0.11633792894387772,0.0019810218193996284,5.815810992041925e-05,0.05158523599614204,0.0002837659646976891,4,4
0.01709887798638866,0.006746123441291255,0.1334800223968505,0.003687528422175596,0.7164411877303417,0.11274279499199241,0.00016437723723687197,1.9990592591462253e-05,0.009113794026318553,0.000505303174812996,4,4
0.059656511479051745,0.010140852897306445,0.6862524540744539,0.0024289788371087482,0.14048676974657082,0.025259430089489582,0.0005855640959998868,1.8907934760336573e-05,0.07503021029001847,0.00014032055524004222,2,4
0.016339771755826554,0.007759190374462023,0.06883182079806242,0.006771953254947439,0.6263676707382869,0.2440623680981492,0.02814868667191889,0.00014090109184284916,0.0006940632052783197,0.0008835740112254887,4,4
0.022988596594592663,0.0025037446107564797,0.028432455826682985,0.0016049205315350535,0.5122903554086503,0.4162078451909403,0.005933958763258173,0.0016559642781557124,0.0006928637016871095,0.0076892950937412045,4,4
0.004290443362208268,0.0005029031570838278,0.00045663410823469424,0.00109104785369872,0.9105124665697658,0.03429631640671096,0.03958407564404497,0.0002226369375867391,4.537412704605669e-06,0.009038938547961525,4,4
0.08192465410139323,0.0012111352975307443,0.10505206530388725,0.11513114249027427,0.377038352448522,0.16734854731049362,0.0025077296956823795,0.00010072199123475076,0.0015622724954500677,0.14812337886553162,4,4
0.012417694044219755,0.003670073874716794,0.03432105871836598,0.050835648698432254,0.8487469630322148,0.04311356735957786,0.0039171274111299455,1.961681018144159e-05,0.0025995292858746587,0.0003587207652866526,4,4
0.09976381179458195,0.012059384926424424,0.3483729068320636,0.008108795958577154,0.12533471564823268,0.3932570962187219,0.004914114918816413,5.613535463681954e-05,0.00662854173127383,0.0015044966166712754,5,4
0.017506365933286437,0.0010667974654771939,0.00500596739734223,0.0008316438201557047,0.7303360790006433,0.2207827623007181,0.0031613185147833225,0.000380939643873836,5.929039679997007e-05,0.02086883552691981,4,4
0.19779766134658833,0.0025945996032869455,0.0610062475109826,0.007414422502860314,0.2546147873756919,0.43237244472480646,0.0012166601739665931,0.0001199185626601869,0.004229201080337834,0.038634057118818774,5,4
0.030771949292075735,0.0019538311420253954,0.05470453236957119,0.1435587222187005,0.1516494193492458,0.4992278000556594,0.04568535015180313,0.0007315968519221605,0.0002735293583653692,0.07144326921063117,5,4
0.09451242865875045,0.00010055649477718937,0.012354230603691356,0.045312433856816124,0.03753230129479765,0.03358238843533824,0.011881114366682675,0.0034728232594128934,2.4005485797795588e-05,0.7612277175439358,9,4
0.0028432635463660747,0.0020449815866523642,0.0022803384366798804,0.00037983882985249647,0.9700096475294685,0.017864056653320096,0.0006632345505115114,5.915346321605214e-06,0.00022743465268640513,0.003681288868141331,4,4
0.06591933245224071,0.0007801308728038202,0.4927322232410051,0.11556853013431312,0.17569612157418113,0.14037151639566475,0.00031861618262707804,0.00011894926008009726,0.004987839729167882,0.003506740157916493,2,4
0.17422294056670154,0.006085437545346031,0.16185855568287455,0.005663384308346531,0.12418476947219609,0.49118125335325724,0.00025176707753563304,4.1886106113020956e-05,0.03445890905707132,0.00205109683055812,5,4
0.003602815947968516,0.0001936525992437868,0.016311727806094054,0.01797815439991391,0.8258712743082467,0.12531295037940576,0.003494534451177588,3.3324030234306705e-05,0.00028944654432434163,0.006912119533391194,4,4
0.007458495708351391,0.009632274077027526,0.028389619607590524,0.015331576013654293,0.9067094670665186,0.026636734503664144,0.0038269869309934994,1.7411070106702127e-05,0.001852389672567302,0.00014504534952603293,4,4
0.0007107438728753201,0.0004313748456676939,0.000355365532662464,8.951910848167588e-05,0.988344267105487,0.0037597840145197244,0.005540183311916368,0.00026662157065790654,6.077283665532043e-06,0.0004960633540663521,4,4
0.15926033532885064,0.0026238276792393553,0.3035023093555951,0.01049924262525359,0.0080285648693621,0.3377330397576386,0.00021637586887224747,2.791382297682905e-05,0.17760177509121622,0.0005066156009952868,5,4
0.05794644539589995,0.000262574989433875,0.21909442084419806,0.09329291372481863,0.3822654149121155,0.22728799486781953,0.0037464202715636204,0.0002047467635735166,0.0014757020531726902,0.01442336617740463,4,4
0.11857795485750751,0.005014875377013344,0.0676503576638907,0.387339613111167,0.18632235317835769,0.0740528376481606,0.005481587712142466,0.05448011602465457,3.493171119095494e-05,0.10104537271591515,3,4
0.10501790408957047,0.02600444892617678,0.15459350348053696,0.0196471836500947,0.2739048346801466,0.4090457657207727,0.006354837369729016,0.0005356707490431855,0.0002336775526608781,0.004662173781268574,5,4
0.031080078402831633,0.008916371367685022,0.19305313347544215,0.0006566800576242299,0.7280335914863733,0.026115546923913706,2.202862598107408e-05,1.301277397952017e-05,0.011881095468260997,0.00022846141790825613,4,4
0.02017890461307751,0.0012320176680776485,0.0007302412696406034,0.001251593066349831,0.8582137357437617,0.02408172146875954,0.07722287933423938,0.0004295867400300192,5.4688392211031524e-06,0.016653851256842656,4,4
0.05317322509154285,0.0027598149338550655,0.010495581673096836,0.0034919774416572354,0.6344142195673595,0.28611255766781957,0.0009215347384061071,5.425528367330658e-05,0.0005277364558431034,0.008049097146746429,4,4
0.03734277229454133,4.972098733628012e-05,0.030554150435024952,0.5692414451942052,0.18141852494013544,0.13084784790152443,0.017984853753182824,0.005538129258279796,0.0010540880879685768,0.025968467147801287,3,4
0.01636007744966066,0.005135465339064397,0.018301974383021745,0.0026196023740166436,0.5860158943648285,0.2209371168289282,0.06475949543941178,0.059591960171746956,0.0017647580866794717,0.024513655562641817,4,4
0.005679337537399876,0.001907273432347303,0.019072057281103897,0.01947296080626348,0.885766260724463,0.05098515934342567,0.01616125807941189,1.9175893733600024e-05,0.0003344924150587074,0.0006020244867924442,4,4
0.030835846883898486,0.008913675902564054,0.07493812431730444,0.008350585652363504,0.07593942290253627,0.7786712264920406,0.006695292461658569,0.00016313761657126032,0.014235429408964238,0.0012572583620986547,5,4
0.24936540982533506,0.0008158434638417969,0.012777728064202434,0.04664257303286458,0.5358307314762601,0.06657595515303255,0.020460221184751156,0.010368649165094428,0.0010483491775572775,0.05611453945706058,4,4
0.0038225511951094178,0.010327974253214292,0.014140607632863886,0.0006403870517493681,0.9114380474560616,0.04782179015187437,0.005399581375545087,0.0001279674573180999,0.0014981926374572187,0.0047829007888068814,4,4
0.3287377183978229,0.02538999299770269,0.2817137349885519,0.031153816570629596,0.07695439425431294,0.24020888133198917,0.00072852799034501,0.00012643091177657066,0.007580212304777255,0.007406290252092069,0,4
0.00758902938750463,0.0017557607383449781,0.002912441131634069,0.0018218137114819175,0.8987716235445309,0.07536364554237168,0.0017817338595409085,0.0003316657315884544,0.0002040369313307313,0.009468249421671737,4,4
0.18000290339417266,0.020781387499812697,0.014177842707838402,0.04683540247444051,0.3539824805154205,0.3125471116860807,0.035589125922641955,0.014726756706379154,0.0002495660259339563,0.021107423067279557,4,4
0.013423258811436481,0.008135400532946773,0.011232127985092474,0.11250144282730007,0.7660920605021273,0.08140735068389132,0.004656088844567122,9.17820974341204e-05,0.00018456945990329713,0.0022759182553009944,4,4
0.03224676703820457,0.0042748678021515205,0.052874326475688946,0.002196323656003349,0.7413636627932843,0.13386537358671893,0.003696405789412365,5.348792329523122e-05,6.14974577791416e-05,0.029367287477461833,4,4
0.041208809784042774,0.33928356955074096,0.3345400748261445,0.005619642555023039,0.0833858545642151,0.08776584210308037,0.0033464500847764328,2.1569606399400674e-05,0.1046281609698394,0.00020002595573811527,1,4
0.0008184456631665977,0.00023542072127626259,0.003019540753861911,0.0029206622627140164,0.6525643261720302,0.0080768522774286,0.3314249357782682,0.0007153406349177469,6.872347087736814e-05,0.00015575226545927505,4,4
0.037142937833945566,0.00553806677228828,0.06606036926916409,0.005132804462522986,0.5004611020365621,0.37006899622940514,0.0029366544167197875,0.0006086205381190691,0.0015215001295343443,0.010528948311738817,4,4
0.11596203157988119,0.0331852772966518,0.4087200337005729,0.01908822114312591,0.33261408298731127,0.07743549486051898,8.81442607688529e-05,0.00017212700814698623,0.008398382557568378,0.004336204605453768,2,4
0.016585821181259435,0.001337005776138805,0.01847026666860538,0.0024120156187037506,0.6673936673691931,0.28737408995329566,0.0017800054451105388,6.63957031604922e-05,0.0038007033863807728,0.0007800288981522538,4,4
0.06642067990870287,0.0122757964561552,0.009915819081292262,0.022807371214237728,0.761382775467913,0.0861299984568855,0.03466511041154607,0.0005087376871319085,4.805800515241934e-05,0.005845653310983183,4,4
0.002533969526687319,0.002353543284816413,0.0010251381930091205,0.006595243288837501,0.8685957414624341,0.011299845012522947,0.017665460622234088,0.004249641744793348,9.276944662673775e-06,0.08567213992000261,4,4
0.10650900485478691,0.0004429253105099591,0.708476019285831,0.016980085805207504,0.0226019288822288,0.1332515128553809,0.0009339580403985023,0.0009024432698923819,0.0035266751882145203,0.006375446507549485,2,4
0.6367010593338969,0.012064326918384938,0.017010476682893235,0.04394684802747692,0.12681720568850613,0.13482490465591293,0.004381579042989268,0.0024966533059676966,0.00031681612693952685,0.021440130217032585,0,4
0.06070827616924466,0.0010488199840477475,0.025016844234829617,0.35620129992180166,0.02671573300160412,0.03352753862478508,0.0016367445362704131,0.0017375322120489814,1.3221283268950559e-05,0.49339399003209883,9,4
0.010027140246187945,0.0074191889206769775,0.004947065978783818,0.000782531187149009,0.8734270557291668,0.09198896933369966,0.0042699195359215064,0.0002971563388933398,7.529879680886595e-05,0.00676567393271206,4,4
0.5156116599191896,0.0021072715492176266,0.059855154549114095,0.09032003020527735,0.0247419621912488,0.10699243941200914,0.0008834496165482876,0.007174612894683881,0.000290213334318164,0.19202320632839312,0,4
0.08970092035974385,0.002741836367727657,0.1050325387004795,0.0018830398712451383,0.19746966894931595,0.5776302929030555,0.0003854110649293408,3.400958941943822e-05,0.019410557005982345,0.005711725188101385,5,4
0.001136597238821363,0.0006684962298629299,0.0042986449278914615,0.0003001171045389805,0.9688093724367777,0.009597700784846105,0.0001373819666461247,1.2351505375856412e-05,0.015002937250160858,3.64005550791084e-05,4,4
0.026892830610596486,0.00042532059111702965,0.00042402086951225825,0.001987274876246405,0.9103646253049611,0.010962058468318329,0.020926921821173054,0.001052796270899433,1.9718351092620908e-05,0.026944432836083172,4,4
0.0058627513026177835,0.002478765481586989,0.004235741340095028,0.002289265510050879,0.7666106426865039,0.18644541167098164,0.028460294165265725,0.0010400597778117938,2.298149746015015e-05,0.0025540865676261216,4,4
0.003133495412825733,0.013639591822758475,0.015880299408006747,0.0007392974545158118,0.9172877543972158,0.03637107935236616,0.006733846898133564,0.00033380823507662483,0.0012305127742584313,0.004650314244842506,4,4
0.018767226752587973,0.0016174717961458176,0.010758597558816141,0.003003348603834931,0.45977041058339646,0.49215688652840633,0.0017590680026206141,0.0001847527165812499,0.0014528300629464961,0.010529407394664032,5,4
0.01117452238512243,0.0013168287097963408,0.08680080944160225,0.06271723114110903,0.7486283762151525,0.07623248145046166,0.0021584571608177,0.0001258569276068593,0.0007158309115298945,0.01012960565680133,4,4
0.00790953034576579,0.0036324362585786673,0.08576085633476192,0.0032851791375631202,0.8429682665952728,0.04297750957705038,1.2252044122615235e-05,6.409096728866525e-06,0.013411016442374763,3.654416778114596e-05,4,4
0.028511854787432258,0.004417278472533492,0.029954424148407294,0.0031943409969437,0.33201108605860574,0.5820256094762203,0.008276921672658775,0.0009324129110768343,0.0018777368081223812,0.008798334667999308,5,4
0.0042382677183874905,0.007440879608936184,0.02221384776119886,0.0031436988798007725,0.8260854337196678,0.11735933634114218,0.014156137469909508,0.00022471451503079846,0.004022417892524496,0.0011152660934020905,4,4
0.000771010955095216,0.002648714183905684,0.005204400118427188,0.0016121035077828138,0.9457156697669546,0.03182775638812159,0.009179125055823526,0.00031557157074517845,5.969780394444313e-05,0.002665950649199798,4,4
0.1178947994858898,0.0025893356267504414,0.15926310917960626,0.2109425421675385,0.041567965613874325,0.24596661657204047,0.0017028405958608099,0.12808453189064986,0.0007092564246161344,0.09127900244317322,5,4
0.052359658138910005,0.0017059270344323284,0.0231734132208501,0.002181098611718736,0.018990337630798746,0.8854815958401508,0.0017439417434057347,0.003637580428903928,0.0056829242878198545,0.005043523063009935,5,4
0.008550830005559774,0.00044804462952304977,0.010746277235427336,0.0021880444633499653,0.8606841506529813,0.114641085055952,0.000344110612116029,2.256457031880474e-05,0.0019063336507928784,0.00046855912397891227,4,4
0.005960823904451932,0.00018053144921940237,0.021575012637277978,0.015479507872388582,0.925899753164259,0.02800710034891985,0.0004021214828405355,0.00010757699997880084,0.001196650740021424,0.0011909214006426683,4,4
0.0028604192088778685,0.0004556317488958161,0.0031962842953556325,0.0003674069909900977,0.9672244609285848,0.019663710449648354,0.002716248226378681,0.0002010941430863513,2.3746282241626147e-05,0.0032909977259408915,4,4
0.18025534156676407,0.0016639251490975378,0.007601512492491085,0.007148298089501053,0.305318065760156,0.44376936734994515,0.034121688201617845,0.002706702049270401,0.0011109958653090204,0.016304103475847754,5,4
0.18159179017681396,0.0025779740165713253,0.37537375076194784,0.0012966571672318149,0.3394567419916458,0.09528136626350811,0.0001865628547630906,6.734131490959947e-05,0.002895862417180803,0.0012719530354274448,2,4
0.06711638489428787,0.008460084845788057,0.0072547716478820875,0.0023192579685864106,0.11466351481224199,0.763680741006585,0.006114778650066971,0.0036707947178404978,0.0002697659614356616,0.026449905495285458,5,4
0.35830297811632594,0.00481144390408869,0.002406120022193579,0.09991887255115255,0.2992193826368188,0.16632135692922873,0.012117319905075157,0.0029274078183388185,5.975767605116517e-05,0.0539153604407266,0,4
0.0021567342684456186,0.0082985503782623,0.006554794924073279,0.003942736208401898,0.8528918968635646,0.10677363960443689,0.013600651838638459,0.0002582011577395343,0.0007958161399695309,0.004726978616468064,4,4
0.052900686563293296,0.04738886121337976,0.08650546819062441,0.030500154231109636,0.17288094509780713,0.5183797933193892,0.08537989729543644,0.0031582786042290614,0.00035144273231195103,0.0025544727524191785,5,4
0.09661547872017826,0.0016279621095269918,0.4299899301211306,0.011256491002578667,0.045970317225942,0.36454159089837135,0.0014006167251690556,0.0035908242004244447,0.009330154106984543,0.035676634889694275,2,4
0.007927943148679435,0.0021613841189541028,0.0421374229350756,0.008229494445140921,0.8424602921817065,0.08605836347859766,0.003748961656746512,2.9955012712647253e-05,0.005775104163353338,0.0014710788590335507,4,4
0.10303454609920419,0.0015676588080104357,0.01659188925082919,0.20852708645575352,0.1475586326554505,0.0949796094152604,0.01663014359200964,0.012998848088791655,0.00011151740443539335,0.3980000682302552,9,4
0.0016217238089016347,0.002921386091053895,0.008207006334659091,0.0007302985692394984,0.9466294669076892,0.03024419175012908,0.0009363700090137966,5.4392012372912765e-06,0.008688012800718615,1.6104527358060012e-05,4,4
0.014732236311739758,0.0010021129144057997,0.006245763684219211,0.0006776423424369328,0.7595353809942434,0.21416089114873954,0.0014681510360969488,0.00014905936840096576,0.0007931446454515653,0.0012356175542659375,4,4
0.18379632131283638,0.0015074348850427364,0.026502812952838836,0.04365075475445926,0.5550787929034305,0.08892592413578748,0.029061098666589805,0.02661992805374014,0.0006879565614547721,0.04416897577382005,4,4
0.027061537670829295,0.003563016810726058,0.5762887257464668,0.0351166987224742,0.06993639454827752,0.030948428498195242,0.00044129156247917783,0.00043265589977848425,0.0002722133352791899,0.25593903720549405,2,4
0.005820012066153027,0.00434068587045376,0.015230226093895804,0.008755416398931484,0.9182618440854075,0.04245634371003624,0.004306667329402481,2.7469170562693835e-05,0.0007163248086960739,8.501046646096656e-05,4,4
0.04401304754608498,0.00298695799091393,0.004308445921065956,0.026199963933139222,0.15509335170754895,0.010014864221182208,0.0029964474104216465,0.014423861970430652,6.414900769636e-05,0.7398989102915161,9,4
0.017213357309723835,0.0009285343364036077,0.08230491681285027,0.01977709975125712,0.805948629796006,0.060413437162163526,0.0001124771842747485,3.4659716170442626e-05,0.01218844640266557,0.0010784415284851656,4,4
0.07986942125210722,0.006450586909970718,0.018086083071549505,0.005983960101305077,0.03366388484690934,0.8087538523816833,0.03064372487530821,0.0064828085133720546,0.0061501170353179015,0.0039155610124766965,5,4
0.15921538188667267,0.008684911686731123,0.6765454380869645,0.012189504812427907,0.030626538412003766,0.10034705594314866,0.0001416379235982587,9.38328275459751e-05,0.007965506104353162,0.004190192316554051,2,4
0.09772116302827041,0.0006208413892930137,0.13378618495190023,0.033719693823585715,0.0504079561814535,0.6631655228680978,0.0035837493840991186,0.0009549835301368394,0.0032487269672342514,0.012791177875929156,5,4
0.010184085365076673,0.003522571690216617,0.03195895003989467,0.02824537281219939,0.8763331908132097,0.04432322726934517,0.0035252996732011233,2.181245776485041e-05,0.0016113038900650307,0.0002741859890269846,4,4
0.007669680848153806,0.006445602555086287,0.03003516963091294,0.003676033040753342,0.7555902509918115,0.188375477974785,0.00467193151108951,3.440068350275137e-05,0.0032238593017810974,0.00027759346212374094,4,4
0.04243270710988678,0.005523992838467265,0.005972291357688946,0.0023545965978883005,0.5381948908563697,0.2972631935322087,0.025258550033283145,0.0022354420775555937,0.00022104477756485367,0.0805432908190869,4,4
0.011857876916053075,0.031038631342450933,0.027092531238789727,0.001871602653655824,0.8154532150740377,0.10744699598152353,0.001700893491202623,3.6844638789332304e-05,0.0026939754785244314,0.0008074331849732104,4,4
0.035929787922022643,0.00871106786022499,0.060555199963837916,0.0035184373059892653,0.3374751479451995,0.5480135671716412,0.001974687255582333,0.0001457673889292478,0.001140701688945443,0.002535635497627642,5,4
0.0241083838801519,0.0014483505624784659,0.012124160406603909,0.001150001444260306,0.6395575201343977,0.27100940048683714,0.011032165888643893,0.0005919664677497137,0.0003567533800682427,0.038621297348808876,4,4
0.03026162842260458,0.0013947798104713232,0.002867569374360568,0.0040495791272788465,0.5445951573364749,0.054753953745739825,0.18899789173089895,0.10290034381479693,3.196242526877521e-05,0.07014713421210535,4,4
0.034221357857262,9.345213209751736e-05,0.16746481819188846,0.03991648333946264,0.01725660754626116,0.7247815176403852,0.0002755397291837166,0.0001523402899557299,0.004085787427152759,0.011752095846350947,5,4
0.35232368879808146,0.0003270839574871913,0.011364509349487914,0.019887337366382457,0.41000754742505,0.05761215088053155,0.006568977280916509,0.03449889040989539,0.00025958283425841957,0.10715023169790908,4,4
0.12823748334319052,0.03250413220641231,0.7170478111295457,0.057116320584120285,0.027011590323891412,0.029241550818465877,0.00019178380353534997,2.946981558697308e-05,0.0038028560126489733,0.004817001962602625,2,4
0.032168871695276324,0.00955144027429078,0.055878280362112974,0.10827948435832029,0.40234830965248924,0.3150137772250427,0.07436633071317482,0.00019724110552204481,0.0010270173949878246,0.0011692472187830854,4,4
0.37418242563256005,0.0008819131061296045,0.17142480315836264,0.1767733276628547,0.01703623270216629,0.09659695607109924,0.0016356129112675673,0.0021707360743863664,3.5459092687101694e-05,0.15926253358848647,0,4
0.2102809857041838,8.959190133053629e-05,0.025910551294615003,0.05308840654482265,0.012839163751245872,0.04105266145189861,0.0007950889770842195,0.0011525635500494646,0.00013474687960204155,0.6546562399451678,9,4
0.20054558001310194,0.005424985634690396,0.10934140330765338,0.012627276228967192,0.4182226957975208,0.24239282305107673,0.0004691920709021955,6.366231355702364e-05,0.0025478440086954936,0.008364537573834997,4,4
0.029039417389971386,0.0024110901818217,0.009034551052528239,0.0027355997038973645,0.26785527830090394,0.2803261991507271,0.005503537327048021,0.0036430928196082503,0.0007322364466480025,0.39871899762684604,9,4
0.06247393546912033,0.0008476870591263878,0.4264337125123117,0.0470620679278648,0.04375282836215442,0.40426136823528375,0.0025115341708500873,0.00012174982942848972,0.008578062402243698,0.003957054031616408,2,4
0.1923422206484329,0.0071387824087542255,0.1577909582616997,0.0025126850878906862,0.13741460890460322,0.48884144410682323,0.003373302930358469,0.0010606407633769232,0.0020946756157231385,0.007430681272337548,5,4
0.30084059774703603,0.0012521095151552732,0.01702424328846956,0.059305700920807176,0.4016280109390595,0.14510880392493847,0.003875377146344813,0.0018109108092089353,0.0011258786012687074,0.0680283671077116,4,4
0.0077637606068611375,0.0009795359875783556,0.0009815878603335634,0.0012597146728852678,0.9120151994649041,0.017120937142645426,0.0028190638338180395,0.0030196581412289592,3.214326758398502e-06,0.054037327962986756,4,4
0.6322467801216313,0.016007935528959245,0.1881119999048228,0.02552873823857762,0.049344423922722924,0.06917914273306003,0.0001641368462644566,0.0015311594680500608,0.011563676710319916,0.006322006525591756,0,4
0.013824523211594109,0.002977635488285252,0.012180050538383983,0.0014612327329012816,0.46409024766509455,0.47402696541430245,0.021884855852795388,0.0005744972442398302,0.00023377927975178368,0.008746212572651364,5,4
0.010793207807846301,0.00031563099984492843,0.0004732020180465579,0.0025624593979594905,0.8736373872834754,0.02981988224542848,0.057325321533003716,0.001404526366305798,2.8862020184201054e-06,0.02366549614607099,4,4
0.08405415077448043,0.007715640918445798,0.02000363032608283,0.013589783649508965,0.6360550194108807,0.22512131198241678,0.005414536887810484,0.00017834860079197457,0.00048111497435754754,0.007386462475224531,4,4
0.02201097835491792,0.006233115715870492,0.24292479654793955,0.0050630498702783685,0.36211421046123676,0.31863359049884266,0.03668711692071333,0.00038739922383543323,0.00029011433653131774,0.0056556280698342835,4,4
0.027026052794290125,8.192173299237561e-05,0.014786018942808957,0.0016853533709972777,0.2030308835857547,0.7311595041659095,0.00946742908571146,7.391488399962582e-05,0.00022779259521424932,0.01246112884232184,5,4
0.04618649794440704,0.00587570456642164,0.6897649710757113,0.005704752499562895,0.06677889091869763,0.17833794592936267,0.00010527695682447502,2.77671411272142e-05,0.002134495658881829,0.0050836973090032786,2,4
0.015146410495339322,0.00660506130858862,0.003358772972777891,0.0028185595934320713,0.4021462448215248,0.5572630769357166,0.0017153451249359727,0.0003598447926255362,4.865310068109482e-05,0.010538030854378048,5,4
0.02248325383554616,0.00029860655002351315,0.03869504933667866,0.011458581335322899,0.10167925197658753,0.01705626158431392,0.0003991760322318642,0.00034180999143306834,0.00011271680430952192,0.8074752925535528,9,4
0.016368650092892813,0.01573827221622357,0.24929492563289185,0.015506665015807365,0.08485987407269041,0.6030121776464902,0.002016516789664779,6.328639847535519e-05,0.012163377412031221,0.0009762547228324778,5,4
0.09332395245566136,0.001160410410753761,0.010238570140351358,0.006792006886546607,0.013903716232076115,0.19721988454855716,0.03729356106639981,0.5553798561439418,0.00028190915056233896,0.08440613296514962,7,4
0.14665183182969027,0.0019830881076924652,0.07276113262726452,0.009918972539592629,0.35893083228499545,0.3806630680025918,0.0014885877309168036,0.0010246757339093025,0.006659067207569744,0.019918743935777066,5,4
0.16290607822888178,0.006104093822740072,0.02537161558247642,0.028514228807084485,0.12486520509023821,0.609783438782128,0.028483308588164735,0.0073348448590800745,0.0007746206916198216,0.0058625655475862855,5,4
0.004372130429782125,0.001059919723425011,0.002110507063987554,0.0009844858998089203,0.9416421700736755,0.03474628583614357,0.01401199816089603,0.00030912058581194764,0.0006022939962195136,0.000161088230249833,4,4
0.060226245189677424,0.003487917590576949,0.06552231519647744,0.15867247053930209,0.3314913231043912,0.2973101867217913,0.026229986154702872,0.002170639118750392,0.0019621866597975663,0.05292672972453283,4,4
0.011383068507906408,0.010904485080220462,0.003155377479015828,0.0016852892088027034,0.8975336573877196,0.06536810618433629,0.003972508034268818,0.0001947140479252763,0.00018107505545220064,0.005621719014352461,4,4
0.030995272528287827,0.001963443451692856,0.0246631067493703,0.018529124153283453,0.4893146383465678,0.39804068328937364,0.010274536490545935,0.00023017602127219292,0.00020309858203647755,0.025785920387569473,4,4
0.03215787851964377,0.004521786271864387,0.06529276035031831,0.0950501468040388,0.6647357227760068,0.1309372749387689,0.00432341235158643,4.5223604155230154e-05,0.0014645145046471952,0.0014712798789703768,4,4
0.534769670178333,0.00045740355979544817,0.048722920305827914,0.034574908683914995,0.10231225250249067,0.23905392458879735,0.005925677290886202,0.0035443965911913,0.0035390924451283202,0.027099753853634848,0,4
0.081845986774421,0.0005911897952090848,0.028540828219821658,0.00477255625262366,0.10574456614670269,0.7641702785173873,0.0004551097529335547,4.7820256933124644e-05,0.0006251292379765943,0.01320653504599157,5,4
0.031037116225626056,0.001303085878306247,0.0022521238025763266,0.00245350007799293,0.3323957848916928,0.5998358193503385,0.0024934377318742394,0.00035321584907332146,0.00021347795412861154,0.027662438238391075,5,4
0.005699660810697763,0.0021512433862558335,0.000766718944018555,0.0005580305952076411,0.8734666899086112,0.009196839608997615,0.018922497026477872,0.05202470292683846,9.238408468750564e-06,0.03720437838442637,4,4
0.14438743351818353,0.0027666869515241546,0.004067089655320692,0.013380184364382451,0.39755685389623713,0.28314092194224283,0.11761547510092595,0.021699146069601653,6.391529674252121e-05,0.015322293204839181,4,4
0.030303173224724388,0.006486606066727356,0.019126807819602708,0.016465402376394666,0.21835081722503927,0.6849106571679753,0.01846681042519549,0.004193918994687103,0.00045026704918800097,0.0012455396504657545,5,4
0.014797527765859523,0.0005582239170903422,0.0022735628975746837,0.0010394824295450788,0.9006597714790419,0.06924809256234399,0.01003489503739535,6.52489806822962e-05,0.00018526006863537272,0.0011379348618315945,4,4
0.02335681814682641,0.002312191721207253,0.03295474321613561,0.0017719357334571972,0.566437755995399,0.3694185422643968,0.0010265363577785039,0.00011431231462702833,0.0020112579921902716,0.0005959062579817589,4,4
0.4490261966225352,0.0027411011744617143,0.007791968066853337,0.009612942813515792,0.06171414861631508,0.41010188353988875,0.0037248563561899217,0.00395340130582272,0.002051939629184531,0.04928156187523286,0,4
0.2645326258024592,0.00259017600264513,0.3211437859370221,0.08610920686315507,0.023413774484890654,0.2848682085339713,0.0016922264228717801,0.0004894227312385109,0.007153825371897631,0.008006747849848509,2,4
0.013100363077412538,0.005637693639431353,0.06299011212718417,0.14826545928921592,0.6621194996189321,0.09836433891587021,0.005220884470305183,8.41301496461494e-05,0.0005299143702738466,0.0036876043417286117,4,4
0.00883681547976628,0.001333487709444679,0.0058027644051755305,0.00722529804889189,0.5435040979794988,0.1808788194885046,0.23306291207251498,0.0005777111550807526,1.286242679457114e-05,0.018765231234327964,4,4
0.03877866589648415,0.00326178182221747,0.05826884202126394,0.001415871185896396,0.6445616257382691,0.2470246823931364,0.0007112647073731619,0.0004916742237769672,0.0017485482165221925,0.0037370437950602397,4,4
0.10734414368087114,0.0025026746255606275,0.643468081249845,0.0025947049141507223,0.11524174265119927,0.12257516357179482,9.934082842266255e-05,8.771309985557625e-05,0.0036726535847248355,0.002413781793575591,2,4
0.00250831566334469,0.020522058718708578,0.017095416754908714,0.00026712532894491113,0.9473456815398875,0.0073756870812573,0.0005164138555853715,1.755590393959023e-05,0.003947255451278163,0.0004044897021453667,4,4
0.16144130483187744,0.05250824705484493,0.5851641223367074,0.044453600515617316,0.10666794327857501,0.0451138529834352,6.457564483960252e-05,8.103366840514777e-05,0.0024238211098066907,0.002081498575891295,2,4
0.18321278081865985,0.003632432103315637,0.18054711135914514,0.06638794409212642,0.09807690417639561,0.4580733076706205,0.000165802318795218,8.480347563272153e-05,0.003102999418380159,0.0067159145669288154,5,4
0.2389901100782299,0.001370788895496136,0.42546149650115606,0.08464075953639116,0.012307348455637813,0.15770459801758183,0.0027624982542989733,0.0030251313215671023,0.002094285206129195,0.071642983733512,2,4
0.011268709797953625,0.005041805420489274,0.045012073299514524,0.0777936300797059,0.7929407115766832,0.05934486854048119,0.006614419990816973,2.4197910493952804e-05,0.0011061011905520582,0.0008534821933094644,4,4
0.0007453774536797186,1.5937726064826046e-05,0.02493335272800113,0.008549937693266153,0.00014111423180461925,0.036055933751074534,0.0013250634240771825,0.11318587371685113,0.00055461428297475,0.8144927949922061,9,4
0.04189390116967577,0.0003521143254304977,0.3764020893164998,0.002255384931653683,0.09097899145696602,0.35906712427690846,0.0005092867371499707,0.015802906859932273,0.09299340952067019,0.019744791405113527,2,4
0.19409588771905456,0.0039707247969640565,0.01005242362282152,0.03297044896444353,0.4869756763948928,0.203739821800462,0.04299675221991685,0.0002602035537889004,4.672229448690154e-05,0.024891338633168943,4,4
0.009341034020631562,0.024366752110435166,0.04498096067651954,0.0019806512454810057,0.7328642399570355,0.1746633583370751,0.0017189393613397772,5.6037696398431115e-05,0.009708686875837123,0.00031933971924694225,4,4
0.06432438950901816,0.0002108362124796749,0.009836562692457411,0.16215200995473486,0.46091024018371374,0.11318432642407804,0.032110819534044446,0.0009995944557531417,2.2246541025048858e-05,0.15624897449269554,4,4
0.335604595882003,0.015569072216607471,0.08578378519559829,0.2262263348608706,0.24702018425525177,0.03324855338442351,0.0007213025121538086,0.003199798671442425,3.9685099507654155e-05,0.05258668792214158,0,4
0.1315353678112902,0.003996815597710861,0.018396021966398144,0.011322383304786056,0.3123389960628275,0.5077475373167036,0.002187858569125854,9.207363832070137e-05,0.0006550465436022502,0.011727899189234753,5,4
0.012004417920641188,0.005253544098452788,0.015713236061103183,0.01044337163138167,0.8960930681559882,0.043710436244281496,0.004643271681795736,0.00019395426456903132,0.00041003439007181126,0.011534665551715024,4,4
0.0041578588111418555,0.020969765623315845,0.01834514296030003,0.0010821827526037923,0.8747579064646495,0.06421955614982947,0.006194538582917538,0.00010584107676661644,0.010127231664481698,3.9975913993991585e-05,4,4
0.018069871204056252,0.001873323380516745,0.002969471500074433,0.03937487562958558,0.046976084024750966,0.0691033742071697,0.7570886320289922,0.0017952217481280374,0.00019996168231387897,0.06254918459441228,6,4
0.04428097762555613,0.003016571006919064,0.24160847520221737,0.09535255999655583,0.46957028211683827,0.09649075445676583,0.0010431183670645443,3.4370579986567316e-05,0.047578636560022106,0.0010242540880741964,4,4
0.0030233798450894217,0.0002936616518659617,0.007665532677600385,0.0270474213314788,0.8596744129392728,0.0698154200237234,0.02918598336987194,0.00047096468232089454,0.0003743319804881918,0.0024488914982881416,4,4
0.2143385399822035,0.009602411872372875,0.34509807036572826,0.017434321175839266,0.1798337226531866,0.2157404575324951,0.0008916647539217839,0.00010930406689304145,0.005050804828199758,0.011900702769159765,2,4
0.22969698718539985,0.0006524533386972112,0.4893632505245345,0.05423798124494433,0.006096130503230582,0.1739795419687202,0.012536927649618272,0.0017656726100143663,0.005577481057706956,0.02609357391713386,2,4
0.780970302452345,0.000655272112136938,0.017708977461255306,0.0029435382446462537,0.07335932256383099,0.08389884691513301,0.0007794626160882458,0.0012355745521868205,0.0053057489963915655,0.03314295408598587,0,4
0.0007104643907000382,0.0012297189247212016,0.004499580639234049,0.0002395706463780052,0.9356945579187957,0.010511464622488649,0.0005427466320741758,9.165376269885681e-06,0.04655188415751362,1.0846691824715206e-05,4,4
0.014061777195155367,0.002011324112420179,0.014590846035812377,0.0017733059375241076,0.8378538581414459,0.09988722083174574,0.02911177609416321,2.6624111482828548e-05,0.00023127791071058816,0.00045198962953977326,4,4
0.021159072266061535,0.0008903226228045793,0.05650177102181771,0.01636439727672841,0.5868571555257075,0.2921434901691362,0.004881399871145527,0.0005516436612489116,0.016072550520095333,0.004578197065254331,4,4
0.0636740606701336,0.0017614474070781847,0.016314707451920755,0.29039088140898894,0.050677076300173464,0.29698376793936043,0.08865023260447732,0.004387776948213023,0.0005092636921593711,0.18665078557749498,5,4
0.015809469611197162,0.003352355182278495,0.013650731414952638,0.0024758929076043475,0.8065137160393613,0.12352597027395647,0.033897937650163204,3.605982637455352e-05,0.00013923777345062203,0.0005986293206613837,4,4
0.010587794943619786,0.0021128742143872257,0.0029328487276347004,0.001982280052660032,0.7854796498618117,0.1330456839746739,0.02062233344434645,0.0007421731073634283,0.0003946064981069816,0.042099755175395825,4,4
0.1471043004706336,0.004017168918479674,0.02432685755527768,0.3451734795634168,0.1616254675686566,0.08268348878029667,0.0006628010062455245,0.0004236614724574709,4.781813322628975e-05,0.2339349565313097,3,4
0.07639991536480832,0.0021745772986908507,0.0023700098311317318,0.028012401982147942,0.7877516163904628,0.026045733611354392,0.0518234058135018,0.002858009848730335,5.963681148206922e-06,0.022558366178023606,4,4
0.014883866999242273,0.0008938956207123556,0.06011580763129519,0.057525157175400334,0.5458954589583108,0.22974766775439803,0.03408755757123034,0.0006480983281315552,0.00032259833007103626,0.05587989163120809,4,4
0.005136812943988517,0.013407516414399008,0.007970192505779163,0.0006906506703982677,0.8719863380702296,0.09935605431201623,0.0004511591092446982,2.678728077632318e-05,0.0008930001413767918,8.148855179147113e-05,4,4
0.0033903377664966953,0.00043534938881383,0.017251060198761974,0.0001337110577323021,0.974651903879046,0.0018216772208088188,2.428325167521111e-06,3.533824865682486e-06,0.002067453340529032,0.00024254499777853197,4,4
0.04157189072017801,0.03864325283104236,0.6981211904289426,0.005980975398319421,0.1254827296411779,0.07250920771119891,0.00014968555025005699,2.1018721154518376e-05,0.017294746996844225,0.00022530200089219732,2,4
0.08636450846329384,0.0007849563728139109,0.021361746365977947,0.0035261768776085963,0.20465932123597164,0.3750412542017553,0.1611651402349832,0.0020873312951531,0.0005934005521366698,0.14441616440030577,5,4
0.06309467513879088,0.002055704052416593,0.017862515323286372,0.0019798629343306443,0.6262776437710745,0.2553541033315496,0.007194874611224025,0.0013291784336243418,0.0012121657506071895,0.023639276653095842,4,4
0.07234798996934459,0.0015784932917455867,0.6065406396774172,0.10079164560653811,0.015791009283575505,0.15989205206254042,0.0009611654300683041,0.000967916460993827,0.0005777602856271003,0.040551327932149384,2,4
0.045617310517171925,0.0015332822743299155,0.0031458197384379317,0.3834168483371119,0.22555012683951808,0.029906731769544854,0.027129142969819046,0.2611181203458104,0.00015144155373691604,0.022431175654519058,3,4
0.0053758047262619756,0.0014511749488870804,0.01600091639811946,0.0023177490723733803,0.19380090810724182,0.7660613773635596,0.01196296325570697,0.0002732738740866712,0.0012329256459039225,0.0015229066078592528,5,4
0.06895162260405395,0.004623780790490378,0.03437349878216235,0.025480532019075172,0.4861900611380272,0.29492436967014884,0.08125165933144861,5.237383981936267e-05,0.00020501687084800536,0.003947084953925983,4,4
0.03366626200182537,0.006497422627805599,0.1113942769623633,0.0017407266141710688,0.6529359920079449,0.1884918058966993,0.002025668774600785,8.686627794539361e-05,0.00036149370809454866,0.0027994851285495963,4,4
0.008545107061441078,4.736527149570002e-05,0.0021934966469159397,0.0003847393450549194,0.8001755281582729,0.016917281987887292,0.005706026262595489,0.1527588250212834,0.001121216043528361,0.012150414201525031,4,4
0.25667217641853585,0.009830834895999133,0.054041090996519624,0.0021033274832663973,0.32097748547160754,0.30687832973138035,0.0077386206665461315,0.009189682234513169,0.0005319013841567483,0.03203655071747514,4,4
0.0006954626285558077,0.0010986892722221486,0.0014995958290975925,0.001800443265387961,0.7890865317759936,0.014042706001347641,0.10803163421852535,0.07535678087364972,0.00021419370057442166,0.008173962434645856,4,4
0.009133091800410411,0.0013039180076781277,0.0028574248152051177,0.0015307432049659845,0.9050452568704179,0.031817678009637376,0.008521378265788866,0.0006993150456531624,0.00036336107803793444,0.03872783290220519,4,4
0.016909325240009106,0.00169810557270298,0.06393721478428775,0.0014291661353887032,0.7220536176219694,0.1860234629172321,0.00043159301515540154,3.7334874173851753e-05,0.00486912507430254,0.0026110547647781946,4,4
0.004727513914448601,0.01905989279278971,0.010380599465975877,0.0020940385504372226,0.865547954985527,0.09426258214040767,0.0016351579604150172,8.468525710994094e-05,0.0017738223179235002,0.00043375261496554016,4,4
0.027497985236318474,0.0015626401860672043,0.005145009012305905,0.007124366822029239,0.041315860902604765,0.8955067964444711,0.002408510895880304,0.0006549974684414619,0.0015366241559512217,0.01724720887593041,5,4
0.10988320425242426,0.0038840647582668586,0.17842437193246977,0.07405161432968242,0.05441797906813706,0.4999336517695144,0.00013928838649754612,8.340555943906898e-05,0.07121901458902727,0.007963405354541583,5,4
0.05127101373526469,0.015941277380250037,0.21403398141153882,0.4422523895182405,0.020520347483009037,0.23357740332454338,0.002231219550700522,0.00448840030131699,0.003805617366212026,0.011878349928924097,3,4
0.008374047161910926,0.0037798818767052524,0.0011232017097222364,0.0009641830538231382,0.8574721988001069,0.016395195410436745,0.04807988380741064,0.013689660169541543,1.8036002846653118e-05,0.05010371200749583,4,4
0.003304955065127434,2.0911163276092435e-05,0.0009425528323176154,0.00045002926523505496,0.9570240593412097,0.008546413425781066,0.004525337100333568,0.011591757976745283,1.778448468114086e-05,0.013576199345292955,4,4
0.033441342234282447,0.0009107221477415092,0.31883878348749023,0.10517764922352131,0.10547033757296773,0.4070035678130784,0.0030225960136947274,0.00013242659516591286,0.0029240026725622704,0.023078572239495544,5,4
0.182431302005871,0.0041944085262282434,0.14881201925256668,0.011069938650111417,0.0062596132821911964,0.5535184940020814,0.0004555194707831409,0.00040267442211207197,0.0902604667188401,0.0025955636692148007,5,4
0.01906315428878033,0.006944933734296582,0.004010003862800253,0.0014632270783074771,0.5537846725432892,0.3886104452156227,0.003391370925154657,0.0004642889853776446,0.00013912958156847216,0.02212877378480265,4,4
0.0048519083929210805,0.0006505427136114289,0.004460291206348391,0.001317035520693374,0.9092577270173416,0.031172524127848888,0.013331572792496863,0.008512320190819881,9.515356619772691e-06,0.026436562681298875,4,4
0.015378427847917472,0.013023618618796409,0.08221066889854657,0.0028933085400669064,0.8741758310448282,0.008259206967790833,1.2746169518639809e-05,8.259714551053484e-05,0.002796324923216732,0.001167269843807883,4,4
0.007209177324862877,0.004282148111732829,0.02344298641096066,0.0007108607155510915,0.9584667775622139,0.001725848579266295,5.8615839288067905e-06,4.562081890124794e-06,0.00250185471916918,0.0016499229104245743,4,4
0.008536809011608599,0.0006469366428181651,0.01074799895678357,0.0008080804682197365,0.9354463297781879,0.0402771399444513,0.0010015904735204706,7.548434736156024e-05,0.00016522583890161668,0.0022944045381473937,4,4
0.10402383292285947,0.005432115634814629,0.04078869393877222,0.04662034833319763,0.5808480957860006,0.1935790513237558,0.019053428374345704,0.0021216688505454806,0.00039447103978325603,0.007138293795925336,4,4
0.005309877976615944,0.002096617801163984,0.0059396389720951515,0.0019069720947874152,0.7196578107380962,0.14810396465489398,0.0008302925505768554,3.692694951139751e-05,0.1160307379393076,8.716032295156099e-05,4,4
0.37725683263786136,0.0037295001352786253,0.31575980056576347,0.08573043910843134,0.041565756327385066,0.03990502064867868,0.00032652047866061723,0.0003016637395761182,0.12804271400757924,0.007381752350785736,0,4
0.06921534643526174,0.00184664705428535,0.1822910868781054,0.02800497726786724,0.1878315677521235,0.48685876276683937,0.0009759829249923137,0.0026071844035374147,0.011343912936389464,0.029024531580598326,5,4
0.017207607142625245,0.0033146224589492867,0.29732767631135953,0.005702840355556391,0.6329915509676133,0.020062973156140276,5.2995264482076454e-05,4.9927893709700595e-06,0.02310902068386598,0.00022572087003688488,4,4
0.042475125250083054,0.0001541187233925469,0.0388676550327859,0.024909634934339533,0.5961660079326756,0.04553563229537154,0.007077984461891276,0.02181133454639389,8.652855200933445e-05,0.2229159782710574,4,4
0.011829837578049989,0.00032591103679103074,0.023012357454288885,0.01456892421063874,0.9241679818405106,0.00943576271962186,9.66454948215336e-05,0.0001247546655598775,5.0019008686225116e-05,0.01638780599103124,4,4
0.2051215436290578,0.010472956088054854,0.025400963921282393,0.12378301791516427,0.5095853444236705,0.10890806879006565,0.004731557128779558,0.0019755168177787745,0.0007338186202457225,0.009287212665900497,4,4
0.017299805113315997,0.0017524378577291318,0.03881607579025503,0.11340875039143616,0.6525444923833602,0.13931789209976816,0.022166758042823396,0.0012489377872660235,0.00016776493644056836,0.013277085597605423,4,4
0.014814605684273391,0.0119441929580058,0.057592800218930165,0.0013992182933360861,0.879800774815592,0.022055975426016065,0.0021329829969989134,1.371574613329906e-05,0.010219985789033532,2.5748071680792312e-05,4,4
0.14802273832048712,0.0028966404301006567,0.05514545481148777,0.005943138160229782,0.5197834355182395,0.23855363162504822,0.0013950928549394,0.00021458813481185253,0.0010661410763254445,0.026979139068330216,4,4
0.07496391853243518,0.00821298779760762,0.06851064634379662,0.06798452933137024,0.12432191175421062,0.6442097990105762,0.005021156529419948,7.610949906524833e-05,0.0023030129300883233,0.0043959282714299466,5,4
0.13814184840088012,0.002900401067715636,0.0012952954612225908,0.036036780877862024,0.48523339713642655,0.059217802210413395,0.048322746633488,0.04726612699929732,6.543647822591701e-05,0.18152016473446855,4,4
0.17679556902332066,0.024751390526424895,0.5011418773928294,0.05733264876589017,0.05236416169717226,0.17981925378608365,0.0023622422125104165,5.9649636582188876e-05,0.0043906021486249305,0.0009826048105615053,2,4
0.8358346010965962,0.0011718181784553798,0.008619205027294612,0.007988994026467197,0.024423603487791254,0.08915886344464154,0.013077886967141468,0.008149580178534272,0.0015465182668166178,0.010028929326261569,0,4
0.07262957168316686,0.003633484594065247,0.22730361835611232,0.02861559636930572,0.12307813279271103,0.5319449093114983,0.0011443435266076244,5.489003842994279e-05,0.008321094242092125,0.003274359086010801,5,4
0.08442019641797224,0.025543762469356218,0.057389310456150394,0.01265657418150963,0.19788407270940636,0.5981716431697239,0.014754548917648536,0.0018055780490014491,0.005042910172930488,0.0023314034563008254,5,4
0.24052780414207883,0.018875987414535167,0.5509635236768973,0.094914528778373,0.009813487610989342,0.05777156825757954,9.198252038727506e-05,0.0004953791726927674,0.023864100800662657,0.00268163762580442,2,4
0.008696703717450184,0.002060319973230587,0.1363497267610682,0.0659455062758629,0.4666539561964942,0.20803016817617573,0.09687625763234012,0.00041898044715189906,0.014463629883151944,0.0005047509370742958,4,4
0.005428714810586275,0.0021651552137708324,0.00832030068105275,0.0010912622336843843,0.8596564929316002,0.11975389527589414,0.0012813429564824813,5.2793082123117674e-05,0.0007827679392719979,0.0014672748755338826,4,4
0.020051806551538508,0.005866293879624759,0.06195085010526291,0.0013805685886599992,0.6640824401337545,0.2186456839192486,0.025101573485172144,6.458784113643535e-05,0.0009362984921895538,0.0019198970034126088,4,4
0.0006744364531544269,1.720746651895265e-05,0.00030998665648709775,6.37320831185836e-05,0.9692805103515679,0.006741753523358972,0.0006754406989977452,0.019630730017888152,1.3196941392977173e-05,0.002593005807515127,4,4
0.01026755857043198,0.005016567642976056,0.03560164142236454,0.014740528112852517,0.6559017033280303,0.2586407715799192,0.011542148909658968,0.00020970310868188272,0.001768394471516967,0.006310982853567664,4,4
0.02219500933678957,0.0005099255137326737,0.003631883847805599,0.0012315537636545257,0.8715147821502351,0.07528710636693567,0.005177234771975189,0.0016727633888752253,0.0003362463776894875,0.018443494482307025,4,4
0.045395153826586626,4.319238708918496e-05,0.007083117585182328,0.018454758365389873,0.6246172559075484,0.017241257320929047,0.003385750168134009,0.01300313491331898,1.2029498920383666e-05,0.2707643500269011,4,4
0.0343933187069441,0.0012757951777143887,0.16505587216329634,0.019712037813920703,0.6759023263665608,0.019992668146913233,0.0005429707254714176,0.0008662628163436761,0.00020550892863573745,0.08205323915419965,4,4
0.00025118561642925705,1.1707191876127849e-05,0.0013243472236565473,0.0017948593638733362,0.9567767112888927,0.003677849584074063,0.035987052875187935,0.00010262962004249973,5.1891171157960684e-05,2.1766064809435736e-05,4,4
0.20571345529731444,0.0010841106649395228,0.03705925649398071,0.0014836903607666843,0.15015620119657355,0.5565973028217378,0.0002426742329383224,0.00023390359641161263,0.006185392525113604,0.04124401281022358,5,4
0.1159834972237726,0.004111025373840853,0.7610599615717801,0.04573770216554889,0.02831598454749767,0.04047601458463432,4.0130090596576014e-05,0.0001042004713895036,0.0007636496357190161,0.003407834335220429,2,4
0.009735135337899275,0.0053029938654651325,0.018531846781473585,0.0031999315641974167,0.7454633115696652,0.20683996559711626,0.005291252779775511,0.0010181987444276832,0.003970190723078969,0.0006471730369010327,4,4
0.007899924739079724,0.005912160937984223,0.004538703320375943,0.0026642900825267855,0.9158165704206482,0.05237941084463444,0.0019871069643282654,3.4504891448928056e-05,0.008630070604919491,0.0001372571940540251,4,4
0.012353324001820536,0.0006301916609228644,0.03178973521489135,0.0013286575109583728,0.8609022153132371,0.08435985848360353,3.2770986979374923e-05,8.229940689659614e-06,0.008132029932817017,0.00046298695408037604,4,4
0.30700469255332546,0.006006009130894151,0.15458474148731496,0.07060443082694812,0.14682736622035955,0.29211688482376325,0.003325605403333398,0.00012779230527583955,0.017044172979858725,0.002358304268926418,0,4
0.01125404161954761,0.0026493677797167947,0.02887909040726889,0.007898006911417704,0.7976665796629926,0.024452101820308506,0.0003199791648212127,6.70781462367851e-05,0.12622960946838302,0.0005841450193066994,4,4
0.10003784877762646,0.0009187688913319804,0.011838203774722755,0.11391011813276254,0.224057628029549,0.09150226272007758,0.039337037181313296,0.004261514668543237,1.589469689355081e-05,0.4141207231271796,9,4
0.021471474410618925,0.00020851890397768967,0.4352811041135541,0.042523373216803835,0.08828223834838439,0.31536565116272713,0.008196761516281792,0.0009869177966250493,0.0006223681040416166,0.08706159242698555,2,4
0.0020937892131723725,0.055939985214954635,0.004862866163613449,0.000522130413026772,0.8861739815691084,0.044020907759323526,0.004710249181175413,8.664825528302612e-05,0.001480907909319581,0.00010853432102265868,4,4
0.0957463557866681,0.0016672161676980213,0.011015155500621376,0.12359925376653308,0.14757429099498376,0.0430812444471396,0.008748541173725335,0.4362743182517422,0.00029607701164354524,0.1319975468992449,7,4
0.06984441655029867,0.0076899782520308425,0.0035481308981774565,0.001669246111331847,0.7170950797652552,0.18537399282949632,0.004000520743654803,0.0030399702257472416,2.338408329867673e-05,0.007715280540708704,4,4
0.4232756630030366,0.0010146812572662525,0.06483334208010136,0.04263766354031154,0.09083169517139433,0.23015504329422765,0.003916623580020519,0.1038098974076659,0.0006086023657743847,0.03891678830020148,0,4
0.028275742011795363,0.0005852531382141422,0.04516160311413286,0.008555072310658662,0.3178424720193685,0.5195529159904878,0.025138301588679492,0.009305447819061664,0.00013777399695734515,0.04544541801064437,5,4
0.07707341727556724,0.032126199525719296,0.015842244208070972,0.0048743382086809985,0.2779938239736931,0.5341445242008823,0.04346473552615595,0.0026814710569986197,0.0002811580843703865,0.011518087939861083,5,4
0.0637288814892196,0.017415202984501457,0.23064754486385,0.004667435087086892,0.5522800518857531,0.1123071213559922,0.0014653871323253404,0.00022939614761246163,0.013935015748944565,0.00332396330471433,4,4
0.004780698951134495,0.0014926261109981212,0.02817811923592206,0.006660596842609303,0.6800448611183129,0.18855636344049667,0.08354088716708367,0.00029611808562495976,0.0005092559169432369,0.005940473130874775,4,4
0.25802781706830846,0.0019974960912286063,0.02810400380053294,0.006777092016036466,0.08013267224169168,0.5871907429687684,0.0019781233998601303,0.00010475078465352894,0.0021668436768140205,0.03352045795210586,5,4
0.06351255711897358,0.003938134705349693,0.874526116658826,0.012099385765651817,0.0006407191206056033,0.02052226000904903,1.5685676204458435e-05,7.386799869457919e-05,0.00034443956388957044,0.024326833382755417,2,2
0.037929470120143235,0.005178008239002499,0.8071061932263628,0.0007130208393168816,0.012737281882134846,0.130839320800511,0.00013890012850231403,1.9405845629178326e-05,0.004831534021221685,0.0005068648971755902,2,2
0.033435451345004,0.017612569469998507,0.43681992196372854,0.04485352817377808,0.04995787360864353,0.3984820908069956,0.001487345652809125,0.00024272374434193236,0.013918621683338248,0.0031898735513624936,2,2
0.04162308020733614,0.010186465382349697,0.9412351640216136,0.0030649338851089095,0.00014252048208645372,0.0012349175321982112,1.5838760164658023e-05,0.00018098212739716058,0.0012060600945392993,0.0011100375072059057,2,2
0.1827734628058336,0.014669840288257071,0.6184241764161675,0.05952422741945989,0.05494555784924532,0.06554364292240976,0.0003247276752487854,4.1538545257515165e-05,0.0018804474696672263,0.0018723786084534461,2,2
0.7471193088306239,0.0010402858819108813,0.025775794757338464,0.0014223436847605063,0.000994578032910215,0.16025114702951287,0.0008890817620111132,0.022508252725305735,0.006052377176063814,0.033946830119562524,0,2
0.016930708261788517,0.002603668251416346,0.8701582531352714,0.004604835003137136,0.009171006581180401,0.07032194350486368,0.00035763041810006385,0.0007515050985232366,0.007511493425728126,0.01758895631999119,2,2
0.02573439988338001,0.032610403739784376,0.923191405355263,0.006463498648030174,0.0010306074580364074,0.004581484058196429,2.1122601086008758e-05,0.0001328958335872999,0.0005861481327181436,0.005648034289917987,2,2
0.08232425028272371,0.010996309744265178,0.816521703869223,0.003900816226813274,0.028436685322750385,0.05583907859654524,2.7199689302181057e-05,1.5616230283373568e-05,0.0013179032822888928,0.0006204367558048311,2,2
0.16775813711855742,0.010380191917395972,0.6968870002224251,0.009474055747386162,0.006991998977584372,0.07742736391109453,6.160031656035663e-05,8.555537911476477e-05,0.02872505214811591,0.0022090442617653467,2,2
0.05205059867257379,0.11685580740209135,0.8011831487008523,0.003422950715886106,0.0029449321889179468,0.009151441273284665,1.565784154125338e-05,0.00037170289581576273,0.0017344794017751734,0.012269280907261652,2,2
0.04375621423305022,0.0012200350412131134,0.7879767945913275,0.04675643748910304,0.011699795674890467,0.0929896321778862,0.00012717728615384107,2.5228458001425454e-05,0.01386420192473424,0.0015844831236399572,2,2
0.07855932725917461,0.0030687144150490894,0.4574838567010454,0.021826904801649463,0.0004608547040252385,0.3716780036242266,0.00034117090277141574,0.0027868895653543114,0.04255710344748671,0.02123717457921716,2,2
0.042425262289581295,0.00022119685311102833,0.6856021256402564,0.045883881409492594,0.0006563984874714638,0.21012081726462478,0.0015789040897954123,0.0006049220418714383,0.003374488776509255,0.009532003147286562,2,2
0.013110876798120948,0.0013098635119190172,0.6685129648419555,0.0049454341099494465,0.023175959594599664,0.27990134498444114,0.00026709798298041294,1.5666748618095874e-05,0.0077531353373508465,0.001007656090064923,2,2
0.0704431275974975,0.16113138688002338,0.7135353209509935,0.008006412191498165,0.0022994293978446092,0.013127677271994683,5.162129918132414e-05,5.620092751341984e-05,0.03045368499111268,0.000895138492340881,2,2
0.00691117007624283,0.0020891016660098847,0.06530859202126033,0.019372492620925646,0.3458642088463704,0.1645338742835675,0.3913001307162484,9.24027291998607e-05,0.00014671569177987604,0.004381311348395421,6,2
0.3176791764754434,0.0038760965844550376,0.3487719534630795,0.019534894951441072,0.0022736224539957215,0.2324514687802477,0.0008159432306281078,0.013881004539650185,0.016057189254869833,0.0446586502661893,2,2
0.05737044766253567,4.095785003420484e-05,0.029145416039996364,0.002373853327414011,0.0003951304566923016,0.041208054681613634,0.0007593638055914065,0.8586545121430234,5.691666096718396e-05,0.009995347372131792,7,2
0.03248165738594194,0.0031752824181807337,0.91867091629548,0.005982847070262114,0.005978603573592617,0.03177185073979334,0.00015095655063733572,1.0089851097240435e-05,0.0015095672646621581,0.00026822885035243584,2,2
0.02087050191808389,5.289591831893379e-05,0.7592942082148154,0.03810474570945556,0.0006205652806595677,0.16506176168237358,0.010107504749958359,0.000626356455476422,0.0005228056870236805,0.004738654383834598,2,2
0.4473776304117398,0.0020281611727044633,0.42459743505842196,0.007127827160195763,0.007746330616275941,0.05416404192033533,0.00044239517554725105,0.002266752835789749,0.04940280580656135,0.004846619842428564,0,2
0.020383544873540188,0.00010152308655742348,0.6805164297563537,0.09237500409189245,0.000250503383906087,0.18441474090729063,0.0007535822270938894,0.0021392543115093935,0.0009079817395572836,0.018157435622299017,2,2
0.04648623530104218,0.0028472123206003423,0.7548221905800258,0.14824549802486134,0.010183251412931863,0.0296299754451302,0.0004159134671477508,0.0001327461664537433,0.0020418666133554383,0.0051951106684513726,2,2
0.17927032074974303,0.1605636498786883,0.48919348094816706,0.13521179320263643,0.0037928445930196825,0.02473688865999102,2.6019100759221946e-05,0.00043379694656213295,0.003612433804905867,0.0031587721155273696,2,2
0.06359569938338139,0.0112207042278195,0.44415020185813137,0.012021688824191894,0.038734355977043514,0.4204579694268728,0.0018418626140362711,4.9469655082292736e-05,0.005995155451696679,0.0019328925817443529,2,2
0.06398557054787779,8.691294343678389e-05,0.2560698493420492,0.0015949356068175728,0.0023852930255499395,0.5170185857358408,0.004040250491050197,0.044924266389653814,0.08922181796320741,0.020672517954516457,5,2
0.005194796873167957,0.0005729453487809476,0.8491504622099721,0.06524287001986762,0.0013789483515135575,0.0479581372567074,0.0012638474075772814,0.00023332389966751314,0.02087404890401845,0.008130619728727233,2,2
0.07131397281752025,0.00197507248142967,0.7530722199086756,0.06385668967677993,0.017826921727688717,0.07975656915595294,0.00012450390008923715,2.2066042287177888e-05,0.008440272004736061,0.003611712284840499,2,2
0.06521903207001602,0.0009067285875225829,0.8201991037167905,0.009076906158012557,0.0006566394464750877,0.09687929467001583,0.00019670550477566317,0.0001107598505554594,0.002528379769873423,0.004226450225963039,2,2
0.11319649044633584,0.011787144476152816,0.7118515723075689,0.02453068258930462,0.022508839065277213,0.10930504178915947,0.0005203825422435308,0.00010253695871703127,0.004368649755088919,0.0018286600701516772,2,2
0.06712810686133419,0.0013953358759549778,0.877569687103065,0.01971591084375996,0.007287419324171091,0.022487822044647998,8.900354625171831e-05,6.815427102513082e-05,0.0013369219520101123,0.0029216381777797396,2,2
0.29835158403750034,0.002149712000739196,0.08779320110453691,0.09950476760661764,0.015703524610909642,0.4401970591570016,0.001353539739017674,0.001240732194602972,0.0034141434668538287,0.05029173608222019,5,2
0.3787117865016749,0.007693116792969601,0.3545159460580718,0.004813322541163898,0.0017081388939441965,0.1658103151018713,0.0009808996561820292,0.001344149483396832,0.014563347143438123,0.06985897782728723,0,2
0.55896209136686,0.0012841188236026098,0.1477951060983919,0.004886130715665788,0.0027892903326134358,0.2231982522885987,0.0028622590836646956,0.019166331667910513,0.0062819500776991,0.0327744695449933,0,2
0.008904661719218205,7.854056669529371e-05,0.891995005691306,0.03268038512184489,0.0011581679998583332,0.04963913062314257,0.00017910146997780795,0.0010670368298503017,0.006462166699946773,0.007835803278159772,2,2
0.03867036706492666,0.0007513744566999744,0.35676114937651254,0.014591265183939222,0.010811304129787268,0.5347435569828193,0.003462791926984389,0.00222860289158133,0.008284111979893195,0.029695476006856042,5,2
0.07785565639535799,0.007531371831644803,0.7246618220783987,0.05006798639808391,0.018664336866402797,0.11304590404764654,0.0001847513876909743,0.00016957240857679847,0.0018907545935296815,0.005927843992667956,2,2
0.012816447846347464,4.187968356299016e-05,0.364310190026749,0.2075936384032226,0.0018964871265737505,0.39181998295764026,0.0003789139342888962,0.002753824491508629,0.011198145999184835,0.007190489530921667,5,2
0.015316673375620586,0.007930084082481675,0.9476727458292733,0.013147286119328236,0.0006858059744256302,0.007554170629641128,2.3287034730043917e-05,4.983286248826186e-05,0.00014006251205213836,0.007480051579959033,2,2
0.1066988434518401,0.010451693943229973,0.8113997089275307,0.014200215179871484,0.002383363019601786,0.010833738962261568,2.060396021423176e-05,0.00014052725689370053,0.0425622929922089,0.0013090123063478232,2,2
0.07783330781453053,0.09345506828590115,0.7711410457103096,0.014672005789861298,0.0042172598707660115,0.033256569309431,0.00018705506952056388,2.1353870409715116e-05,0.004934885548077987,0.0002814487311922301,2,2
0.013979991689043993,0.0015499688205929032,0.7893804120082843,0.06841373885030219,0.006228467217646883,0.09773242097919857,0.002181388448697953,0.0002848519226238804,0.0034025869653150024,0.016846173098294163,2,2
0.020341716564445934,0.00012670503470725187,0.7893907602803155,0.022785411865160327,0.0008747787855203843,0.1417093779881028,0.003038055740328081,0.0007087801937861917,0.0007451045194808852,0.020279309028152732,2,2
0.024214826032782247,0.0024742262080479542,0.6590438812033326,0.04237800709123359,0.03302022363897746,0.21799560824502298,0.0001419203369162773,3.1377337311745214e-05,0.018744245267510312,0.0019556846388647164,2,2
0.050375966725510216,0.0005729774219715309,0.8706454869290831,0.021983035799620874,0.0005788036022077801,0.04118618272417007,0.0016080467555063234,0.00011350218613896554,0.0002568084884177256,0.012679189367373575,2,2
0.09394609626485455,0.00047361114475077823,0.47048024120153753,0.02877116349448501,0.005375818665282021,0.3755894982360679,0.0014997271138609326,0.001761346292081412,0.005463114478779094,0.016639383108300907,2,2
0.07964059508971401,0.0025830389349813447,0.7503396516362779,0.008934535938465625,0.0032081565304975957,0.14254912968411831,9.46637216443612e-05,0.00028787397296627364,0.008715791250408082,0.0036465632409265003,2,2
0.4324589112833881,0.009664063043546016,0.33584467612161906,0.009359866806869874,0.015299569830713355,0.17764465111375863,8.893042338637544e-05,0.0006974404759253032,0.011205200026806795,0.007736690873986454,0,2
0.025465409965067076,0.0163497097539536,0.9002334902710638,0.003419718464820456,0.00617954481887518,0.047120291763503845,0.000403619007373213,7.764129141841469e-05,0.000556329096985913,0.00019424556693857208,2,2
0.028345242028563495,0.0012903331769017546,0.6310700916205796,0.04522996240682356,0.00387824241880423,0.27549392301892234,0.00042782857548548907,5.1274444808645745e-05,0.0024954309505912666,0.011717671358519607,2,2
0.1921141067466269,0.004469327636447091,0.44289011222329067,0.053691861504621845,0.01417640663477486,0.28178730334117663,0.0002937400835835199,0.0011516736999411727,0.005845545684108439,0.00357992244542904,2,2
0.022969141112947306,7.408717396904332e-05,0.9128857609995813,0.024806820692355507,8.846295807871324e-05,0.026842447172370727,0.00024210175583968472,8.636036056279569e-05,0.00043768945738058957,0.011567128316914161,2,2
0.056393342369427404,0.014708701160705107,0.9073767949422041,0.003770067439980759,0.0013791060276509182,0.012090455857253227,2.1934002408855034e-05,6.0429043026958136e-05,0.001788272000822974,0.0024108971565197966,2,2
0.1490778083828395,0.0025580641758534734,0.21220834467739286,0.012614498349349785,0.008069599016483311,0.5929215938389252,0.0007946030172992533,0.000870627388097368,0.013250168185660383,0.007634692968099103,5,2
0.044825473449988565,0.0002591142131975222,0.6875225438589685,0.026993945080706953,0.0059418348660921945,0.22555051232951062,0.0011319816618469917,0.000170927043632296,0.001191386417859462,0.006412281078196964,2,2
0.15940513874376547,0.005727194080908635,0.5952631304074026,0.002862290079028761,0.03560640868827708,0.19556650111266588,0.00022830848493138371,0.00010939513382556949,0.004874677350808453,0.0003569559183861607,2,2
0.18406558011957116,0.002084181168452318,0.7107980656792356,0.05605147190491344,0.0004812388481565317,0.030258228665500153,0.000546324592988344,8.629369097787687e-05,0.0005973924678658454,0.015031222862338735,2,2
0.09429643064907245,0.0018810514459208444,0.5423303118656757,0.032739177748811965,0.006425529635107366,0.27333287723310723,2.9412548799678914e-05,6.650967349008442e-05,0.04722507600778047,0.0016736231922344792,2,2
0.06272055955730702,0.01016775606744124,0.732489504166813,0.006392417574374618,0.02041330213431372,0.15548744477010484,0.0003821976625252307,5.5951538260386905e-05,0.010855807991626656,0.0010350585372333584,2,2
0.012711303065080332,9.862494749633288e-05,0.7954479614695074,0.026088092957746063,0.0014262123024610723,0.1453596577422861,0.00017927699232982825,0.0016791005625277744,0.013573634462350647,0.00343613549821445,2,2
0.1841968034142159,0.010246169084752291,0.624445088260946,0.10533187478762923,0.007426785814515799,0.06078569364568443,0.0004433132754777373,0.0013422274965181383,0.0011259660024206392,0.004656078217839749,2,2
0.214954851581196,0.016460654672756477,0.40191152091416493,0.023644043605534265,0.008999178529402326,0.2822153879036156,0.002587887408233,0.013618443487486677,0.011194094901363284,0.024413936996247484,2,2
0.014317079610274008,0.000582327445502109,0.9691539322739784,0.002068083872379529,0.000440404562144613,0.008027199314819477,4.526885367165735e-06,0.00018365253721884194,0.0011817641564720247,0.004041029341843886,2,2
0.0880240709690622,0.01538163253893468,0.7914903483405282,0.01265194384552719,0.032872912553348864,0.056095340648164946,0.000325046305728673,1.480565341190821e-05,0.0026255706674929635,0.0005183284778002594,2,2
0.09531537393284827,0.0026202240918098032,0.7153995944273628,0.02522641626036302,0.011032757165901522,0.1291800271606825,0.0004495616992316946,2.92439601849367e-05,0.01914969684632343,0.0015971044552920487,2,2
0.0817769881235173,0.009797126482773401,0.08129695748071442,0.7266614777291658,0.03534456275785246,0.036792578326813846,0.00044215615529330136,0.001146320570281828,0.0012764799141845927,0.025465352459403214,3,2
0.03322035161100337,0.008600396335254272,0.8322884265544294,0.09629346381362287,0.002254573022297434,0.0141628903222709,0.00010673829547686058,0.0005990681445765336,0.003313205301173363,0.009160886599895182,2,2
0.020074855105026462,8.716227055710765e-05,0.2969331246666038,0.01174234402208465,0.0011216345797540857,0.6394524727682822,0.0005452711937109036,0.00946276470483973,0.013901744601853394,0.006678626087287641,5,2
0.6279873292836791,0.00014986569031951127,0.1648556478860013,0.0035234012843010695,0.0023980626371245322,0.05643234140193412,0.0011893211491390719,0.034098206103490285,0.00924123822982334,0.10012458633418797,0,2
0.04252900854109746,0.0005749666008721032,0.1262044730518714,0.00989967089145375,0.0058736939066857,0.5729620107077186,0.004769179631829307,0.034797115617186805,0.001958380724297661,0.20043150032698728,5,2
0.04897689726131993,0.0037429759377985523,0.2853136530333557,0.005482533904097453,0.0013188054099276152,0.46708012140776195,0.0017065100516134542,0.04164849245614279,0.02951355903811908,0.11521645149986347,5,2
0.06390666945051755,0.04959205338619323,0.7118415046735083,0.018656163805505534,0.008558622694177712,0.13489741205047723,0.0014946131339076399,4.778736098964135e-05,0.006481954775267668,0.00452321866945557,2,2
0.29377261782456926,0.009009216665492818,0.37048494877684857,0.009338263782598976,0.003986342734636884,0.04259693239769486,3.9693737647866645e-05,0.002596121858034331,0.002448539326428184,0.26572732289604833,2,2
0.1983940532406056,0.0056380304655150384,0.1857179407289749,0.01435266795320837,0.03618500528880508,0.5395342817787709,0.0006397014839255261,0.000139921041620419,0.015975731788757608,0.0034226662298165217,5,2
0.15843987870400353,0.0008618536370959815,0.756925928087224,0.0009730629626235092,0.0025313924154158527,0.009642937922203143,2.1622895333531714e-05,0.0013964958426957376,0.003393179670487757,0.06581364786291702,2,2
0.02797755964995291,0.0016382728763209117,0.7679738019560373,0.0028756358566365565,0.005192639982724253,0.07802133788176668,0.00030645457025907407,0.005530839893201614,0.09790703734274386,0.012576419990356793,2,2
0.09495361452874897,0.03865390847780832,0.3884724023097269,0.4238353630184606,0.028454176668908003,0.021588328383839932,0.0011353244494622689,0.0001999888686998698,0.0019278647628767282,0.0007790285314683378,3,2
0.0816468240912844,0.001539167387677544,0.41075744499459343,0.18444027143653335,0.03661076592274765,0.21123071326014947,0.0004081021969348994,0.0005670140370617996,0.00013764688379250476,0.07266204978922504,2,2
0.02901896665259083,0.0006752429794344703,0.9392356128151248,0.0020878593616899498,0.00032741383388489563,0.008123955051312332,5.853301103591411e-05,0.00018840797724233735,8.568240474502077e-05,0.020198325912939446,2,2
0.13050071216921372,0.22675232175605903,0.5248324841002143,0.0059583599055917195,0.006907573495590827,0.05908474528823268,0.0002802241012101125,5.6464327023954574e-05,0.03467065029494297,0.010956464561920726,2,2
0.02277098349469391,0.007689635860473895,0.4915403999834946,0.019621646163464807,0.03579608944768896,0.40053363087686533,0.012292433916492778,0.00046320478193580364,0.0006700735671608386,0.008621901907729228,2,2
0.06836581731259272,0.0018554299093452742,0.7356814114691851,0.016823296042491807,0.0034604752457686903,0.15880433075319061,0.000848881714413975,0.0005015439011186516,0.008551139678042087,0.00510767397385112,2,2
0.21963497188844605,0.0009613283994076949,0.39494960219928493,0.031654358187052964,0.0016597824016575443,0.2989622702381183,0.004299119725173769,0.012916272223525462,0.0020929435280969038,0.03286935120923663,2,2
0.10854189947783241,0.005127391608105988,0.7436744829498867,0.028936924239393178,0.009663515998367936,0.08530649506126389,0.0007898712270555983,0.0015347773166847704,0.0014456775917597701,0.01497896452964966,2,2
0.026691857860350283,0.0024052234524457837,0.7610210366274912,0.012323413724005822,0.03910322595657444,0.12411999466485737,0.0002930873378210033,0.0018246406802596656,0.006703668906384248,0.025513850789810315,2,2
0.0857203758551921,0.003741646784902071,0.8115824044222244,0.0032245837817814786,0.020728806698712632,0.03256041900709865,0.00022267216724545464,0.00013382519364370682,0.04047629234282258,0.001608973746377073,2,2
0.13250868659098666,0.003836248388643458,0.3475472373172082,0.007345364621193961,0.005518817349323855,0.08879743461870455,0.00018771819648562908,0.0002442513420611626,0.40997068271522996,0.004043558860162507,8,2
0.2670777480519655,0.0027042695511141643,0.4331268331255419,0.031694879075519294,0.012591724292560733,0.24480649827817144,8.575644489513959e-05,2.7512337717104502e-05,0.006813023450897578,0.0010717553916171005,2,2
0.13029429655658692,0.01450455567019566,0.4288990052057953,0.008294760628478875,0.00034804869329947046,0.30862706799738504,5.601445133608995e-05,0.0006634671580849869,0.10605069230568112,0.002262091333156657,2,2
0.1817018163418089,0.01942745505272294,0.12103852446638672,0.002872682955927897,0.01019718302981688,0.2201080039967438,0.00014275873077963797,0.00011118946075254713,0.44410762480496,0.00029276116010066655,8,2
0.0623298508104242,0.006014554933481516,0.774109123069168,0.03796432715682947,0.001706800790198843,0.10143835721204716,0.0008582837325697075,0.00023758588931315936,0.0016472158665500258,0.013693900539417908,2,2
0.06637516191501625,0.0011106492799143454,0.8084206689222263,0.03839116992830405,0.006297960848787691,0.06309475672927832,8.633667288714854e-05,0.00010808766887428317,0.014391235750214493,0.0017239722844970924,2,2
0.006904222359343661,0.0002190624767655202,0.6011345757476543,0.2450293914780844,0.0038849087529564176,0.1157908994059137,0.0006289246589726664,0.00013041811934496662,0.011998612620530862,0.014278984380433575,2,2
0.020697374452913912,4.6262290532996944e-05,0.7885617743626906,0.0012933479086384432,0.0016642607673689432,0.14809712731602268,0.0011642953936605199,0.011070020447951977,0.013000515932859738,0.014405021127360439,2,2
0.11245552146483405,0.008124363587788454,0.35390071069520335,0.04112518310259684,0.04683193803120382,0.4081807244392762,0.005037568703713684,0.0003671153002834704,0.021455604910166994,0.0025212697649331537,5,2
0.05963501875937668,0.005553413580516356,0.8154825969037296,0.03346403523829705,0.002344266491523193,0.07217945153847423,0.0002483533948600581,0.0008133374857968391,0.003649102455907008,0.006630424151519109,2,2
0.027346873621905868,0.0033972393183076127,0.9606212050182495,0.0015039905030562596,0.00023078690333778548,0.0015541570900653048,3.7453906207136714e-06,5.658604630997867e-05,0.0011920268269582216,0.004093389281188517,2,2
0.5813752253275729,0.00443518388292747,0.16787434197171805,0.020359516757047016,0.00535170138710889,0.1228817149316226,0.0005120063215223059,0.032625754201368845,0.0021511389875730883,0.06243341623153886,0,2
0.06877257292794688,0.0024491846465078664,0.2227644513251586,0.0032344266759821716,0.020710782522789906,0.6651050018496585,0.0005364715091958708,4.964792250180353e-05,0.014821631861492452,0.0015558287587659867,5,2
0.017433866095959896,0.00034670535242978506,0.8260694053918656,0.09398355841250972,0.001982095968295922,0.03339716274062231,0.0004120124951711376,6.981672086054123e-05,2.7047264864318334e-05,0.026278329557420876,2,2
0.016949677075796216,0.00010577962646114649,0.6317695733432545,0.1191050992481679,0.0041904121931617975,0.18527056248470303,0.015588688172987593,0.0005955382622122342,0.0024130346776472964,0.024011634915608454,2,2
0.35341874689908503,0.0031226368981139654,0.45158949330646225,0.009513731752390429,0.007765500468324593,0.14964058320719922,2.025831133861796e-05,4.812383283967608e-05,0.02057738147508599,0.004303543849160353,2,2
0.02122847791920609,0.0080860650007372,0.9289567505393697,0.002424452981601026,0.0004008139828405473,0.015208036870224139,7.274965353031701e-05,7.755841169684562e-05,0.0002659739567330627,0.023279120684061183,2,2
0.046422303960157944,0.00014329261488425738,0.6830745982194425,0.22660774993735502,0.009247975268312064,0.029474187187848853,6.608284813408692e-05,4.462691597272518e-05,0.002410818158728665,0.0025083648891641736,2,2
0.006489186759692997,0.00018132660935801735,0.9805400688005859,0.005240474337937284,4.69589635435534e-05,0.00495832779627679,3.5271192348661926e-06,1.5675109039364785e-05,0.00022290076120649253,0.002301553743125004,2,2
0.13105278276112625,0.0016706479625808197,0.6459862167826379,0.037154841388587934,0.0009803116384879383,0.16611424029171146,0.00013477798359155644,0.0006158383141096765,0.013248811801526672,0.003041531075639917,2,2
0.04594215860678799,0.001445569638903455,0.8344773693498304,0.006329945577897324,0.0006311967329155578,0.08754737435821956,4.5547909486857715e-05,0.0012303563117825966,0.003200127163813045,0.019150354350363104,2,2
0.15188475865963744,0.05709029598286956,0.6810173814807483,0.021159468052746523,0.004525597509690274,0.05714966865815356,8.898814348528941e-05,2.2570361147226456e-05,0.025378858272542673,0.0016824128789791931,2,2
0.05715480914079618,0.00010191202685645595,0.6253559302467676,0.10674364980296333,0.0007389913752594982,0.1592524069128965,0.006979471545401784,0.004812038862715385,0.0009128586199993568,0.037947931466343905,2,2
0.025889966811563206,0.00027706012105559625,0.8038869108061137,0.07750139174996805,0.00846840374689992,0.05656656807095296,0.00032067873740322065,0.00010660223925677058,0.024184478499720934,0.002797939217065723,2,2
0.014969680908955223,0.00025685813345394543,0.9195963999169061,0.03543431351312136,0.00018159421798191798,0.020544710103941217,0.002179122942092911,0.00019523142815842633,0.00024280966073589788,0.00639927917465288,2,2
0.2545981404032776,0.0051456840165487894,0.5669212612315335,0.014360211608364334,0.0016813231358662724,0.14231493132687678,0.0001711643885440058,0.0020691086742015146,0.00344768348263101,0.009290491732156098,2,2
0.029164414201923783,0.005319288286891703,0.3407414238049915,0.016814638209920563,0.21010285575782633,0.38595502004228116,0.004536028047778395,4.795230408997098e-05,0.006009196908481692,0.0013091824358149057,5,2
0.03628755770537532,0.00046314525889636375,0.7248341915488475,0.013276720606172151,0.00853198622850105,0.19138476066663307,0.0020511525218542713,0.006154472446855339,0.014071989746368545,0.002944023270496441,2,2
0.054584766015908295,6.19254206635344e-05,0.10761504664379945,0.013958501813472038,0.006092904949276364,0.7752629996514094,0.0037459128293245085,0.01039719483865382,0.01911061394259241,0.009170133894900054,5,2
0.029078421471573072,0.0002139439174980011,0.3003410194056031,0.01284272226589764,0.0008424319915374695,0.20998808224863919,0.0011850318369320237,0.008252723065722207,0.0023928871131859144,0.43486273668341136,9,2
0.011601203709519285,9.414748659847727e-05,0.8892740591224442,0.010982552137713791,0.0012427133661069671,0.07252934352436989,0.0002577821272855302,0.0035314068111197,0.007146393980554869,0.00334039773428737,2,2
0.05003093970011797,0.03508733269642801,0.5230301647098634,0.061221729507787696,0.017183246269988038,0.28778858976420496,0.008021821991353657,0.0004974518945964514,0.01588599145566468,0.00125273200999513,2,2
0.09347646469219864,0.0058876537286148695,0.7796786854945352,0.0047346013964908625,0.020123658943853658,0.0895799943580696,0.00011521621370533312,5.641001151129014e-05,0.003012801590989647,0.003334513570030812,2,2
0.01446250250719204,0.0012777285077686536,0.694689707984559,0.05267566147797391,0.04214824036602778,0.18103100101340502,0.0035799708510538563,0.0001328021464320805,0.001701234857917731,0.008301150287670079,2,2
0.1083707188013233,0.003007138730549288,0.7533442066261533,0.006797365332735155,0.0037945421225571013,0.10460915328255882,0.0005821250079337413,0.00023880910761489782,0.016463340394202493,0.0027926005943722503,2,2
0.11012959360479178,0.002857335412371414,0.7140164992861947,0.04171657031728478,0.0010648601782379532,0.11762748044624036,0.00017502866188842976,6.912823708606553e-05,0.009171462474696537,0.0031720413812080924,2,2
0.1407590298433778,0.005733000441797632,0.7105155288756858,0.02967451063974698,0.002594763940425497,0.09525851626026116,8.509371738191693e-05,0.00025372292384575614,0.00753263054647898,0.007593202810998401,2,2
0.02647270832506101,0.0014611925681833236,0.029492731496735567,0.0077000589725186325,0.21816697237936455,0.6850771833856446,0.024733159082868782,0.00021257652997749003,0.00078225245448367,0.005901164805162536,5,2
0.21861554038960723,0.012836429767800132,0.36377184149383396,0.00798031700813543,0.0018895285873861641,0.35855624884572784,7.401871927603125e-05,0.0004857126400059433,0.03134119310752558,0.004449169440701695,2,2
0.05610107372949455,0.005050253934237073,0.7487071512511679,0.0013463243649125707,0.06958835309976014,0.10319183199194534,8.473088409636507e-05,3.630866906607864e-05,0.015489296202608718,0.0004046758727111409,2,2
0.019508254067403204,0.0035718790844845062,0.9510955642800369,0.012886448367788808,0.0012057835989820768,0.006902553115696583,1.3939069378401981e-05,2.3598186224765545e-05,0.0005241842311761196,0.004267795998828855,2,2
0.15834513451976429,0.000618204293406577,0.12877335937994525,0.006254389633316242,0.005631648420695649,0.6732258866559442,0.0009072707250094757,0.004112757228768625,0.012745141071893435,0.00938620807125642,5,2
0.13498987317652114,0.0018264874482672535,0.7180410142657239,0.045936928944435025,0.013622124148232197,0.07549119904769772,0.00022565866046141535,4.242047546270155e-05,0.00675213534990648,0.0030721584832922133,2,2
0.21466141762489022,5.820939622014278e-05,0.6104112032567532,0.110736157087054,0.0012772963712421913,0.045730755461122666,0.000461459902394113,0.00019437350371640118,0.0004356701096659356,0.016033457286941027,2,2
0.033474922087320357,0.0018133068014881274,0.9055738707430661,0.017117103869372575,0.01667455194984503,0.0222788860448898,0.00020621708133096613,7.854448293617373e-06,0.0020043704593649295,0.0008489165150286166,2,2
0.019053382124668315,0.08248798291670348,0.8755668960515701,0.007168554223041921,0.0020809051957578328,0.011543477553025046,0.00011761717010592108,6.476752182528736e-06,0.0017773580793372945,0.0001973499336074096,2,2
0.05658705416107494,0.0025695938344248836,0.473288348626233,0.0036544370957863567,0.0024089955444939358,0.16653465353364968,0.000366570853177681,0.006521994260929965,0.271415575506371,0.016652776583858546,2,2
0.03340226617105962,0.023010641292121752,0.8697183233754737,0.010063689182588528,0.0302080242261641,0.024854263793882555,0.0005201573007625844,2.2726733149897395e-05,0.0079401228974367,0.00025978502736030565,2,2
0.08564757693923988,0.49707615437700126,0.3693415272188508,0.01109567861598129,0.00338166439732384,0.022379152707722415,1.2848386846002488e-05,5.5053874209348794e-05,0.008029471919871422,0.0029808715629538094,1,2
0.01869409790700416,3.6431943576945125e-05,0.9393494872233085,0.023318907389525672,4.3109549628035145e-05,0.015062850309490903,1.4018448673036863e-05,4.1154734283206605e-05,0.000744009738337495,0.002695932756172274,2,2
0.02976202523919498,0.03133519618826197,0.8906301845450308,0.001483564165862824,0.02453313912085328,0.017937089827881614,4.7057305594480704e-05,1.625777726743718e-05,0.00414254889635632,0.00011293693369627598,2,2
0.20732256800854498,0.0190416797681397,0.6077511037049897,0.022781248245743638,0.004645358774757381,0.1258551801711118,0.0002383138009056204,0.0009830346457511926,0.006705254921994936,0.004676257958060974,2,2
0.041498982628837375,4.712560077219661e-05,0.7894397878030704,0.04761363206359874,0.00020629680444448403,0.10704311266629965,0.00263278483352825,8.790667814848689e-05,0.0006581900741200846,0.010772180847180311,2,2
0.008826116339227037,2.9617977513624476e-05,0.8539458308107809,0.09431476822534438,0.00014893992709798847,0.034479065848045526,0.0006797024436231991,0.00018540192590247147,0.0006584694758103749,0.006732087026654689,2,2
0.11845149538294615,0.0038983655888499696,0.027878593795120137,0.10337592436150016,0.022712504767650278,0.08285722595279041,0.012337781561178537,0.17545183365073858,0.0008174357376813873,0.4522188392015443,9,2
0.07111392726256335,0.033865151785422626,0.6015129269787189,0.007524975570705047,0.00857411909824566,0.2725107129628434,0.0007087183824082842,5.961865246593734e-05,0.003767667392813735,0.0003621819138128733,2,2
0.06461045837800362,0.04359974945851703,0.8551912083404678,0.0027825850371978474,0.00350677818848775,0.02848362163982536,7.780140616830579e-05,7.462907179903467e-06,0.001546368396214361,0.0001939662479379228,2,2
0.08942232136980914,0.018495914430514602,0.4458723220836029,0.002094379318698033,0.006949325897562121,0.43422369034787545,8.190176574058009e-05,5.553050668911311e-05,0.0019661104468257197,0.0008385038326823809,2,2
0.049750440926201775,0.0008785644761053065,0.8902612733685101,0.015549976769724085,0.0005168511089816292,0.013274068600149907,4.475280894285108e-05,0.00581135682250027,0.022961453214230966,0.0009512619046533778,2,2
0.08487323819835849,0.002210657375685603,0.32372621833762744,0.038812834630893606,0.00441993769875049,0.5147808048502719,0.0007267171919475488,0.0013126625001806526,0.019856351869897412,0.009280577346386957,5,2
0.03608454497051786,0.007131196709011632,0.9219121034559857,0.004007006003267217,0.005991919336406169,0.022450342598799494,3.2449472685216334e-05,4.232592524555583e-05,0.001428731675587376,0.000919379852493792,2,2
0.01894674878748606,0.0019020359696058297,0.9246955214974392,0.010191224792022531,0.000611291996241754,0.015721864296084947,7.89509082477186e-06,0.0002661251968428863,0.0007335100593828998,0.02692378231406915,2,2
0.023679867446605114,0.04465573041093095,0.6996868605887089,0.0019654722193151383,0.006437917147354297,0.221896989685332,0.0002833898392411671,3.133210906112565e-05,0.0003101458813722811,0.0010522946720790873,2,2
0.07937913397306244,0.002546935336737507,0.6534771406546341,0.002385634732258753,0.02126380294640118,0.23703336035572065,0.00019486224269230662,4.907776383399838e-05,0.0030972110322116594,0.0005728409624472973,2,2
0.05696916472822622,0.020223719683509965,0.8758932975963869,0.03706047042383961,0.0015892968504308705,0.002210241724305239,2.4354617560851714e-05,9.271659230594385e-05,0.0037089037043060657,0.0022278340791283893,2,2
0.06653957123689518,0.0013014316174297237,0.7611229273242093,0.024621069459261194,0.0034123802152305756,0.13354739477884806,0.0005486391962247132,0.0002218454686563311,0.004731220080746962,0.003953520622498069,2,2
0.019664228112856723,0.0005373049096182251,0.2943406913522088,0.004420115398387511,0.04198846741909955,0.5987455308161187,0.0009447276644940891,0.0036416362902200543,0.03035452503096489,0.005362773006031396,5,2
0.053173711540659814,0.0033397146923970214,0.6146679747767567,0.01965176058176379,0.029876536439506638,0.2716268438645374,0.000354752824078275,2.123021212542696e-05,0.006836119881420605,0.00045135518675443827,2,2
0.621930524731162,0.0005817752376258399,0.1162498319139188,0.004182469919365788,0.0009445322614295386,0.2146648476581931,0.0007687112685499833,0.006832786638381724,0.0030567784711348937,0.03078774190023839,0,2
0.25177309532425995,0.009674447460381402,0.538357809695772,0.015591619825627599,0.007166595600221695,0.16194670954325935,7.47370840180881e-05,0.00015367729347540637,0.005659585282021443,0.009601722890963223,2,2
0.0025390709949419383,1.6269274733942667e-05,0.5404349395422688,0.020768483702697425,0.0001677438769869241,0.07686162127258363,4.8439801055474884e-05,0.2988180891154778,8.226660214096506e-05,0.06026307581711296,2,2
0.060534585551986424,0.016059081111895124,0.8660964926197879,0.01004841227997493,0.007518410376823969,0.031885526993434006,4.1780506024065054e-05,1.712582536452394e-05,0.005096007389853817,0.002702577344855346,2,2
0.07341481843880915,0.008334685801752745,0.8720514568925923,0.0069395477206539765,0.011967287927142802,0.02667750090464939,0.00013748228177121503,3.8424208142450266e-05,0.00029296217934822704,0.0001458336451378253,2,2
0.02191640622395099,0.011908255793046434,0.8970973474768994,0.002745659052876941,0.004701418323710236,0.05914084517633834,0.00010684256319969015,8.701025730145462e-05,0.0005455444145425787,0.0017506707181340132,2,2
0.07319187320259443,0.004878851886846373,0.12286362150326119,0.016690560218465933,0.007828050753366999,0.037279213853504856,0.0015043145207674633,0.01046366653056115,9.142169376032751e-05,0.7252084258368714,9,2
0.06452188206345823,0.002272032080375434,0.5998258235181823,0.12254454695351714,0.08815913378499216,0.1159261715669441,0.0003420038541222264,5.439805739667497e-05,0.004140431436567006,0.002213576684444905,2,2
0.2686834024901532,0.00832732610931782,0.5937296567409497,0.020086773450936103,0.0023034043765454183,0.02481510168039381,7.159539557917058e-05,0.002224346526255019,0.002764907643829387,0.07699348558604022,2,2
0.19463002612417926,0.0026576124969821947,0.7351143354473262,0.020874226480091154,0.0036070774337118817,0.03418907934333419,4.910626018181251e-05,9.100332866956073e-05,0.003277343543316727,0.005510189542206961,2,2
0.4064973355314811,0.0054892978211522996,0.2347211418502903,0.08160899352570283,0.01764709985642957,0.20900094737878055,0.0003367342848198931,0.0008139080203552326,0.03695508531122631,0.006929456419761845,0,2
0.20521756726585272,0.0007056595409288475,0.050341401567357995,0.05006331193692328,0.0156169961758925,0.25227873559792785,0.005702927660880304,0.03989756004696682,0.0004139287303383576,0.3797619114769314,9,2
0.03019189591680587,0.016035996482045987,0.8889468682562381,0.036809028151736936,0.004901344338462451,0.020216593236001223,0.00014087076627264616,3.271489576769376e-05,0.001247998983918597,0.001476688972750794,2,2
0.009722100930221663,0.0001572927839765295,0.985251810915021,0.001255198940617143,7.683570679916133e-05,0.0020246364907057467,5.5589815116417045e-06,6.424577154472723e-06,0.0005497716037532891,0.0009503690702394622,2,2
0.025651001793703138,0.0041134200765953,0.9155009032336088,0.002966854661930848,0.026924344333040223,0.024098312827321812,0.00011450874006926502,1.382086232841762e-05,0.0005108960296669485,0.00010593744173519001,2,2
0.0847636414842188,0.0033175909446475573,0.4793102609528938,0.144483444145956,0.19569494920408387,0.08330389387968613,0.00018576087638734405,0.00021530114996827013,0.001694288232183887,0.007030869129974351,2,2
0.03920292911206426,0.003941617537417387,0.6367841571555239,0.14664966205137508,0.04967877427222156,0.09267077900690496,0.0005606231886356102,0.00017212597051742562,0.0006326513644423783,0.029706680340897445,2,2
0.0509940623526915,0.0007110870235174275,0.7218048971513636,0.002090368661152812,0.0863921344056681,0.1329447959739299,6.934033138872975e-05,3.295188511441139e-05,0.0045104468253718425,0.0004499153898018039,2,2
0.02591949021736827,0.0001437866289245642,0.7473689426952976,0.0019100260146115474,0.0035457920380595224,0.17782897832200042,0.00012716269302114421,0.010028225566358089,0.01628863230844589,0.01683896351591299,2,2
0.13394996386059627,0.03347991162707613,0.43508716828640775,0.006763045079039362,0.1865687237061036,0.19853905407099448,0.0005574135590544285,0.0002358915744474402,0.00307225957056965,0.0017465686657109011,2,2
0.0463045744454769,5.002949474688454e-05,0.32808175307005655,0.006809226613069474,0.0028087288008110988,0.08460014204751563,0.0007312688138357145,0.4860813701530987,0.0021308939068719404,0.042402012654517124,7,2
0.031119554931226062,0.0004250534678342903,0.9116592761822017,0.023643090124175408,0.0001211388450833121,0.024396032951358733,0.0014627699726185847,4.074713998242305e-05,0.0017421064751042211,0.00539022991041535,2,2
0.014134426532881474,0.0009002343919233054,0.28775902141654486,0.008770647632144742,0.010952133523980122,0.29649167823972306,0.284748254403012,0.0349578046018203,0.001179675274586736,0.06010612398338327,5,2
0.17944491523068676,0.26718524139818084,0.4727848129807753,0.01774289043129253,0.00354416329468036,0.01903031332466658,4.611602690393533e-05,0.0004046483213535614,0.038303083004230604,0.0015138159872294778,2,2
0.09579632263988501,0.0033002093211314163,0.8374117121403704,0.02396266783837943,0.0006086799341792491,0.028847928081389605,0.00011500277977640995,2.5428303366166576e-05,0.004069823903833351,0.005862225057689156,2,2
0.030299955119565798,0.03887111260855882,0.9190317977629157,0.0029535355301991886,0.0013073729809582233,0.004754011273672985,9.584508755205023e-06,4.518666537183838e-05,0.00046444125805659406,0.00226300229194552,2,2
0.10547664254594923,0.005986062817716791,0.7834386146062009,0.019374763490406725,0.0035649359291393384,0.054124023367046026,7.587755289104205e-05,0.0008590478859725102,0.001561541392079094,0.0255384904125985,2,2
0.3699586814158149,0.0007458439117614052,0.15803835331590566,0.005854664502628694,0.0024222486899416807,0.36653863868968006,0.005324034771125044,0.021109163177196986,0.0041642659176272965,0.06584410560831847,0,2
0.020601876138119576,0.00022414039971176448,0.7082025299864693,0.0048203912603657795,0.007692092855294063,0.18892972779906309,0.00037564105246047684,0.001666078665528405,0.06038434833591781,0.007103173507069667,2,2
0.042914583589202075,0.0007082916016852168,0.8561528268542038,0.03494298018582611,0.0005782217669917668,0.0530322499560735,0.0038717187510286808,8.80831913827115e-05,0.0013668397257148,0.006344204377891424,2,2
0.2714896538148312,0.004580199209194176,0.4504412890513397,0.14532749162228714,0.010250981337352898,0.10525884942228235,0.001126799063927937,0.0011553332442995614,0.0023029008102372454,0.00806650242424788,2,2
0.023817115981959132,1.8191006195246823e-05,0.7702353379221195,0.07429946596439156,0.0006865655013449508,0.028446587792496696,0.0033484352279596155,0.001676213335583464,0.0001740711381393414,0.09729801612981072,2,2
0.31847906720322117,0.000516642042074211,0.522524024058637,0.0013768615965885907,0.0030578964335845164,0.11680218641836164,0.0003710452193421375,0.013869669390409829,0.01302347362655601,0.009979134011225011,2,2
0.06714212812496503,0.003986100331774734,0.8718967499198014,0.005947643063817373,0.017443397545345105,0.024029104617275275,6.287907072523671e-05,2.3244036287385934e-05,0.0022016293569004333,0.00726712393310804,2,2
0.0857287043247012,0.006021195709951641,0.7173757249840322,0.008419032106474326,0.016181709198895784,0.14828619019638195,0.00019530063665011688,3.878030252345631e-05,0.017101215563058058,0.0006521469773314048,2,2
0.02371902149079192,0.0016374260257443142,0.9497579082397749,0.004841026425679651,0.0016606239412287488,0.010545562885833639,5.7876482831774955e-05,0.00016681497302042873,0.003647846914764187,0.003965892620330443,2,2
0.4454018831903135,0.018639024861846303,0.341966914616463,0.01820858581954647,0.025306518981613502,0.13745029029827768,0.0003867990644458634,0.0006107170279119951,0.007909990808059576,0.00411927533152219,0,2
0.0713382799906224,0.0005961439605541311,0.838025872053833,0.02628571584153766,0.003648162967554003,0.05190624550280541,0.00014877831690853502,5.963047149579754e-05,0.0022689825649358213,0.005722188329753368,2,2
0.07425390185247109,0.005192068640740076,0.8554070307794334,0.005250932623325852,0.002971464406479625,0.030780386225968907,4.0745061174073637e-05,8.173352965431928e-05,0.024372583940298842,0.0016491529404538525,2,2
0.010367308241343479,2.641302770199678e-05,0.8140981369000132,0.018866453933781037,0.00019379609855308115,0.13892428385046132,0.00022211643423885094,0.00042039137440169573,0.0021969656387647463,0.014684134500740508,2,2
0.04170482669164863,7.548006927049235e-05,0.49856156665578816,0.05298517918317609,0.0007623446092127102,0.3726492608445035,0.01873358859977505,0.0022193434527244217,0.0019717611100447674,0.010336648783856234,2,2
0.17313335536130128,0.01012921927781748,0.3340108663030672,0.23244539665418457,0.0111547012054087,0.20277531082594294,0.0010947316110262802,0.003398084736493768,0.002209188875766683,0.02964914514899117,2,2
0.03154062694721723,0.0012967849547799546,0.1729706425501258,0.043845266385037954,0.036262014081402734,0.6918390526912621,0.010149492447302616,0.0009779792328680384,0.005103675853111319,0.0060144648568920865,5,2
0.17662939871254651,0.011292961503599172,0.6109662709969145,0.028196166019312026,0.02082771542571469,0.13306960414879765,5.275670143805997e-05,0.0006161141345491349,0.002677752892661902,0.01567125946446647,2,2
0.04219481627417081,0.0008325879855208817,0.8690031696759344,0.011085300524448779,0.0015117662057229934,0.04314678108601905,0.0025359587994867906,0.004719797079578776,0.0028575301011175063,0.02211229226799992,2,2
0.6519356283250081,8.052854710532349e-05,0.13138153364524274,0.003100333137555417,0.0022650870527461,0.1032239748258824,0.006015790266473982,0.023647397634031703,0.001410639819370696,0.07693908674658359,0,2
0.07068924307513919,0.017943529065889443,0.7278420079117517,0.010675460845640042,0.036404946390147644,0.1334115868754019,0.00022065075545365162,2.6135875888624277e-05,0.002379227327663694,0.0004072118770240754,2,2
0.19018274244490518,0.00318282924725472,0.2156602201419739,0.009984903432778473,0.04063997900402545,0.5210705036532453,0.0024440857906375436,0.00013338165968716247,0.014764712976691213,0.001936641648801178,5,2
0.1312412491409954,0.047588013535452535,0.5215260954867861,0.008711844244076247,0.04643956372505076,0.23235314806019156,0.004285905798497118,0.0005631625898741216,0.0029168400580540784,0.0043741773610222415,2,2
0.1548664542050809,0.011527554178198717,0.6689614731026183,0.090831121990423,0.012119677489083516,0.05199862779929531,0.0012219999127542798,0.00032705821713733835,0.0053067293181199016,0.002839303787288602,2,2
0.07158941086917345,0.003545130339079934,0.7465554992722283,0.09742249993811652,0.006989143983793734,0.0667838299326401,0.0009943873190425704,3.275841431403414e-05,0.003219623326660983,0.002867716604950439,2,2
0.016478127948572882,0.00042459252321504557,0.53472321781936,0.05894378815371244,0.001119962138152525,0.20402554818810628,0.0014174842934346742,0.014748591839380555,0.0010380337240469047,0.16708065337201855,2,2
0.08818310738084546,5.030087144188318e-05,0.2552842954350242,0.06118601764090914,0.0014114262888141346,0.3614527663205111,0.002014804189462353,0.007050694136216031,0.0005259914059079579,0.2228405963308679,5,2
0.0357152294722187,0.0015306162559204865,0.30784791810111745,0.0011406718358619593,0.01184231860529564,0.6137513396022217,0.0020640049897181945,0.0004226972957142138,0.003901035652141675,0.02178416818978989,5,2
0.1145058074045586,0.010919489998434602,0.8184516171920198,0.007215178562366666,0.003794076393901373,0.037443221304644274,3.636497180269579e-05,6.394451811552058e-05,0.005405407075399219,0.0021648925787573345,2,2
0.02617555713020158,0.0002457029613073638,0.7186613346507805,0.010476689906610812,0.015231921730204098,0.19135906766223343,0.0018358188315791377,0.003303817654437731,0.023623554502368412,0.009086534970276908,2,2
0.145896529167188,0.009168131077585639,0.10246217725045562,0.017581546852193847,0.00315632882615604,0.09758866983308137,0.0013838918356802964,0.006966982462888032,0.004671205145434723,0.6111245375493365,9,2
0.046723619839472236,0.007511238227017726,0.577522368365038,0.003158052331550955,0.18401742013351804,0.17741318663521155,0.0008920646357175242,0.0003305512109475026,0.0010808390032578919,0.0013506596182685728,2,2
0.07069713229566256,0.001116749832436581,0.48924007379548134,0.010859523186341716,0.004347949887386659,0.2799712375166282,0.00353455952972041,0.02847638913162198,0.04634093721310703,0.06541544761161358,2,2
0.13589507400705514,0.14242972538504425,0.6218183652388458,0.05620315370679757,0.007354829580946021,0.028543051234102938,4.7782218604672434e-05,0.0005089156198570064,0.005135804557376451,0.0020632984513702835,2,2
0.02350417734253725,0.016620594872544664,0.7769810057310322,0.015855635601880753,0.10345145478157432,0.05844532447867668,0.00021638988256547374,1.8734031046658483e-05,0.004778520859524143,0.00012816241861787284,2,2
0.08088155347908316,0.018499336388058413,0.7938678321421649,0.02634449619973283,0.009857928917604605,0.06433021801608191,0.00028261086133845226,0.00014871172942600822,0.0038766798952221885,0.0019106323712875229,2,2
0.15247222974150165,0.08593218005137251,0.16375676287372876,0.007870451631550824,0.01914451698297368,0.5539416147394476,0.003178160818188979,0.003480242545105436,0.00590651965974069,0.00431732095638993,5,2
0.16816347626440886,0.0006034110565990138,0.5005460740625046,0.007644851814933592,0.011650103462706262,0.27518701949681423,0.006402420458114233,0.004766648772410245,0.003307528553030173,0.021728466058478783,2,2
0.09904344962320957,0.03897105446463027,0.7119913230066496,0.11061656854086968,0.008519470636631762,0.02252105610551091,6.635414732999276e-05,0.00022391069883848569,0.004916552650289897,0.0031302601260400856,2,2
0.22895151362219904,0.0007578590329260955,0.6254185900128498,0.0387688848040052,0.0004916849711201753,0.07431239724074806,0.00024608967963727203,0.002842531750639725,0.000726244992996896,0.027484203892877875,2,2
0.04923876520836272,0.011605815297784577,0.874008254009568,0.009417668222115191,0.01750686632631153,0.036235528424832755,0.0006104076449293383,3.310753395767905e-05,0.001055596380729554,0.0002879909514086395,2,2
0.04647682918275016,0.0009972207971449256,0.6417242532588799,0.08067056432191402,0.016179837152146256,0.1983284713798171,7.630611116098676e-05,7.013521852642602e-05,0.005775053943311353,0.009701328634348801,2,2
0.1685603955852908,0.0004655191058778335,0.6679755775342167,0.024883301835006803,0.012903068616419197,0.1027696581386787,0.0006004817773377197,2.996066222220689e-05,0.00663812114268068,0.015173915602269276,2,2
0.01184008486799058,5.635923746420387e-05,0.803934278008735,0.018648828810420272,5.9984309776477636e-05,0.14616391972176238,0.0003575430212739248,0.0007297804607497007,0.002905994515865655,0.015303227045961761,2,2
0.3881287633377649,0.11271652602985122,0.22437421188286963,0.04405367116254933,0.004652991136068479,0.16377570229964122,0.0015526955179496521,0.005605027851194886,0.019644332547041954,0.03549607823506873,0,2
0.12190163779687122,0.052158144620327154,0.7511624425479511,0.040668175492800065,0.004244103207706592,0.006721347972675984,2.3974603893403028e-05,2.2134708965049033e-05,0.022543518642228786,0.0005545204065807189,2,2
0.009787024490525893,0.0003101964966580087,0.9859420092625167,0.0008454621707418238,0.00011730497660998066,0.0012715396792219679,1.5390172404757845e-05,2.622439065861194e-05,0.00044951200278404063,0.0012353363578781501,2,2
0.017039712912209442,0.0004262393929262088,0.27633571889576164,0.6199558393540402,0.0022302406593676907,0.0724966428014068,0.000571850400336245,0.0002224901623558361,0.0008273580688917155,0.009893907352704293,3,2
0.03764701434459612,0.021983207094291066,0.9016309479901489,0.0035515024411199468,0.007058539084177536,0.027301320578719392,0.00010385150464605303,1.166198636981646e-05,0.0005628075843092077,0.00014914739162197817,2,2
0.24980302527183443,0.018061523906128092,0.6029576936955606,0.019515261659990228,0.0073131237365910975,0.08045099297908836,3.8255783761891066e-05,0.000345875226244905,0.0028586457986592706,0.018655601942141047,2,2
0.12029934836910776,0.0027735509281713237,0.09473896815008527,0.013017850816686213,0.031574858773352164,0.06346552817836056,0.003211469450494547,0.024535234963221606,0.00037192110121327864,0.6460112692693073,9,2
0.014854938766404813,0.013490124002682562,0.4281004850457855,0.004159764346813831,0.317081456964705,0.20859344145368985,0.009786640730562226,0.00012497617769755733,0.0014769019954847036,0.0023312705161739563,2,2
0.076253192852685,0.00045630347073815215,0.9052416394342857,0.006334798371675704,5.1021818502376606e-05,0.0016834277541589,8.609904498590006e-06,0.000282319110954635,0.008354608776336201,0.0013340785061647605,2,2
0.10983288711812543,0.0015248156258558681,0.5398533245966525,0.13415345480600974,0.022752718498067273,0.16905117396945693,0.0011198112709553893,0.0010414287339833637,0.0007262370573581247,0.019944148323535388,2,2
0.01640819088041961,0.0007868903997015912,0.9758497170574185,0.0013142842854460747,0.00021280802175430635,0.00261388499061698,9.823557290205876e-06,8.429540080955756e-05,0.0005908158324435408,0.00212928957409975,2,2
0.06992260375994219,0.0069403836246264014,0.8096217826345129,0.004743550151448832,0.02239454392306716,0.075121895910373,0.00038382922336557216,0.00022451985297659507,0.008320911181172048,0.00232597973851531,2,2
0.11993281155517306,0.17504435324768197,0.6478658834720027,0.009191651854468163,0.0045594792555774,0.030338140717085585,0.001759739601876519,7.507234499653523e-05,0.01062132851798081,0.0006115394331573548,2,2
0.4084008093193482,0.02066508630920348,0.128961524655015,0.006475266507898465,0.05627072642026115,0.3730989298617951,9.028230936387791e-05,0.0002222185475456282,0.004068240031525818,0.0017469160380432062,0,2
0.1194423354735761,0.025004792814666818,0.7287956777350975,0.01599815572970878,0.0013378536728034414,0.0966839795297503,6.826290364652109e-05,0.00014384075787478914,0.004457561157438091,0.008067540225437651,2,2
0.055941051529062494,0.001236965277072509,0.6418619999555881,0.007853943248451754,0.13007826240298362,0.15641661285448802,0.0007021235775497497,1.8771151963041374e-05,0.002822168616594329,0.0030681013862463935,2,2
0.01665086728746116,0.0020837698990285067,0.9526678007846734,0.0032521867780853477,0.0010097537220715928,0.010051761891808078,4.769645015080215e-05,0.000852570949063283,9.452581570052466e-05,0.013289066421957497,2,2
0.1252208883193652,0.003751724621181843,0.5205190383590149,0.015866483073555232,0.1583444946570116,0.16133402107091632,0.0005478004224163499,2.6473142729746505e-05,0.0038737101434175676,0.010515366190391208,2,2
0.10036973141151523,0.007342370180573865,0.7944214011938879,0.024607830336522807,0.0012116666613452359,0.05872788505333037,9.988349507098265e-05,0.0004369480634458213,0.0028978567669322207,0.00988442683737586,2,2
0.16796345668422216,0.013559770633238828,0.21134700282384206,0.08610405428860018,0.043499276237064344,0.4672578801677507,0.0007620250248885748,0.00035108279799543314,0.0028904031061746565,0.00626504823622305,5,2
0.061231622326434226,0.004251105391410768,0.6372738773497179,0.24224202031561723,0.012522588910360882,0.03622478908779088,0.000452260307685838,1.77409086543815e-05,0.0019613479878359584,0.0038226474144919457,2,2
0.058698445880252824,0.04143920449361588,0.7642677444025416,0.017635583289443417,0.006064577945730907,0.06550519347587885,0.0014577360479722105,0.0004603493136937212,0.02572647456205534,0.018744690588815283,2,2
0.07532342429767425,0.005861488554022369,0.8439511179285424,0.025394443514268422,0.0010561326627634567,0.034031102934053564,3.9244008871190294e-05,3.1202571897020934e-05,0.007631044804725036,0.006680798723182231,2,2
0.8149750135017029,6.531719102583981e-05,0.048492752328673734,0.001350754025489479,0.00023184323115040483,0.05165246992909658,0.002895428982354416,0.03385871241194009,0.030897656136876447,0.015580052261690234,0,2
0.09067185176696216,0.013975710872913334,0.7265425187973475,0.014165806143270981,0.008825746624828282,0.132567133900522,6.213862280929254e-05,0.00010745876600013222,0.0014971185648119272,0.011584515940534307,2,2
0.031805687146870786,0.037216642018569536,0.8479259713751043,0.01134769702585035,0.011623444649187187,0.05644410373805982,0.00013237759448842033,2.568449649995363e-05,0.002972027438288366,0.0005063645170814,2,2
0.09208739288464034,0.030186274035305334,0.6412605128499403,0.01281689675547519,0.025632568583624685,0.055477818266919804,0.001424184032406925,2.5217126375106048e-05,0.14085798062140908,0.00023115484390325507,2,2
0.03992900651450006,0.0003376548378407917,0.521403459784558,0.05414073319778451,0.011932791007661162,0.3341814059720754,0.001006497338358257,0.0011585021822768451,0.019916328193922472,0.015993620971022436,2,2
0.02031983589949969,0.00023251101328995664,0.8890267685796485,0.0019616462954618586,0.0019254560083700894,0.05328499152928353,0.0001112770644841817,0.0024612538856912964,0.005989166287594516,0.02468709343667664,2,2
0.058276445424933,0.0007605569104257228,0.3083713979023791,0.019579046916784124,0.006294298844037662,0.5818574578452828,0.0023072819497837543,0.001523846809813044,0.004612231655344643,0.016417435741216367,5,2
0.019184375220601225,0.000132787351446327,0.9126384448248105,0.04468347683576922,0.00014208859950617925,0.020323300879984397,0.0003648990203649543,2.8671009191531634e-05,0.00020667253178152585,0.0022952837265440527,2,2
0.04007773010290055,0.00038239202867157136,0.8825034393078532,0.0434068792562454,0.0005611784512788001,0.02817941486934983,0.00015847020361129923,9.372850494265684e-05,0.00018697171281135554,0.004449795562335496,2,2
0.07166970417220904,0.001061955216454736,0.6659330719762191,0.025560897370663735,0.0017585067564180505,0.18910173698625515,0.0005296923506994446,0.0009844121512108442,0.00349275174648254,0.039907271273387446,2,2
0.06962469328554638,0.003261618135488383,0.7955943799227521,0.04023182925057564,0.0005488389504728653,0.07746669855679907,0.0017008440335078347,0.0006566327992482011,0.004312752371407818,0.006601712694201673,2,2
0.03862712898377178,0.0002179823107946867,0.9275568138469236,0.002720931686019008,0.00010845834205450032,0.0202011491502642,6.200930149816019e-05,0.0006507931416280258,0.002346376920312812,0.007508356316733382,2,2
0.027886214346655412,0.014969196915503979,0.9214430937734591,0.011317085323145397,0.00828367470955376,0.01347678737096199,0.0005564416142304721,2.439278453604019e-05,0.0017515088582127731,0.0002916043037412414,2,2
0.11396631095290069,0.003211446931803116,0.8608866293717897,0.0006469988293587113,0.0003814405956447579,0.008716232902903527,7.910347742426258e-06,0.004666411498424639,0.001986470726339198,0.005530147843093282,2,2
0.0539199085137083,0.002600599700974003,0.8228273941994184,0.005814079538406353,0.005745715447682893,0.09607848018424688,7.23696570914992e-05,0.00012436849604152212,0.003265425357009826,0.009551658905420589,2,2
0.020533678639982827,0.0006591600463768866,0.7706152392410488,0.16405213439730798,0.000863800598472465,0.026405060080219818,0.0005661966542177539,4.123081145153364e-05,0.01411758777862775,0.00214591175229432,2,2
0.09102282935570309,0.0001449136098113373,0.69837122940347,0.0075085243991848604,0.007793135006216461,0.10741484413352306,0.0013602428263632996,0.0015368043459776022,0.07445375107747468,0.010393725842275513,2,2
0.11395789118445282,0.002803022537967301,0.798017738682765,0.021487178213391814,0.006861098115160255,0.044020770124531136,0.0001394253521735203,3.232009514196741e-05,0.008074377612318495,0.004606178082097746,2,2
0.12957413944672594,0.0009582008529173108,0.6210161377960814,0.032971926104452313,0.014079149372114838,0.18771758987161705,0.0003661235617496071,6.525910128897315e-05,0.004708128253447399,0.008543345639605262,2,2
0.05700816231954146,0.06265808529645726,0.8291398420054882,0.02207805341133998,0.005605362250584337,0.019555844896460284,0.0002134457758634566,2.6794526587613962e-05,0.0020591509248978008,0.0016552585927796487,2,2
0.11171919198610994,0.010076967396470335,0.6589285922023453,0.003824338451311124,0.028732941690504936,0.17524420830203682,0.0009916576541421462,0.0001001641694239369,0.004843113999971106,0.005538824147684336,2,2
0.1708162116477382,0.02592047918136016,0.5277953561994467,0.0049468927228406324,0.0019229414732368476,0.08534421993177585,3.4988230217418016e-05,4.6790754616295325e-05,0.18264196272891517,0.0005301571298527408,2,2
0.034908788135693536,0.0004120761877648122,0.8396918084466294,0.011166239944323903,0.0002513346773379297,0.07727275111646749,0.0003618816498791559,0.002977174741200497,0.002047752509255171,0.03091019259144799,2,2
0.028098292061846455,0.013441495316514685,0.9326637155267965,0.0043592366315832855,0.004909733946370032,0.016012037284996786,2.822253180634086e-05,6.327878551833967e-06,0.00040287646540164,7.806235613242523e-05,2,2
0.07756439567284738,0.007307864624629842,0.8494796535221043,0.0077585064078413936,0.00422692188841511,0.03578018713073826,1.4425508097257195e-05,0.00013009142794123663,0.0014000676791296848,0.01633788613825566,2,2
0.04631682257293018,6.550190088045546e-05,0.5868079242016141,0.10075204862934124,0.005190956758507866,0.22706804136805717,0.014955955920453302,0.00024368445685109808,0.00032797328111811757,0.01827109091024637,2,2
0.12935599097291944,0.0481376347350186,0.4740566835502451,0.022756151108042997,0.010603072483678333,0.3029490707339505,0.0001271546775253859,8.266956556725932e-05,0.010428367701705733,0.0015032044713467916,2,2
0.05900472364437571,0.03394465080156373,0.2662850728911072,0.009349799825448287,0.16188521971071734,0.46022651607080445,0.0008464888023121178,6.714753515192996e-05,0.00775849119033369,0.0006318895281854987,5,2
0.043232847805879465,0.0012329196223241242,0.7803706506487226,0.030472134752024524,0.0007058200589985814,0.12184485781698873,0.00014154039182048036,0.00039368484945969176,0.008420189877804239,0.013185354175977498,2,2
0.03977304429202444,0.00013877187514274613,0.7652490966374335,0.025749886162658615,0.0199859511881501,0.09593774438290763,0.0032124727949006957,0.0005304893623970933,0.0005867922480493532,0.048835751056335724,2,2
0.3499866648392147,0.00034272152577096793,0.3681478208520025,0.0026531514714710483,0.0035538165408776964,0.20136635236533829,0.0015532913304665496,0.05826276460719926,0.0023446973080213066,0.011788719159637685,2,2
0.09560942158419854,0.01128712730968576,0.5330366085684107,0.009302289305971817,0.002016970575754359,0.019501562557535025,1.8098733003734565e-05,8.006206665666521e-05,0.32859638116561457,0.0005514781331689416,2,2
0.02580989223571545,0.0011942379752898076,0.13367867789468568,0.03279297304756549,0.002194305641535382,0.751055726240874,0.0017342227675415042,0.012156183196056412,0.01432924801042285,0.025054532990313426,5,2
0.2967905129727559,0.001349908751901061,0.35823540335640797,0.021795026171549145,0.06848146220601574,0.23469447979550406,0.0023145465752224216,0.0011935789242157404,0.007509266304327613,0.007635814942100315,2,2
0.07826392536248489,0.0005734729945746683,0.7595239776619029,0.053138045365450345,0.010158579051336146,0.0748730470369807,0.006114799003162879,5.8697354690163834e-05,0.0001106390363981272,0.017184817133019118,2,2
0.06990208157378412,0.009461373253255525,0.6318915668435661,0.21811146532063488,0.015104914044917591,0.05025808994332978,0.00017463133373302702,2.5099907300951503e-05,0.002362296686319131,0.002708481093158952,2,2
0.32413312981804054,0.009952457377745678,0.38117254031845005,0.02280087523806785,0.029710190652582093,0.2237321530133552,0.00018751249272790332,0.00010832656198362053,0.006065019622129906,0.0021377949049171965,2,2
0.07641740355364994,0.006468431311858067,0.711631902758725,0.03461382950012503,0.0026002435504049767,0.12534676399386735,0.00010268915698872944,0.0006068793964705589,0.03742201932988074,0.004789837448029679,2,2
0.2555464085493145,0.002521527832986408,0.4964624237112068,0.1429325727531367,0.0019104521281988176,0.06982176794274741,0.0023783683483228598,0.0006428859928211644,0.00239572036840177,0.025387872372863628,2,2
0.041979950165411256,0.0007850526160685291,0.39711693466830017,0.052469718739139706,0.027159614049965874,0.41399284065231934,0.009047734994141072,0.002880531625246734,0.005855841370318441,0.04871178111908899,5,2
0.08094641234361533,0.02585776916184522,0.6956864037534171,0.010140759670169398,0.0047380927520935985,0.17369504839150512,0.0026131216235742417,0.00013577021907862407,0.0008050497117166704,0.005381572372984775,2,2
0.05638466930874529,0.0037338984429793076,0.8246666986081639,0.006450875474558051,0.019486584402890337,0.0812095729979237,9.050821604646077e-05,2.6790289967550956e-05,0.005936667536667848,0.0020137347220576503,2,2
0.1872824611181414,0.016728554142198662,0.6091074684096056,0.0038320291431438464,0.0031502763848938525,0.11373252546024153,6.465432583021961e-05,0.00014780621752265676,0.061453409842088406,0.004500814956333834,2,2
0.13993817622488658,0.0472460177490423,0.7575136035944545,0.008222750822223818,0.0021979520526525923,0.03185540565978581,3.6150144648076196e-05,2.2478208537651395e-05,0.012379074076821277,0.0005883914669474052,2,2
0.23345507963918463,0.00019679585769543032,0.41092004387109904,0.09626880630439627,0.009242249368821195,0.2259359908752758,0.0033523407524968843,0.00011263465193155034,0.0006200777728989299,0.019895980906200178,2,2
0.031876627811066496,6.981132759924709e-05,0.7959930590733388,0.061429206457238726,0.002368604701318969,0.023902999510286765,0.002070748217683304,0.0008008695164240926,0.0010176302720947014,0.08047044311294883,2,2
0.02132399437978494,0.003076042811970395,0.9416617251763989,0.01139912606474086,0.0012947241081059445,0.01576020331651673,2.01268418731067e-05,0.00021244257869057668,0.002565563446700538,0.002686051275218105,2,2
0.19067729537365768,0.0059815817725138686,0.5941586925413594,0.049231312581913995,0.0039039077963496684,0.1317408431348781,0.0011840659285302902,0.00030619196693783203,0.0054245134180094376,0.017391595485849714,2,2
0.01383390852247548,0.2556079799967415,0.6936429304656573,0.001160216344988125,0.0037269765576860127,0.03119216177228015,2.153375741343689e-05,1.6463021368848278e-05,0.0005491274409274223,0.00024870212046174415,2,2
0.10347466291366525,0.10118787286255165,0.594028419197383,0.07889302350900278,0.06008376802805949,0.05539156543882838,0.0012500186515009047,0.00036211571850310503,0.004036052224470154,0.0012925014560353828,2,2
0.3094738370556588,0.005472205096994351,0.4674416634731696,0.08692721167526408,0.01625999265883612,0.10062004335203562,0.0002480289698005093,0.00025858499585490507,0.009484664468708204,0.003813768253678025,2,2
0.07752610463139935,0.04161576637186234,0.8346489793133542,0.016523868373069895,0.0027076951715159134,0.020499413255209153,3.910710178210838e-05,2.537036533468244e-05,0.0026564337208064915,0.003757261695665915,2,2
0.023337655584423474,8.972490661567316e-05,0.7712394065862159,0.002733665337071361,0.0029187679077357816,0.16365618885018668,0.0009823812085988236,0.0047592783982848075,0.014980420556922096,0.015302510663945466,2,2
0.1424067789508245,0.006352569853642182,0.6382580262390724,0.035221021933167646,0.02878933585925975,0.13856970444652167,7.658873848243699e-05,0.00011006137455045755,0.004194850898321656,0.006021061706157526,2,2
0.026957383278887668,0.016063808895515935,0.9057897338407941,0.0008930373075208432,0.0027341469186141767,0.02749110948396053,6.889632396990521e-06,9.825989247762152e-06,0.01971022680708694,0.0003438378459752207,2,2
0.015167379384401328,0.0004659732954868049,0.9264346337033228,0.005010058359843402,0.001995621016010158,0.038511197124600584,0.0002593617765220077,0.0017883576556982914,0.00845146735722439,0.0019159503268904893,2,2
0.362262906764926,0.002664571724990977,0.44839311090586775,0.0022254521947398533,0.0028284737230191443,0.10466310318684308,0.0005925885971243745,0.0003827029747737356,0.07236818980042159,0.003618900127293615,2,2
0.007735925891663267,0.0004326914018290096,0.8149659315462963,0.012434848431682504,0.0057316643365136494,0.11624538535150389,0.0015788976520514102,0.015311732339311625,0.015796682748941363,0.009766240300207086,2,2
0.04965837784113347,0.006451486929898329,0.8605024630645327,0.04580686033687124,0.00558771821280567,0.021926426052884578,3.3988217841394304e-05,3.145379533068533e-05,0.006327259010070822,0.003673966538631085,2,2
0.03729177272325255,0.009743631648997109,0.9275621942962791,0.0026480798538583233,0.00463210542514669,0.01670885639680733,0.0002642079777202709,2.4616498108569483e-05,0.0010120389669633638,0.00011249621286688299,2,2
0.02846525435589426,0.003211306870886864,0.274598456356372,0.0023599565233688676,0.011494449596859154,0.6603693280434938,0.0013470235211205754,0.00022294020534854793,0.001455938996577432,0.016475345530078553,5,2
0.05213331042872239,0.011728893118400148,0.6433952557645632,0.25012088718494646,0.007467671692190851,0.029098151608988817,0.00010737970565687797,5.32717280458115e-05,0.004677872187101833,0.0012173065813834674,2,2
0.06429336896764483,9.25529953222392e-05,0.6830129496485071,0.03857703041971456,0.016901534148591538,0.18253749845934011,0.0022936724232764413,0.00018500609770626423,0.0011727842053137548,0.010933602634583128,2,2
0.07219173651835394,0.003106622871384486,0.8811140936615727,0.0005251802234794689,0.0037909464408163317,0.016831294944732775,8.100548360855113e-05,3.2619236115523645e-05,0.02218529564570022,0.00014120497423611103,2,2
0.10611763460120552,0.0020045153743139133,0.5218734470308412,0.06980784119781931,0.022179893478570193,0.25498992256140485,0.0004898658252570491,0.00014885528831718378,0.01959471311720671,0.002793311525064157,2,2
0.15131075220369855,0.01734943560957436,0.7911811697632272,0.004954710762550574,0.002956431958861432,0.02295610886316136,2.754330692271036e-05,3.563804998468154e-05,0.007043451136425769,0.0021847583455933415,2,2
0.34583281041828795,0.012022640541075791,0.4072101104259257,0.08159555660252954,0.012465201010258893,0.08082582831159837,0.00022501470717837486,9.827800495784849e-05,0.054257212124633025,0.0054673478535546514,2,2
0.06060627074705904,0.0011324914828891508,0.05903602503993577,0.00655665058851989,0.37440100343954635,0.4696462346204119,0.01195840403909616,0.00037996068042144124,0.002350881168855422,0.013932078193264932,5,2
0.28155966843469915,0.002089312580430647,0.4262710606824683,0.017157549249272683,0.0032219664628596657,0.23629904319464337,0.002061485989162375,0.011628646485432175,0.0034142695979712295,0.016296997323060437,2,2
0.024838586561218762,0.0005173372937152998,0.7062864408761949,0.0119790375748842,0.0016946201243934512,0.1861234278298614,0.000644832844479958,0.009951909226523092,0.006329863283326203,0.05163394438540286,2,2
0.025280748779107944,0.0002885845372604227,0.8238756458278285,0.0018826477624821819,0.0012066756888038759,0.1223140640204802,0.0001224362571596133,0.00651977318196347,0.01004558359361622,0.008463840351297658,2,2
0.14042258930849966,0.00025532488502173924,0.4847663956329237,0.10655997524732497,0.01616572983276035,0.215959785803154,0.008784992047020827,0.0005342948787322261,0.0029053674908872578,0.023645544873675196,2,2
0.10072309688097376,0.005126782954796567,0.7138460704385486,0.031213205083084103,0.004725627073181479,0.13579364750876755,8.592479597127121e-05,0.0004636040157363768,0.003185138426884407,0.004836902822056033,2,2
0.03337927398414775,2.238547500308661e-05,0.8687274097914214,0.03330599191035445,0.00015887266960367427,0.03691460574985176,0.0035381027388079857,0.0007505548137328706,0.00035098247055187953,0.022851820396525314,2,2
0.12226590060896579,0.0002656333095867857,0.6836623267561457,0.028080816331533268,0.0016608019262005997,0.13729540036925958,0.0006359001901767461,0.0013449695086416552,0.0011537351440380219,0.02363451585545206,2,2
0.06186852878071888,0.038752203200342686,0.8463631379450374,0.015892477950349797,0.007608724282218683,0.02586227987207639,6.585674600710775e-05,1.2481192447253704e-05,0.003227121494428666,0.0003471885363733062,2,2
0.05661780072008528,0.000656677535397855,0.6745695140170862,0.020290851366099247,0.007086384046505538,0.2165043138512977,0.0015162447999777342,0.0013367015217741873,0.0038448145900807007,0.017576697551695317,2,2
0.04130958800213788,0.0006355746196384422,0.7200847306924212,0.0741522501228587,0.0018935257329630258,0.13132846702744216,0.0008911699320350452,0.0003108190840080923,0.0004916262578998737,0.028902248528595756,2,2
0.0551783829807625,0.00016739454260811416,0.5607856896228766,0.036151544984454956,0.0028950503232709037,0.3074545014581914,0.0024559558374775193,0.009900132669405022,0.0023820658679977146,0.022629281712955286,2,2
0.1566685301114108,0.07736926505714448,0.6109025354596855,0.0021140306803661846,0.010391577444410108,0.13160657852002033,0.0019518733863516473,0.0002259208136928362,0.006327698702805156,0.0024419898241128998,2,2
0.20836036936261326,0.0426472139737848,0.6140903556025002,0.007808318548349654,0.007936608722244068,0.10421767249778836,4.897124505579811e-05,7.526150697784368e-05,0.01190290473327764,0.002912323807408437,2,2
0.03740440139694161,0.06554939478397481,0.8532394751749635,0.007589425045058225,0.004094276185970334,0.019338196516507717,0.00010983088217041732,0.00012825590966747475,0.007034709225065149,0.005512034879680938,2,2
0.009803091416658862,0.0012959117524660052,0.2850668102950588,0.03243594639736039,0.0030578492186462023,0.09772072003283186,0.005244444247411968,0.011088476410745882,0.001210585113240409,0.5530761651155799,9,2
0.12852550950461036,0.02360796793129012,0.7562404702514187,0.014305437192013382,0.02549851364064111,0.04835086964081871,0.00015667901493077006,2.183795732882786e-05,0.002849143296859688,0.00044357157008838234,2,2
0.4982410113315083,0.0003482136012925378,0.024794482824936074,0.023607634902659297,0.01500741592248515,0.23664217789035805,0.0007125023085966639,0.0030116122866568795,0.0031780625269254787,0.1944568864045817,0,2
0.09006216610423522,0.0035541598731806826,0.8213749713330161,0.0326113565817369,0.0038507460803249237,0.04052838979854792,6.396778417157864e-05,0.00014553381701046107,0.0011019579660354669,0.006706750661740793,2,2
0.2944975851321178,0.012026164530097585,0.49881417626020624,0.017759614500883366,0.02158405750159859,0.1368794330939427,0.0007335976250559345,0.0004525133624247183,0.004946394140653508,0.01230646385301947,2,2
0.027399102309916216,0.00014327816478533625,0.22344679774323725,0.03852796817387003,0.022919388518846874,0.6432881202935287,0.000984977271324742,0.003051300861097061,0.03559036900452073,0.004648697658873144,5,2
0.032441235472498185,0.0006570073002935962,0.4974002664024796,0.02459301347969209,0.005328140506414177,0.41720493535879843,0.0014165262064675017,0.0003514335024577715,0.00957868905546049,0.011028752715438189,2,2
0.010977352940629157,5.4546569047544284e-05,0.19859287546727108,0.05017330123789964,0.009773331402162962,0.7043409350280538,0.010197062765553029,0.000559818969629875,0.0032862487201612443,0.012044526899591602,5,2
0.04538781903152908,0.053744101432729716,0.8345773076602234,0.005077421272402195,0.0052113197396023315,0.05269269165780534,2.707062423906004e-05,7.618804937043855e-06,0.003108574218268178,0.00016607555826373451,2,2
0.07134155591958155,0.001113769181740839,0.6258501099988489,0.015818284571205748,0.02046786334554057,0.2421241975806488,0.0007327343186481726,0.0004878014774450454,0.012259081499374484,0.009804602106965772,2,2
0.07495054074185764,0.0002756063427559592,0.6690939454477944,0.013633393564156519,0.005018221174221786,0.22510899947457766,0.0005045413631129191,0.00014805857699018687,0.0024001882038843735,0.008866505110648527,2,2
0.046318988714374204,0.00048070003746486387,0.8239331451211656,0.0236221254150163,0.006108198573769842,0.08849243701902264,0.000185813735917355,7.050606183131792e-05,0.006798873826549422,0.003989211494888624,2,2
0.017181763803217603,0.000410862943410592,0.16277799747646765,0.01119429130049764,0.6477132043750101,0.06056999075191071,0.008781085341652459,0.0008679819575646883,0.0005334322667383376,0.0899693897835302,4,2
0.005518864791991059,2.6608108419222764e-05,0.8607821912834215,0.07292982413194472,0.0001897443489937358,0.05071877065759105,0.0013282386157627555,0.00010463504212152174,0.0023776469464705003,0.006023476073283903,2,2
0.047435283324660425,0.003135509621665374,0.45580245310467127,0.0471877781858106,0.06827633669400211,0.34333850087705087,0.009164981354329192,0.0007660042500376683,0.0020256971716212132,0.022867455416151247,2,2
0.7121822936268198,0.0008271309631224363,0.1772716072780185,0.0015156165684153714,0.0029145883255921766,0.07594130859109663,0.004179056916313965,0.007058568324850329,0.002165437107561828,0.015944392298208966,0,2
0.030395600189516772,0.003378789551563067,0.046060800173944774,0.11640501549470282,0.6094515192583704,0.174934499344216,0.008628735489395767,0.00013869712166974087,0.002974182087401909,0.007632161289218573,4,2
0.15809848908136653,0.001772788024053899,0.7137941758464946,0.042012157901146416,0.009626908457230887,0.06874205020959123,8.814578690142155e-05,3.154882359614386e-05,0.004144339431491461,0.0016893964381275383,2,2
0.054848843744821706,0.0005591676003319618,0.8598139093085626,0.01964740105798002,0.0006651481263036345,0.024039023632542816,0.0005201960878164957,4.3473956310451694e-05,5.6384052236840864e-05,0.03980645243309346,2,2
0.08479644931054509,0.0021084926883590876,0.7073133117474978,0.0969777156049433,0.0032728175275607927,0.07830253600697701,0.00010207180442873277,6.532289932673591e-05,0.023620123714667693,0.003441158695693705,2,2
0.677478909413281,0.0033867824509661052,0.125519794739336,0.004722132781017373,0.004214915143573328,0.0357524490502046,0.00033004649777903627,0.08243303296919977,0.034355007249613885,0.03180692970502893,0,2
0.06546623539408927,0.005401113979638128,0.23714102439783197,0.009876497668851458,0.2676292540294635,0.1459733288927484,0.00019530981629174436,7.221346361688691e-05,0.26785212831186284,0.00039289404560576284,8,2
0.18031291376961567,0.010562006673789199,0.24208056975346046,0.04485494436707436,0.008548659991427494,0.024874927415990043,3.1990785937774677e-05,5.1948664010805804e-05,0.4879722546965424,0.0007097838821517073,8,2
0.018875095387543474,0.0011449134039077697,0.9153439753778956,0.04785138660292343,0.00014323149085078936,0.01088639172271045,0.0002569611796700602,2.205157077454772e-05,0.0001693531915831795,0.005306640072140883,2,2
0.31855976702703004,0.06159194468834096,0.33544858011453615,0.016908761748427578,0.006320439475782582,0.24190209699395038,7.923944413427812e-05,0.000109070765551239,0.01463912136580199,0.00444097837644504,2,2
0.08849152871629631,0.004551789824352592,0.7188006829084527,0.0751961628022515,0.003578365923722855,0.09817062920859579,0.0002706904897898737,0.0002931088186207835,0.005567920426358443,0.005079120881559207,2,2
0.032830576762200206,0.037949657907322604,0.8771639388300722,0.003194298429438416,0.005486358548844122,0.03887626024927,0.0010889656510674822,1.6254430696485394e-05,0.0031425477944963653,0.00025114139659238006,2,2
0.007186585701536843,0.0003143573901429681,0.7371098952133053,0.008970119296620858,0.000973830461569953,0.22014760309504217,0.00040906544510692627,0.0025593652536470986,0.0064313669832333775,0.0158978111597946,2,2
0.007838971014701357,0.00016494060354326024,0.705237375407156,0.16906769733752985,0.0013779496068344276,0.08071212618160552,0.0021674432917840538,0.0009358850580412439,0.005658568550755975,0.026839042948048404,2,2
0.011584424946410878,2.9659659605337962e-05,0.6983985841530829,0.009274805313987229,0.00026167413294332984,0.16654132737827235,0.0001877422026742469,0.07201059000674144,0.001020572596465616,0.04069061960981665,2,2
0.06815392262477642,0.00011372365166412342,0.9014944464906209,0.0015015859729171448,0.00015212085327077432,0.016247546409833304,2.8308698890965e-05,8.534303018018158e-05,0.0008272099963012188,0.011395792271545116,2,2
0.416907036320115,0.03190442327955758,0.337844395898835,0.005782534328834009,0.0006854991217169399,0.0716113087664022,0.0002082772707869237,0.0004609729444472036,0.12969045852400193,0.004905093545303291,0,2
0.07381832646137088,0.003553106044664837,0.8340548036435909,0.005380550044182465,0.0011944779432173083,0.017211650607212158,2.6209064038487498e-05,0.0016222427196619423,0.056654279770758105,0.006484353701302899,2,2
0.06771255534116138,0.006433909076606899,0.7930559922605113,0.011988409567436874,0.002728525479087765,0.10575495993071284,0.0003055363118968098,0.00021857419960899722,0.005112551741690582,0.0066889860912866025,2,2
0.028209457173798684,0.0022047339569971885,0.960948764236413,0.0013058014205403997,0.0007307021731565364,0.0022105279193415416,6.51499692762668e-06,0.00010364348256164925,0.0006796969645544475,0.003600157675708986,2,2
0.07912782954410272,0.32271509633145185,0.5333353629265024,0.012065409400223935,0.007173847636019407,0.022192185804935108,7.384918740304755e-05,0.00022815290456961086,0.021544229994345198,0.0015440362704468354,2,2
0.03529781946422924,0.005628475483368397,0.7703016146205852,0.006574774386619412,0.01575200873122526,0.1368237061868344,0.0002591067654684515,0.0012414676613862466,0.026517137139071015,0.001603889561212417,2,2
0.07588646474582703,0.08614613979760796,0.7834346198399658,0.01948353910704268,0.00457561178094501,0.024424478000818782,2.114846495117869e-05,0.00040496528675611904,0.001795460475637746,0.0038275725004479435,2,2
0.023548947827782683,0.09916931054628937,0.8562535803236043,0.0025913442495621034,0.0023728455873434093,0.012251003143080749,0.00020029968400044483,1.0856863891575101e-05,0.00341053368296016,0.00019127809148532335,2,2
0.0476374894277776,0.0027053774188948903,0.8946426013418927,0.016396687346517683,0.005605410731311823,0.028902505070880168,0.0001389986432363621,2.8132787477410846e-05,0.002176708133102986,0.0017660890989083275,2,2
0.12456469692508174,0.0009682321997878063,0.552065401176942,0.03484307946165331,0.024094866602524162,0.23724598097881497,0.0043526780852397255,0.00042932196266965306,0.005525305300265134,0.015910437307021397,2,2
0.019493090763718503,0.0009197900616510158,0.6563946551703665,0.019336469286855448,0.00046184101555618855,0.2770506009974411,0.00011077220691222722,0.0009181421272213817,0.022447303161597133,0.002867335208680585,2,2
0.015908992976820326,0.00042737441684455134,0.9000143784768635,0.0031706737965723044,0.0007337437626631046,0.005863309972122924,2.216314022713428e-05,6.658389518100473e-05,0.00016709675829889274,0.0736256828044062,2,2
0.014547010449795963,0.004398959570667174,0.9342374659871207,0.0074076634053714535,0.002501045530940032,0.034539834252813574,4.970508587306922e-05,5.8518672576147904e-05,0.0005584264699455947,0.0017013705748964842,2,2
0.023322964401229107,0.1278746252191508,0.8340186864654116,0.0018630759543823813,0.0012389020603462424,0.010759389784148782,1.322458098208805e-05,1.4106743285872603e-05,0.0005153393491008685,0.0003796854419624352,2,2
0.06012973454219494,0.03700830913464481,0.7338337186970874,0.04403740564775732,0.05128941664092987,0.067643842064154,0.0023550284782617404,3.2672036693247204e-05,0.003426831040999508,0.0002430417172773479,2,2
0.41744414365482313,0.007421231407392715,0.3692567113158794,0.08352445026064714,0.02735763848209974,0.06155695716132249,0.0006305948459949287,0.0017702989219787997,0.0004669537263384687,0.030571020223523128,0,2
0.01249253996890716,0.002873036217095044,0.8836598873309627,0.0015732618986795393,0.021990964850955766,0.07619454821267237,0.00013342142761887311,5.677223391853143e-05,0.00040585603100387504,0.0006197118281865487,2,2
0.10770229175008732,0.004080898634328027,0.7082987449663771,0.01656378986839102,0.023720961287815152,0.1238066274987102,0.00013304099216444014,3.8976820664291434e-05,0.013276515425557965,0.0023781527559044056,2,2
0.03382490023474516,0.002133756940570101,0.7181940609629975,0.011550564126528315,0.0023751268009085534,0.20943085846924517,0.000912913568363678,0.00023207931729514155,0.011655900740027477,0.009689838839318775,2,2
0.04681453052444488,0.026478811240062444,0.6968376746750466,0.002738949607488277,0.004767437434874825,0.2183565976609509,9.626731489331469e-05,1.6099007730770915e-05,0.0034855714209246027,0.00040806111358326794,2,2
0.21086184398482688,0.0033094715224732934,0.24323215082896482,0.4832994867064641,0.03081035532324926,0.01712263776210181,8.054157116744305e-05,0.0004960402673695471,0.0002893185704946744,0.010498153462888328,3,2
0.04591872751682016,0.008063009472546531,0.5392188112256494,0.18868615213531784,0.039843231404880115,0.16181177659676008,0.00176074415898135,0.0004458100697630713,0.0008505868140697237,0.013401150605211687,2,2
0.08060380561218802,0.002320042192474646,0.6999677776444287,0.019059508002102668,0.08959350041890995,0.10395109027318275,0.000579796532342222,8.126805878693774e-05,0.001235654020289527,0.0026075572452947384,2,2
0.09296366151866914,0.005405969482155958,0.687445838482473,0.16933524450765022,0.020634160448361492,0.018731456057957972,7.916447583162878e-05,0.0001759061143489197,0.0016851502572335835,0.0035434486553181277,2,2
0.016523633204574138,0.0003185130426776821,0.722215639554703,0.0808198109015415,0.021371657839260504,0.0831561908032357,0.001978283548872416,0.0007323239850175872,0.0010065987260740256,0.07187734839404356,2,2
0.058149768111552466,0.005977173419685698,0.7017367392593958,0.0958407615993675,0.007582013020992476,0.11511091771081193,0.0005447494757673129,0.0011674581312143193,0.007716229014720783,0.00617419025649173,2,2
0.09641575411733999,0.006761696439329088,0.7090879743139392,0.001733034224597502,0.027707993656220446,0.12804924633184672,0.00017606727831304114,0.0001409272941734663,0.02736247316999007,0.002564833174250383,2,2
0.08017319685096294,0.01059821380873778,0.48323528242596603,0.39472689841411696,0.0035761945187519004,0.020770230091386392,5.091178702560663e-05,0.00027092647454909663,0.003290097275296729,0.0033080483532065843,2,2
0.11295722117470827,0.05556397739516636,0.7833807897065113,0.0016856646309616153,0.016776493656495646,0.01595205360372119,0.0001603797158118255,0.0014618918484925233,0.010932427440266096,0.001129100827865177,2,2
0.02754935674279793,7.993994102756683e-05,0.2935125850109762,0.30683913411612623,0.0005096243012528883,0.3512840579151167,0.0006290831337413051,0.003115559666021961,0.0008033950722608055,0.01567726410067853,5,2
0.06598858941641231,0.009624291574702497,0.6120875318896266,0.0028548937797563743,0.043773994043510504,0.24487125949755592,0.0027339714224929247,9.519689993270789e-05,0.005551269312838906,0.012419002163171228,2,2
0.39236985343698805,0.01648822581363872,0.26428959928108603,0.008131289441160457,0.0026201985578465825,0.29759818185566617,0.00023558090753780412,0.00015124432505758272,0.014040114631276433,0.004075711749742224,0,2
0.02375420902689706,0.0033225169032973616,0.8618912035267039,0.0037925620598728035,0.000370424610356132,0.011191804403127868,9.810654018629008e-05,8.942487595675664e-05,0.00021413906700240587,0.09527560898659944,2,2
0.6362785737068003,0.00021179856780966695,0.17408388249898143,0.010916452610518336,0.0018551530631577037,0.06983673812410646,0.0037212156806532225,0.006984320233527887,0.006008699751176787,0.09010316576326821,0,2
0.14022899526616736,0.023313542694182798,0.49394050597140543,0.007996099831497844,0.011521585591815504,0.31544604038031826,0.00022835944388051126,3.487202639992456e-05,0.006630912147588193,0.0006590866467440331,2,2
0.06755980865484042,0.018722159142354915,0.8123453827568268,0.0064880487782732746,0.02788387825934844,0.06340317682797429,0.0011128905659325023,0.000264568838296106,0.0015811538561214212,0.0006389323200319599,2,2
0.3368309983777264,0.006539233856763934,0.3269037174501467,0.10257238059570528,0.01172793194077109,0.1887200377374808,0.0006366430819461212,0.0030487123011896777,0.015061924824833903,0.00795841983343615,0,2
0.03240631825327736,0.0009353798800431734,0.2601463136495587,0.0028079625710895487,0.5609126528985688,0.1386457172549801,0.0003428445753623703,2.3178972900084087e-05,0.001786521213297923,0.001993110730922044,4,2
0.17243552788622418,0.005051730166439455,0.4927053720149171,0.2263839488822658,0.005973762172359519,0.060112134324933744,0.002260285068810075,0.0015577856543234465,0.0008582108521989914,0.03266124297752796,2,2
0.06877476262363573,0.0023756730708315503,0.6326244434214535,0.05393242099060123,0.01162182423957726,0.22521757776915577,0.0007495207993546453,5.4989253568872244e-05,0.001558595861829844,0.003090191969991522,2,2
0.1712951980202673,0.001729075210691535,0.1662198624606136,0.012771455889589032,0.030701472828270005,0.5365623500559579,0.0015072980636118471,0.007829705258575247,0.004894707306288611,0.06648887490613505,5,2
0.3001707403210453,0.0065971676093711665,0.25793397566367027,0.029965239730497605,0.056433566849306976,0.32843621655649996,0.0004884297306416279,8.815696380914529e-05,0.018068833412549563,0.0018176731626084555,5,2
0.08212939463809224,0.02188148299034512,0.673487195001711,0.004992585171977494,0.0477534985678884,0.12355949339131715,0.00036283332074975744,2.8669154418307683e-05,0.045582417889570716,0.00022242987393001953,2,2
0.10472780627719257,0.0016498423549763403,0.5666835578620354,0.04641761747422679,0.02640891361596154,0.2341013290547668,0.0010669483765631711,0.0005381880436846915,0.011176502881708118,0.007229294058884668,2,2
0.3969922566827886,0.0008444332977998526,0.08414701954932871,0.02831487517200301,0.015072105828546315,0.44218692393852976,0.0020600646923863504,0.000713937168503636,0.007924174797366656,0.02174420887274714,5,2
0.11992207110750522,0.005355516081649001,0.6566546569482403,0.029148832163054413,0.016907186944074077,0.1153466290075871,0.0005401407859918481,0.0008321192846602492,0.0013200501765529358,0.05397279750068483,2,2
0.08761756583359956,0.009836077681376794,0.5287602978814692,0.20600340822022817,0.036211951309863585,0.10700983269659538,0.0004234474415407115,0.0013775948944517388,0.01118199766019878,0.011577826380676264,2,2
0.06578736127911403,0.004703812313975488,0.8429321977919697,0.02510169881364861,0.0005448080721472586,0.041451938726808094,0.0006935078726068464,0.00011022269793525598,0.00019162975792966208,0.018482822673865057,2,2
0.08866438010392112,0.00801345888567929,0.6549214531890295,0.0026443088525502584,0.0022710469075711117,0.04738235352380624,7.59670506782835e-05,3.625359137367211e-05,0.19450414579569456,0.0014866320996962418,2,2
0.14707712753630478,0.04580011539474353,0.6998342992813438,0.010845131246263837,0.006217215679302375,0.06409744340684612,6.622758876752119e-05,3.715105050864267e-05,0.025804469154072758,0.00022081966184659264,2,2
0.11151121368960415,0.02854906202090743,0.7136767204138068,0.086141721462283,0.0028086810989749094,0.044388965653269254,7.432435532128174e-05,0.0014236143146211767,0.0019331932695636168,0.009492503721648367,2,2
0.13130065390763154,0.0049273344731726315,0.12542262832234433,0.009986859177312079,0.010413234463891176,0.2775829146256622,0.00985018668596057,0.19639915752687398,0.0013937199976335418,0.232723310819518,5,2
0.00938386750186395,6.763761492471544e-05,0.753416456524329,0.10004064092155106,0.00011590515257335243,0.1249355069204944,0.0013383564380873457,3.249809256876216e-05,0.0005480373926969062,0.010121093440910424,2,2
0.17953660892358322,0.041678924198586056,0.7047766103833335,0.005388505185338963,0.038629138511451055,0.015242251375484892,1.0445459322100636e-05,0.00034756987604436275,0.004059352546342664,0.010330593540513126,2,2
0.1241733419291326,0.014645156626458542,0.6733783404739747,0.06260575043790807,0.049446174673912435,0.0708077269323134,0.0002792135410756337,8.021518729978772e-05,0.0018817041783026427,0.0027023760196221124,2,2
0.013231904859542374,0.0009191849285801054,0.7546364427170665,0.026508170891662103,0.0006720263859043429,0.1516467884927642,0.0006494778092574268,0.0007570243820822105,0.0479230687174861,0.0030559108156548278,2,2
0.03588277366053252,0.0018931780304959737,0.36717707334352995,0.550679592247562,0.012557949152333967,0.027284128727003476,0.0003474154856870741,3.473808700380915e-05,0.0007113746738355842,0.003431776592015545,3,2
0.04850471820011817,0.00528890319943763,0.8719942353331643,0.001421557148672603,0.007393247779840458,0.059103030895688025,0.00014511650811624893,1.4974313670217698e-05,0.003950328295900063,0.002183888325392333,2,2
0.023968830771991752,0.02591238399825905,0.8376703673462115,0.0029175538510885137,0.03589647001581163,0.06731533792780517,0.00045225202303160065,2.6281904145735987e-05,0.005663814690573793,0.000176707471081213,2,2
0.017545834572370207,0.0002627984509772104,0.10758472321225716,0.8055253215349785,0.024727424172445896,0.03315512651233732,0.000818253132911125,8.275590244420079e-05,0.0003352692526868673,0.009962493256591619,3,2
0.04401617493540846,0.00030929036545248873,0.8248256998112988,0.05210327351084301,0.000323844038269434,0.07012788295150768,0.003116753006346941,0.00017041725961113968,0.0009786301720907083,0.004028033949171312,2,2
0.10349288707001776,0.0758649170304217,0.6464965945338397,0.002899233100642392,0.03045858923361583,0.11695669318477725,0.00045461729236480407,2.6399014975777402e-05,0.022835762463043346,0.0005143070763013841,2,2
0.20219368779753494,0.030008032150877495,0.5781812447929109,0.038866895481246895,0.0780460016725227,0.06953499814649496,0.000548090863524967,4.283003178950498e-05,0.002182971317568088,0.0003952477455296738,2,2
0.21872591667629587,0.05248045353535985,0.6653182753940872,0.010855093486173327,0.01949577306506362,0.030718415565877507,0.0003719434772830492,8.778379439984375e-05,0.0014287143420736185,0.0005176306633861226,2,2
0.01805100118189657,0.0028093499130711764,0.45661118631036185,0.07707980622560323,0.04510885376470675,0.384357806191631,0.003907706211889529,0.00035397251852026387,0.0008683171106315693,0.01085200057168813,2,2
0.053149894606922966,0.062406864726430616,0.7990200466302593,0.004353590504747476,0.0032635645718405533,0.07392620180279041,5.433889764679028e-05,0.0002791456935176809,0.0022816010799192477,0.001264751485924909,2,2
0.05244372017784519,0.043359916655862675,0.7056684079590784,0.010124568498364107,0.059385860008470334,0.12581292481552855,0.0002053509502514381,0.00011782116780633527,0.002233619559847691,0.0006478102069455792,2,2
0.12179238003497393,0.017731746368670625,0.7326559103525009,0.003967342112399926,0.004285445616567456,0.10961459147593193,0.0005073847314408685,0.00018414001599795148,0.008531871079209235,0.0007291882123070607,2,2
0.03758196457116149,0.0007489912996223058,0.46328975663904687,0.016095057383434967,0.004264205274555538,0.4602082411330462,0.000360250584602379,6.635390641750595e-05,0.010255556428981839,0.007129622779130802,2,2
0.05670104534609742,0.02332627345899799,0.8177031434069447,0.05930460250171514,0.011073513366454492,0.027055928172639996,3.260371206890458e-05,6.460058870988139e-05,0.0032107823029133477,0.001527507143457917,2,2
0.07792303060852529,0.0011324962737278778,0.7099934430337408,0.007316670124315595,0.00992532765719166,0.16540945876159732,6.439130855321678e-05,0.0003361784699648253,0.00351497409982342,0.02438402966255991,2,2
0.01222552272537994,6.575662263047486e-05,0.9418753624914481,0.008767553067450737,0.0002504614016411767,0.025163343406209942,0.0008653760382964106,0.00013461184838153319,0.0022223239457097115,0.008429688452852312,2,2
0.25335977477040983,0.008028184380813732,0.5158026269777244,0.08312263042759287,0.010808315249242289,0.11805273558222118,0.0003108649245307892,0.00035911157654040283,0.0026677772343912495,0.007487978876533253,2,2
0.006030542740837855,0.0031458778604216407,0.9869811919955771,0.0013890784681038762,0.00015086963172700633,0.0008222740582345556,2.5814052769085695e-06,7.286827835658311e-05,0.00044560681217622913,0.0009591087492884317,2,2
0.06381382083394434,0.0025406889161427026,0.5815342506037211,0.02548112606232983,0.012085834586185819,0.27503617055258,9.018794825905209e-05,2.325405587445755e-05,0.03781879657791488,0.0015758698630477588,2,2
0.10478092530229537,0.006537602379957191,0.6133982629710082,0.04162962040168928,0.0943198420929032,0.13579793006824079,0.0005251990286732236,0.00010997538922662686,0.0009755456362809543,0.0019250967297252263,2,2
0.15093042483538258,0.009031441425066811,0.38639389439864874,0.007015186018927512,0.003438646998988557,0.06400189464241521,0.00011332083215364534,0.00013974934016477758,0.3784162317225712,0.0005192097856810279,2,2
0.02403390359946351,0.0044981034327430105,0.9502108812486642,0.006002442924301273,0.0003680725439801953,0.00964002895282018,3.08885908768787e-05,0.0004363586842039555,0.003037605307508634,0.0017417147154382565,2,2
0.16073269625070935,0.008877191081580046,0.1821935800398308,0.0028205770634738107,0.020649470732151457,0.6125780615126377,0.0003551384096511461,8.96063383455314e-05,0.010777595902078302,0.0009260826695418804,5,2
0.022068258841484126,0.0002321150329747771,0.8382054199151742,0.09113574088446441,0.00028954518450793816,0.02903037872162987,0.003511356109699996,0.0002669996755489097,6.974774401525734e-05,0.015190437890500699,2,2
0.022902617395416505,0.0012735703673946803,0.8805484146503396,0.010041301083703161,0.0009649841396814576,0.08032353270453255,0.00027021223066203215,3.834699023478217e-05,0.0015112837442053837,0.0021257366938298885,2,2
0.04300596929287538,0.033383604637231334,0.18239797300880897,0.020982417408895334,0.41504052593495444,0.27866342147122525,0.012873890107076173,0.00024083997702103836,0.0023764888704616233,0.011034869291450642,4,2
0.01520904910052635,0.0006154755795238034,0.06303965246517469,0.007337141876178251,0.0019471177627590254,0.1254010090893889,0.023013373167527315,0.018721428681362638,0.0011260257739192407,0.7435897265036397,9,2
0.030864680404734085,0.00953592290101433,0.7245434682381724,0.002433873096008998,0.15426007723824892,0.07591926444655711,8.942872564341223e-05,0.00047295831993498155,0.0011759000270898632,0.0007044266025960635,2,2
0.21794363737337116,0.004751212813978814,0.18270240588917197,0.012136592678317466,0.004474751799916201,0.23788227137865003,0.015186945676882013,0.016262063843952037,0.004763741484282524,0.3038963770614778,9,2
0.0956460789373072,0.010944347989219637,0.605986383923534,0.025880690460385606,0.014416925149339042,0.2381581353594075,0.00015964160437745374,3.9809652015562985e-05,0.008548773255604337,0.00021921366880972305,2,2
0.03847936796627757,0.00024159573986607123,0.19020110610470728,0.5440794488412715,0.005102439458765066,0.18341858063776545,0.0057735952545524705,0.0011983542774416012,0.001220270040950993,0.030285241678402224,3,2
0.08102676084218595,2.1022383829946836e-05,0.6934326966650592,0.0379920129697292,0.006097453974296084,0.15482590867350357,0.0014718943081069437,0.0002568508164846531,0.0022481309614630334,0.02262726840534135,2,2
0.1393554260276862,0.00782524989894162,0.46426026258836833,0.34050608595918885,0.0024515615471157465,0.031145731314556536,0.0003490008479103941,0.0004476077523584047,0.00189873459132823,0.01176033947254567,2,2
0.11508859904566943,0.007864959753165004,0.8064371586816002,0.0041814295566039075,0.0022332294765512023,0.03147981642412566,3.188566989285919e-05,0.0002620128088148714,0.02651084652911054,0.005910062054466577,2,2
0.22822059936528336,0.0030987238987750985,0.5926418361505477,0.01442060794473958,0.0038351437756268744,0.11192148708889155,0.0013629950662093653,0.001894296510500171,0.007006648954931152,0.03559766124449518,2,2
0.05858622271272228,0.013501895219704099,0.8195598054970143,0.03776168395392966,0.00022884886441916597,0.04064070439194007,0.00013445614835421574,0.00043062128262751293,0.02468473409080932,0.004471027838479379,2,2
0.017801787840615195,0.00367245185306436,0.9238987536916151,0.019348734242103222,0.0010037970396563182,0.019103903716138404,0.00024708024240421514,0.0010513142338423303,0.0004421367969146269,0.013430040343646135,2,2
0.1201561468336657,0.002079648516504571,0.2114392656305452,0.04181375870388522,0.04950261488540136,0.552508969008972,0.005493261617157865,0.000479009438534667,0.004574609264561965,0.011952716100771484,5,2
0.03316150322599028,0.006689011517740111,0.7936769429609571,0.004181239602579309,0.017140642642624406,0.11381961383427609,0.0002178208460400769,1.4749899839071449e-05,0.030036403829864257,0.0010620716400894326,2,2
0.42950164367163507,0.007327718374241146,0.44063756262467924,0.0032257202934314784,0.002222767988569564,0.08074653619146449,0.00023105533652106105,0.0006229348985120435,0.0333147108439574,0.0021693497769885795,2,2
0.0812629720554131,0.6253425811754023,0.2534209272818379,0.011278157602697167,0.00429726545644737,0.01716095690176752,8.794022339354936e-05,8.04238608794995e-06,0.0053161312076642625,0.0018250257092889046,1,2
0.05109097611029415,0.055775025052198314,0.8428863390088485,0.019694454659879304,0.01209496232791463,0.011378283061991831,1.2605477556367586e-05,0.0001817292250134862,0.003035697504978693,0.0038499275713249743,2,2
0.10444223190235104,0.0136399637687955,0.7576985547483737,0.05534192755160269,0.017325086371211388,0.04746656033429452,0.0001937276430194548,2.747470409916658e-05,0.0008379496062810737,0.0030265233699716663,2,2
0.1395003481745206,0.0005006997341367679,0.6033267722341267,0.10469333898012995,0.004824492424317305,0.05009829980964302,0.0005817170677572959,0.00015056713739968023,8.818680912821719e-05,0.09623557762884066,2,2
0.008508626322492871,0.00012940842136062705,0.49384020015038443,0.027163557888995375,0.022033463250142493,0.40602615611718834,0.0035235135977119067,0.002341448774296003,0.0022430591068460194,0.03419056637058201,2,2
0.23096637767021863,0.007007129925154828,0.712235811807414,0.0014797050632519566,0.0019158216192292357,0.03444744429084877,6.196027473383929e-05,0.00049859655365194,0.002632805422649186,0.008754347372847695,2,2
0.07103973730838489,0.018098559006460055,0.8595661539199183,0.01040907559103603,0.0031295954743458024,0.031466788721638245,7.707111105006333e-05,2.0133185571379195e-05,0.00452669644354857,0.00166618923804679,2,2
0.08232201999158625,0.0004959851931854917,0.3975973607528396,0.19672688621690196,0.03719009969544429,0.18141499134467579,0.0027102596613001024,0.0009940724913516355,0.002319684784595685,0.09822863986811917,2,2
0.39128074834847726,0.08628302186427976,0.18584312811979978,0.00846281575684064,0.0014479261797998657,0.3051547771702166,0.00012414229496933367,0.00040858546479043015,0.01634715462721613,0.004647700173610122,0,2
0.028334538838005706,7.417568980878186e-05,0.8299717355164609,0.03151382207248629,0.00031515573621916263,0.08480213362425121,0.0008954827064392837,0.00015219878205711992,0.0018747665786659126,0.022065990455605772,2,2
0.19578775549854052,0.0380241859099211,0.626064813579742,0.02935734879297642,0.009688473826908591,0.08747289667643396,0.0005242614896481435,0.0010025214277551138,0.007276917493714716,0.00480082530435934,2,2
0.015848705911429718,0.0034373789539448698,0.7513612862952292,0.0043846063255558575,0.06480084281157847,0.13759520625548335,0.0006510933416670889,8.335947140540633e-05,0.018953817541934148,0.0028837030917717417,2,2
0.10673452809406,0.024444255274842733,0.7784909328547223,0.03018924703307604,0.011757808835935996,0.029593912588944754,3.0404614150354947e-05,2.0706817023877367e-05,0.016401066209700256,0.002337137677543623,2,2
0.279787064884328,0.03521823245867183,0.36230562953216305,0.02468464273534495,0.03647281722697741,0.1991997456365447,0.0003066553589439893,0.0004836372355112463,0.013023383107016333,0.04851819182449845,2,2
0.2689831508068439,0.00013022647550209066,0.45686790591096893,0.1937972273779401,9.603415641574754e-05,0.04047449558532997,0.0015549307935012295,0.0029172734057908967,0.0007905535621716968,0.03438820192553557,2,2
0.2101525601695206,0.0023704831842794776,0.60220771236617,0.006683689222489754,0.008745304906512152,0.13959190278557992,0.0015538751466954127,0.004018346002958055,0.020654285988927636,0.004021840226866984,2,2
0.07441471987713753,0.001600323390179184,0.8378803886022006,0.012438037674529681,0.0030613294787566743,0.05668165452885388,3.016317375729352e-05,3.592068575290244e-05,0.011486412610040728,0.002371049978791582,2,2
0.005597945142272057,0.000318108845837618,0.8254744144612867,0.10877582884878065,0.00010829906710970713,0.054835956240110714,0.0012383716246223149,9.332284632033702e-05,0.001503586221300173,0.0020541667023596076,2,2
0.22409147192631296,0.00869783323525099,0.5755847801396722,0.009190468304522827,0.004288850231495734,0.03407059287322075,2.616780566963235e-05,0.0002479853093562247,0.14077273891385525,0.0030291112606434098,2,2
0.0775942538739461,0.0003469880266073357,0.6819723551333721,0.008528279996864162,0.014857932470458964,0.17199364832005665,0.0003108953297592544,0.0011423846390588251,0.03822282178347845,0.005030440426398233,2,2
0.07590046238370723,0.015324020042527243,0.7913683370246075,0.023082931889100725,0.040158492474066304,0.05152351752323853,0.0004434425994073439,5.6678043028142974e-05,0.0014594294285977822,0.0006826885917193355,2,2
0.03780445826086408,0.05719448508309498,0.58395893694731,0.00433303761857752,0.04219981557724306,0.24243827526201475,0.0006797017508189717,5.223311423538716e-05,0.031040964002412044,0.0002980923834291124,2,2
0.5445789808547346,0.0016016277318030244,0.13272518919687645,0.004265110811445059,0.0034002726106517334,0.11254086186906549,0.0003000635883919134,0.0016986411489611102,0.19080369936974007,0.008085552818330816,0,2
0.049261536834253467,0.0038506586576515216,0.7313631177621894,0.002749803605471215,0.005097023546202546,0.1524817603242409,0.003809260536083878,0.024448782187547053,0.0023393096660182956,0.024598746880341908,2,2
0.04703727557783989,0.007492985546189233,0.8336402151169782,0.05907272191737991,0.008106080241419513,0.03916318091988841,0.0001128562899978315,6.691002614554093e-05,0.0007916697957478198,0.004516104568413764,2,2
0.014424949648016076,0.006167132742753439,0.9452916302633242,0.0011599679616285774,0.0073313970650602175,0.024647069555678934,7.393742268433294e-05,4.136361090187207e-05,0.0004853783573921381,0.0003771733725604254,2,2
0.11715219357603873,0.0012340785934266928,0.8605289778150453,0.002409864147536196,0.006103975850562489,0.008840825776974573,3.634681817302715e-05,6.699477459408808e-05,0.0009352992282449547,0.0026914434194039026,2,2
0.0654430348712155,0.0006384388463934356,0.08519064255224162,0.02414037093936924,0.03957874481519576,0.7504130237508402,0.015320155909831889,0.003993575384250152,0.007395104913238082,0.007886908017424152,5,2
0.14075953469734026,0.002523234426583156,0.7025836813844477,0.02871061067819902,0.0012265586673663644,0.09083013453867322,2.8093866664268505e-05,0.0002379751334687644,0.004710548289124079,0.028389628318133173,2,2
0.5108177205253306,0.0048912014394946295,0.3284476988032221,0.0015041014711010092,0.0015155404922990246,0.06974133501585371,0.00027805333947137153,0.001953445784927685,0.024857189069520915,0.055993714058778815,0,2
0.12786118942963168,0.0019639596059428796,0.40736108997003284,0.13855361803881133,0.0978050328915731,0.11303919970987093,0.00020668691794162566,0.0001854048379983337,0.0013137557413932439,0.11171006285680403,2,2
0.08500317477671947,0.01811843641584982,0.5509776668345466,0.016675178982189308,0.05251256101429197,0.2712708669914822,0.0035248933991616186,7.423602999300897e-05,0.0009704835853668651,0.0008725019703993528,2,2
0.025871329884134694,0.044242122627303114,0.8955746476004945,0.002118626895963061,0.00865171946337475,0.022841155079806403,1.2594759737127208e-05,1.0533276370726532e-05,0.0005484970473372788,0.00012877336547845357,2,2
0.03002512599553019,0.0034164950711552365,0.9554405260150949,0.0030698409715219257,0.00011424553179678203,0.0008140735083635673,3.6321356924920624e-06,2.4516683901723593e-05,0.0008466054950585281,0.006244938591884622,2,2
0.1846202415086543,0.025777705412395914,0.602478341321895,0.002737552448425841,0.010911832559264787,0.14788881515149802,0.0008403421345442906,0.0006485865376109426,0.01940763346733998,0.004688949458370999,2,2
0.06469719417790158,0.00763673145154234,0.8374033743058293,0.012005622753179668,0.010896989162240949,0.0624601554534243,4.454445083084741e-05,2.1502748473252525e-05,0.00430709237535899,0.0005267931212186061,2,2
0.3280148990498806,0.013050887214147159,0.5147275127781953,0.02703914952738629,0.06529947606987296,0.04767447653371819,0.00022250461290779363,0.00048395482806114123,0.0011937410410446392,0.0022933983447860147,2,2
0.01916844395999728,0.00023350409926395035,0.8815410540475016,0.03781657477917568,0.00011622683925599027,0.04380117076720953,0.012402907245779412,0.0002409386517904744,0.0006075933972568889,0.0040715862127690666,2,2
0.40951017120157496,0.0014479348702808824,0.29459712540498106,0.0034112676867581824,0.004100371280502014,0.24236370288115844,0.0008714139945008373,0.001056511058873514,0.02266256195379141,0.01997893966757877,0,2
0.02937704605206941,0.005413794959599382,0.9547098322354786,0.0009410435269679084,0.0018378277959241068,0.0036961131684395488,2.1283958859956552e-05,0.00010185858268628925,0.003248863353171731,0.0006523363668030964,2,2
0.09065507411888388,0.06663387646984867,0.6566359140145598,0.04467231597275709,0.01814699798609224,0.10607614495878676,0.008067353940188775,0.0004149450749545146,0.0016873556342978367,0.007010021829630472,2,2
0.2986049674036081,0.012024292855621226,0.4720469404411914,0.010597017255584429,0.007391099015476409,0.1792214858193158,0.0004365712255417749,0.00021996907280023734,0.016193636561803868,0.0032640203490569555,2,2
0.0154573124558294,8.630117167716624e-05,0.9030559745658882,0.06072870027539803,0.00013047325451545391,0.010144484588879708,0.0008376505974458497,4.85793082008295e-05,0.0006584619032088774,0.008852061878956513,2,2
0.018297889283334607,0.00017278349877497562,0.41468332467492575,0.02810108066728759,0.00453669923505198,0.4986418210370634,0.003230043411973889,0.0019228467224829508,0.0008321820816916893,0.02958132938741309,5,2
0.5068908717319676,0.021570713473874882,0.2751580009358657,0.034225999722763606,0.03410070263326272,0.09902674667349645,0.00026113181009173805,0.0010916549767600594,0.0069085625814514235,0.02076561546046599,0,2
0.01857582810624364,0.021375374140380335,0.8339394993629554,0.015665568080359578,0.019762932069663647,0.0822298913915514,0.005681507873869943,0.00020822728733950704,0.0022061433295671494,0.00035502835806948977,2,2
0.034625793417662185,0.00010649866347617767,0.8389360766995697,0.03634098411402613,0.0007114227074685787,0.0779476788560812,0.0034420923058218564,0.0005998323035461777,0.0006536232066823792,0.0066359977256654655,2,2
0.03202573379160786,0.002386191515011635,0.05822401200182813,0.08101959873485064,0.21897261410491406,0.592018944336974,0.008234042786045021,0.0002051628576168624,0.0010269194167399338,0.005886780454411895,5,2
0.4128819419338248,0.01812956765351338,0.4343304912645116,0.0048056522194911185,0.010811391744761157,0.08909955877604414,0.00031328334359673486,0.0005693701872220422,0.009020392942929455,0.02003834993410546,2,2
0.037213192409167074,0.004774362820439471,0.7604598642933198,0.13333732419008745,0.01091734501852621,0.04460143732034281,3.080668414358392e-05,7.381654549962227e-05,0.0038557818126199943,0.004736068905854061,2,2
0.22707834724400044,0.0003423774862708099,0.3148971187178227,0.12560364801132912,0.002064825074132518,0.10853754533323712,0.0042199456829024795,0.0018201144815038382,0.00027892372053545144,0.21515715424826548,2,2
0.05255956164810325,0.021651272858344665,0.8676628914142153,0.025236403681130382,0.00735604481734034,0.020155741149369282,5.4081435228463755e-05,0.0001990842913843852,0.0023944334944156712,0.002730485210468375,2,2
0.06270261649458607,0.007592897401537602,0.898877421126439,0.0157849638125644,0.0012998130438827294,0.008670174402307131,2.5486264170339808e-05,2.880428434887947e-05,0.0018080249768512968,0.0032097981933125806,2,2
0.09400351117597994,0.0015472740468409467,0.647923292346299,0.21355983172927148,0.0005378923529034919,0.03239670245988741,2.7349894766436767e-05,7.885242152508549e-05,0.001593355640233491,0.008331937932292987,2,2
0.03969121854294088,0.0019133052062263135,0.9293574431454433,0.00180195379508318,0.00016390869812145766,0.008612502134505417,4.466261072480712e-05,0.00016275430119079223,9.907385595467798e-05,0.018153177709809135,2,2
0.03924624085111306,0.001757095561457706,0.8916520084273747,0.04770746371129076,0.00016455419245278553,0.011834081889377393,2.005945639353337e-05,2.5617222901832174e-05,0.0026504255228727972,0.004942453164765347,2,2
0.23782981057326721,0.0023227522552772733,0.05029728527235696,0.018853232878093127,0.17287931299117598,0.4762880058147876,0.002657390183196872,0.0005390359215791313,0.0038239568977748483,0.034509217212491096,5,2
0.09313243079632882,0.002592041271025,0.7948793361166886,0.012363706265479023,0.0024408914306351197,0.07371617401427132,3.2392201612611735e-05,4.816435971250671e-05,0.014291010411112477,0.006503853133134576,2,2
0.14065837073179097,0.002816091982396878,0.5832787980863273,0.04782111025067755,0.0012827515180555884,0.20866503094493855,0.0003447464272927552,0.0004885887492986833,0.008319858143295824,0.006324653165926028,2,2
0.05170054503114835,0.012415924165084202,0.8811776143388896,0.008150751314833355,0.001484811393926646,0.03897035330863365,2.917094326192637e-05,4.715552282081541e-05,0.0027301315928100135,0.003293542388591522,2,2
0.030318237319065282,0.0013456106440351211,0.8320576063271845,0.009407327305820608,0.055710240281730876,0.0672350485122552,0.000204266032757097,3.0514835074456995e-05,0.0009013868918648246,0.0027897618502121624,2,2
0.3014726094320035,0.006101986815693725,0.5867289640427709,0.010076841090543392,0.0028072173400912697,0.043745970869667236,2.7748115712706655e-05,0.0026153864643741294,0.004025743939336919,0.04239753188980641,2,2
0.2517628218804746,0.003249478264454919,0.33113641565229635,0.01475995032972844,0.0022473609891731057,0.35229501361074345,0.00012563178790029732,0.0005092823445649753,0.007185627201531409,0.03672841793913255,5,2
0.02098065633830959,0.0001891290224258716,0.9204137052755359,0.0004403042715353297,0.0006583532477502281,0.03674527903790487,0.000128945077776446,0.010400396687037362,0.0034215684745299937,0.0066216625671942815,2,2
0.06869703826361453,0.033184433655754256,0.5667713780913197,0.14840831711950397,0.03732466589202199,0.14208889146364795,0.0012478759451505072,5.99911249028938e-05,0.001899268561191783,0.00031813988289253084,2,2
0.02693004326697017,0.013632298776666774,0.8345784744002371,0.05445977401708344,0.008043590196719942,0.04260789139022752,0.0016034746872018305,0.00012808020670685685,0.013859317353921947,0.004157055704264365,2,2
0.014949457464633557,0.001657179147703312,0.8566269236896986,0.059131833161173195,0.014366212168269549,0.04737879225805772,8.307515933348094e-05,0.00011203162754948147,0.0029414070224391005,0.0027530883011419585,2,2
0.09213822557858956,0.008342731692715585,0.7873181486599866,0.00895473911293195,0.006284757046749099,0.07909983592579585,0.00018505940741368613,0.0002599541998437204,0.01609602983023789,0.0013205185457361153,2,2
0.06401605289764378,0.004328193422515803,0.8584174266287693,0.020850243771251664,0.0015306697936540467,0.011494985060601712,8.130264462173334e-05,0.0010323882599678363,0.03507298167434838,0.003175755846625966,2,2
0.055688682162802074,0.0010180274060795664,0.43304421344556304,0.3304158763504039,0.010219985996209153,0.16096803457010417,0.0030475356119926975,0.00018702609158813388,0.0029479385283005576,0.0024626798369568083,2,2
0.015324251274309319,0.00034430038783867423,0.6551915035356025,0.14367873800853276,0.02196805306245984,0.08448617998698005,0.0055912843671046784,0.0021628458876435924,0.0009847805453041302,0.07026806294422443,2,2
0.04081792380613262,0.006583512589534489,0.9127475302044145,0.001751145127724344,0.006914049789429539,0.02216266568556643,1.7738804374903455e-05,1.185674786277831e-05,0.008827222459382469,0.0001663547855778443,2,2
0.05890039925147569,0.03519828470744468,0.5262253695596432,0.036449275219391966,0.03397264384857597,0.30196944722220226,0.001028389450290353,6.66201373423776e-05,0.005687875849391873,0.0005016947542418515,2,2
0.08345989889298236,0.050913051340030095,0.8209705395537281,0.01656608889934902,0.0006635806406142026,0.02229177941562116,0.000339748739745782,0.00011836850088320491,0.0007922224146761697,0.003884721602369999,2,2
0.01443648601370463,0.00010149251919943896,0.857020561439769,0.0017259377867795689,0.003680983526723724,0.08810692828871461,0.00043229790200246496,0.005240397083581729,0.011794103300197586,0.01746081213932739,2,2
0.09128105184388041,0.0018978045713155044,0.7403793806683389,0.01866009041043755,0.017859566289441228,0.12204697423738127,8.174897400964065e-05,0.0001376560449164402,0.0051343755022062705,0.0025213514580727002,2,2
0.08416369943624412,0.0017728709256695442,0.8683704094577144,0.0015297417359290398,0.005144084845764826,0.02397192676799533,5.3844197244850934e-05,0.00034408262479111615,0.0018302586665140369,0.012819081342132868,2,2
0.029517608503386382,0.0002492366933975401,0.518961352024887,0.31817605186095366,0.016630437713087958,0.09696309271086763,0.00017290910137117462,0.00016469148504407284,0.0033041388153772396,0.015860481091627344,2,2
0.0336310572400488,0.0008966580467420192,0.8430037570393061,0.04212908552462605,0.00292577841054073,0.05587407995959408,0.00023423871302589473,0.000233983912561706,0.0006659280757802292,0.02040543307777434,2,2
0.03878434560355944,0.01894368778439108,0.7853449869271965,0.005801113753049532,0.00960506499548216,0.11668770603531015,0.000694135428003133,0.00142586920743035,0.020614454868422935,0.0020986353971547216,2,2
0.0720176854741011,0.001692687961579093,0.9000095036071842,0.0008065428183998715,0.0030379425725756883,0.009536441112890258,3.4426681529213854e-05,0.0004496068824760129,0.0011567189319068682,0.011258443957357709,2,2
0.15534028786264076,0.03063804532239134,0.6094150194897043,0.022847559651227412,0.11185039651345978,0.06606979491050244,0.0013881472568794883,0.00019078583957644185,0.0012167393981455932,0.001043223755472522,2,2
0.018641025028665995,9.772535738998469e-05,0.8931201739004249,0.05450503152206207,0.00012740908634222573,0.02273275903935951,0.0023091320154574554,2.707340305311852e-05,0.0002362547122751767,0.00820341593496966,2,2
0.17369445333384154,0.007656518942452693,0.34581921198119114,0.08277592246746737,0.02037273353799606,0.344457888965249,0.0045184797639311785,0.00032799086080529196,0.0057836901165336215,0.014593110030532083,2,2
0.0882728749053879,0.012167294195527338,0.8101681091403431,0.051423096504542486,0.003345638201271303,0.028030458743660835,5.003804470133446e-05,2.7237714005083004e-05,0.00434151315410902,0.0021737393964513813,2,2
0.1173233765267869,0.12066823680580069,0.3215724506040757,0.015337576646876835,0.008448240676757632,0.31924700160076325,0.001969319448381922,0.0008917709102056514,0.018688724158197584,0.07585330262215408,2,2
0.012657030318874676,0.011662717937851386,0.8307168862734492,0.003478401842040244,0.039016463748851954,0.07217034897137992,0.005900913888496821,0.0010399659148089013,0.0002678246450926159,0.023089446459154367,2,2
0.036633203559611686,0.015633791258059616,0.9208065111246543,0.0036975619136515566,0.0029982783836743684,0.015316128144677069,8.376947411845105e-05,1.0098791120359598e-05,0.004525128049704221,0.0002955293007286189,2,2
0.09482044151204133,0.00020240405793385332,0.8274182965932042,0.008717838213144886,0.0002826421194464952,0.03276685191077343,0.0006625599398688354,0.00041173115054163084,0.001677703864478873,0.03303953063856645,2,2
0.044342140000707006,0.004205810895183667,0.7310447565663485,0.044093229515653136,0.099003638558632,0.06021578592540791,0.0004965965100708165,2.879003777866849e-05,0.015635675523401102,0.0009335764668170739,2,2
0.17488588545041725,0.0075794459392833705,0.5420479652255255,0.01589073671092575,0.0020697642396728744,0.23880956290111047,0.00037878830412245467,0.0011246765093710373,0.003551265240981702,0.013661909478589553,2,2
0.05569975783235663,0.00015424650824312752,0.8133883732746118,0.002831341062307835,0.001062770179896329,0.09622738359019596,0.0003426084057784941,0.007520792301796666,0.0047740367920549795,0.017998690052758143,2,2
0.05280981763350628,0.0017438204671842833,0.8517315197813458,0.005219114502769545,0.004277110982573521,0.06146639560549033,0.00012060387853609619,0.00022505123650753755,0.01566360889099809,0.00674295702108867,2,2
0.06531598976907435,0.03010780229841252,0.8418829836018145,0.003884486127300026,0.03040239510732487,0.02567955027682391,1.7769486745248896e-05,1.0023155307800966e-05,0.0024983092521096415,0.00020069092508713684,2,2
0.22296667614007673,0.01935188114617571,0.3523114950104703,0.005221333198200639,0.011471727755272549,0.3560349322648087,0.0020896982663816707,0.0011819108086510018,0.011013384707742015,0.018356960702220555,5,2
0.15647007815324473,0.0021509403629602136,0.2918376845185481,0.29270175301668216,0.014125114278297502,0.2322993795563656,0.0006708605701077435,0.00015534791975734102,0.0074485444056485986,0.0021402972183880405,3,2
0.14393598618219106,0.001978294463306733,0.5409255928384924,0.08080366516584783,0.004496079332057633,0.18156173046061158,0.00020661943905291667,0.00028365503274009206,0.04112275019356209,0.004685626892137774,2,2
0.131216662999743,0.016285109114881284,0.7430233996100134,0.0649530503160089,0.012832584759405356,0.026124849664442056,3.95193304780219e-05,2.2494055282353868e-05,0.00219111873665425,0.0033112114130913898,2,2
0.42263807382313023,0.00012545680490344085,0.18664725768417675,0.041851213415146284,0.003045769913285333,0.1680371233885582,0.017822139507897808,0.016227737707317634,0.00011809832838004654,0.14348712942720437,0,2
0.15771845328571918,0.0522129826726135,0.6454509472314803,0.0787520756463017,0.007002920597966118,0.05229956919090792,0.0001013784178684501,0.00036030914219920755,0.0016876644221154626,0.00441369939282818,2,2
0.005889709222107832,2.25723636290276e-05,0.9118668401715996,0.01279450970785594,0.00021824432449611044,0.062103852340393784,9.345537688819107e-05,4.549064009675957e-05,0.0011737458703791554,0.005791579982553725,2,2
0.06908891150553041,0.0022775547694140483,0.8481093030371036,0.014768723824402691,0.006243490434339031,0.05338482090936522,0.00025904840314108036,0.0001524023209649017,0.0021967363839292525,0.0035190084118099205,2,2
0.03626221337049727,0.0011129893565666577,0.7418799307728019,0.15422763435781484,0.001260245354816387,0.060132938765402,0.0002743655197467113,3.700385235038319e-05,0.0005961141748308673,0.004216564475173195,2,2
0.06481076840128752,0.01288226164861265,0.8063555274792975,0.004596643704542971,0.001743183894969188,0.09776451068263978,6.357573532715857e-05,9.819563220506674e-05,0.0040674807141836385,0.007617852106934597,2,2
0.18289633065278263,0.03158120303412347,0.6644561724727391,0.010058407367928894,0.006522718537975803,0.09725643360763467,6.544990768774862e-05,2.3203588607794823e-05,0.005701983309959234,0.001438097520560685,2,2
0.2693252214600464,0.0539207481913967,0.47217299026136567,0.01705988879076587,0.029869287873823622,0.14373359184311105,0.0005268790397113441,0.0010294745420146897,0.006282905977958121,0.006079012019806552,2,2
0.06605597889043004,0.0005873257074700603,0.6948272755294075,0.037415559254533146,0.0044572848304675955,0.17893952048887254,0.00057668925575229,5.2871684534142046e-05,0.012222929791426078,0.004864564567106678,2,2
0.028481680836722954,0.013781552453718388,0.9327657786666668,0.010251333885284618,0.0035553091434147163,0.008617785460562381,2.236267877897587e-05,2.5226724031837095e-05,0.0010039049322438359,0.0014950652185754766,2,2
0.02648051771453189,0.0002573127753404713,0.7361160326762304,0.008474234784423537,0.00047175429504267606,0.1610171060398057,0.0010146289656953902,0.013130070678685823,0.029411155203134687,0.023627186867109247,2,2
0.053773968886146294,0.008858862070316283,0.8139313671386766,0.06749086776800876,0.004062454286322187,0.04440206156223679,3.6583119338163156e-05,2.2172624743156836e-05,0.0038369528462721923,0.003584709697939297,2,2
0.056632383285007006,0.6527818301246102,0.2743925063036602,0.0031799088334770547,0.004338599865937068,0.007932788167343236,0.0002906908667640052,1.3444006922420111e-05,0.00033304948546813247,0.00010479906081085723,1,2
0.031594888924169395,0.00032472273380147276,0.32263691508963555,0.00645946599549015,0.012494337579183928,0.5294653452307684,0.001066178437294649,0.008766810813446265,0.018415214926211246,0.06877612026999905,5,2
0.05475258889098955,0.0005864631709939065,0.618288608426849,0.04882758244201048,0.0479705143312964,0.15918518213006,0.010150176842456777,0.01406930737761592,0.0030625499237922904,0.043107026463935785,2,2
0.1028526187047057,0.0037565354765209695,0.5488904863167634,0.2500732737690812,0.004922429026404178,0.08215530518956624,0.00015011677279117922,4.463685003267294e-05,0.0012388127937277772,0.0059157851004067,2,2
0.0577177811948119,1.695056257381374e-05,0.0502636778042064,0.02838864341820769,0.000873546200199635,0.5407462521168778,0.002168366127482439,0.24873824675756562,0.000801110675600304,0.07028542514247434,5,2
0.06993662992666895,0.005871211587192958,0.7997110782729642,0.027662494273211456,0.013346362449353975,0.08031782744149438,0.0007005301938599734,2.259605407418463e-05,0.0018334649498094964,0.0005978048513704455,2,2
0.5743579310696398,0.08668583431954359,0.14323105127730437,0.02794890213570101,0.0036405934183944273,0.03834412801301672,9.325477449288619e-05,0.00045465293805849275,0.1216722521518886,0.0035713999019603487,0,2
0.3746351525178853,0.0007753082748446901,0.02458214528301718,0.047707556197327125,0.0067721968521771495,0.11024931482202305,0.0007917922908248263,0.001969430140678797,0.0005670229349938002,0.4319500806862281,9,2
0.3163366291575253,0.0005873215924510075,0.06017287908089368,0.1120124226604432,0.012371522574723529,0.08231577825726007,0.0043847656776424375,0.022046805228967306,4.6665850286482345e-05,0.3897252099198071,9,2
0.3305207172575592,0.004076308705644887,0.185051112273089,0.015812555596028677,0.0039574587557750646,0.08164433049962883,3.4673576553572014e-05,3.3084926383492564e-05,0.37799322721165146,0.0008765311976857299,8,2
0.03274415451764568,0.017720474566436106,0.9366323635444745,0.004212193221659179,0.0012833060221406566,0.004362143665302948,1.1632545534359182e-05,7.33088350676227e-05,0.001100842483525238,0.001859580598213848,2,2
0.005475854175204829,0.0002314448733899157,0.4367233299612656,0.03814976438501423,0.0009406758515868462,0.32384335567896805,0.002974662261260334,0.011623506044912588,0.004417431306980937,0.17561997546141667,2,2
0.05675531294757246,0.019216302513921195,0.8195942096633735,0.016866119158319433,0.00413913876946925,0.05575722129695015,3.3893868259203476e-05,1.0601220136690644e-05,0.027309570108095416,0.0003176304539028096,2,2
0.03276293271668363,0.00012651004513629063,0.8387167216686333,0.05168079285105377,0.00029868584048240766,0.04527444256408131,0.0008683000496911163,0.00010326029641427898,0.00026381952473673084,0.02990453444308705,2,2
0.15431394581195984,0.0007048469549744666,0.1461765170779582,0.005453149238472297,0.011160032206084268,0.31748924524805144,0.006505131037476518,0.030213147398015963,0.0008409075853946972,0.32714307744161253,9,2
0.09215047092067197,0.12384240526417649,0.7407468015611812,0.030889862984294844,0.0021022074014587474,0.0038359979291110267,1.6849803341822505e-05,0.0001156222147804451,0.0030617267418533217,0.0032380551791300997,2,2
0.0823652818292132,0.00335550058002366,0.473903178654467,0.21942743542999021,0.01277025520626368,0.18593404739893227,0.0016617695792156264,0.0002474886001055204,0.009295374275114785,0.011039668446674023,2,2
0.10646454963288443,0.0049864827356115755,0.6400648341082995,0.04023704188430833,0.03145062167676844,0.1721818740709296,0.0008497415373574494,6.412376767492562e-05,0.0026257963334022456,0.0010749342527636991,2,2
0.09042974755411333,0.01184011577375483,0.7228351509558101,0.09765338675204902,0.019733870259917147,0.04781289699122554,4.0973743827319944e-05,3.4127172885239755e-05,0.008678064038831857,0.0009416667575855718,2,2
0.09946579930430693,0.00010117141769663397,0.7852555332347153,0.04936195780796876,0.0007334302136498018,0.02903246247409603,0.00014157228763333226,0.002562595395288889,0.00035917378732250934,0.03298630407732179,2,2
0.1340596191625008,0.06874574620980903,0.396722541947354,0.014451266986820921,0.04434177482239064,0.3262388877327746,0.0045883795042901505,0.0006234626831359818,0.0037494998105988635,0.006478821140324994,2,2
0.027774569671812736,0.012210248033948082,0.24307456880867556,0.0044203901893389045,0.09895059763970339,0.5942214123761137,0.01676423137793907,0.00015463921558357612,0.0016653458692072332,0.0007639968176777769,5,2
0.013113097110167537,0.0013555044264743253,0.960028917128854,0.008212513320659306,0.0002248801080823446,0.01259877301106045,0.0001043986179066716,3.575483379385685e-05,0.00013566723578698335,0.0041904942072147474,2,2
0.09777258651915686,0.00609246939850938,0.6644258685021365,0.07361473961739748,0.03451604071220436,0.11106535858832135,0.0005649317606244747,0.00013775909295760333,0.004005655497484684,0.007804590311207431,2,2
0.04288967297065977,0.003744671851339524,0.8946891214448022,0.008494026584654332,0.001722988226834803,0.028792391135824,8.585467597758613e-05,0.0008176500231565594,0.0024371595833913556,0.016326463503359968,2,2
0.09294288488313845,0.004646837360835291,0.6080198730816936,0.011638001663788663,0.001681407819815161,0.24817283124281025,0.0003134154028897053,0.0017490194094649753,0.020738808488920596,0.010096920646643383,2,2
0.03421461220077726,0.00017869832140140153,0.9262083478199865,0.014791152597889204,0.0007793695259159888,0.008650538819078108,0.0008771466541835791,0.00041700821586778807,0.00013434499105905242,0.01374878085384117,2,2
0.02526561322468681,0.0038189670898217684,0.900996979065797,0.016342816358327055,0.001419698072452096,0.04614202278499873,6.820696470290178e-05,0.00022182205702067238,0.0016417293654425584,0.004082145016750395,2,2
0.28667594502707233,0.001758006724367612,0.49398817667827366,0.035548454158288834,0.02465329477253852,0.1300579544433309,9.715115523973363e-05,0.000203080970754453,0.0017235568569089776,0.02529437921322513,2,2
0.14193733595018398,0.1441835330933908,0.4728027675653392,0.01382750895621989,0.0020252889546680504,0.17719270377394855,6.852476496303454e-05,4.435752858802184e-05,0.045618571481068855,0.0022994079316296574,2,2
0.17904957480270636,0.013315524765324079,0.6541303025343461,0.005530194934690764,0.012884812455283988,0.13075218031796842,0.0002597839582709588,6.665855491228328e-05,0.003493302887872654,0.0005176647886245873,2,2
0.0607519165497107,0.03992816688375283,0.727860249213519,0.06778192975458763,0.011235165225412415,0.0782946813626382,0.0019046872159075967,0.0010934494420195059,0.0014318503249413667,0.009717904027510705,2,2
0.0701539052106733,0.009033967954656299,0.8535322242200396,0.0015704688172133838,0.03040672118081958,0.023404467537938366,0.00020936190171281794,7.965561766098216e-05,0.0054527610677702724,0.006156466491515535,2,2
0.4824932621899994,0.0198527277700834,0.10146411327327595,0.01752683023732273,0.0015377824201324862,0.32969915034002134,0.00427119689819201,0.02504385722504027,0.007571842893855151,0.010539236752077323,0,2
0.15660906079305442,0.19188770097062272,0.6084373128845474,0.009256005639533426,0.004997386182192495,0.022173281527809546,1.7493740038003418e-05,1.1747425390915687e-05,0.006110247347211165,0.000499763489599984,2,2
0.15283278299385666,0.012697052237127124,0.6553654980694816,0.017211079934613616,0.00974800737251718,0.12535965785158584,0.00030142989935389244,0.0016956034706557986,0.010024289813586577,0.0147645983572217,2,2
0.1631356053110024,0.013842749161049009,0.12447405884060345,0.0026959165103342003,0.003763417314040878,0.6720189372390127,0.0028321691567008787,0.0022317096456141304,0.0052055036612895424,0.009799933160352782,5,2
0.03928895877315754,0.0005555456951705234,0.9152217785771686,0.013323038441632004,0.00028694181604812987,0.022036124540174815,0.00032644272880360127,0.00040352323635153175,0.0004303081313083899,0.008127338060184848,2,2
0.0055416077563334295,0.0005721508866172774,0.8208940277460853,0.011787002149082853,0.0014103184628878238,0.135325470188031,0.00030857588706647556,0.0011529960744710286,0.011472950354464592,0.01153490049496027,2,2
0.0402426403011677,0.007718939151789211,0.768313510328248,0.0006916819178236734,0.014972689708207058,0.15188064780872845,0.00016733150799955307,5.803114839898124e-05,0.014222388612808699,0.0017321395148286551,2,2
0.017317016607383877,0.0009528644838622442,0.9707531092146888,0.004184767242112453,3.862542153242675e-05,0.0037021308503741215,2.5462879253245574e-06,9.983338608473806e-06,0.0004925865213705016,0.0025463700321417316,2,2
0.06534999131410674,0.0007604585961335029,0.8502873350195558,0.013767658772846058,0.01004151313131588,0.05022872690320113,0.0001858249434994151,8.841016139990312e-05,0.002715108838287108,0.006574972319654548,2,2
0.1391549766685316,3.5614815832278234e-05,0.3821103701211059,0.10696865308500328,0.0014586457788254342,0.050555968767137055,0.0017240727754345992,0.0006564008369911765,0.0002464804669955475,0.31708881668414324,2,2
0.011104100634595444,0.00022603134794689077,0.634483416727005,0.012149879930755786,0.004953509694537767,0.27527140594489213,0.0019700533434564454,0.0021915585150458342,0.007940692436511913,0.049709351425252735,2,2
0.018047476159404774,0.00013890521142665633,0.5982158544805041,0.06027717496535967,0.0011621826581562412,0.3014781014444049,0.0003993411933411738,0.0002447082335330598,0.0026476827302956848,0.017388572923573677,2,2
0.043396103416783564,0.06268847188404776,0.8668764498459846,0.002880633273412756,0.003910070104451926,0.019368575144182856,2.2985493617045223e-05,3.534838169594021e-05,0.0004964406934626625,0.00032492176236078755,2,2
0.015956572429039827,0.00022114697516681118,0.9512632812520525,0.0031074108490598503,5.9172296982589666e-05,0.009211750306641476,2.6994316373943823e-05,4.9223418867341785e-05,0.0011611989821180017,0.018943249173697687,2,2
0.041114307042297384,0.04448072127731253,0.8757851356777837,0.0021268650318118994,0.00464037989665304,0.022904671730542534,0.00026264267996584155,6.027987100124007e-06,0.007975074340357071,0.0007041743361758913,2,2
0.09085137637846014,0.00882463411828181,0.4441593005521173,0.006057160996798738,0.038270857028936775,0.11494066263886979,0.0004539397965978287,2.2101356140518508e-05,0.2960831958355969,0.00033677129820032075,2,2
0.11442629236589233,0.023048702332839247,0.8171545487730927,0.003440187426133605,0.00988587917827661,0.02867309594915632,2.3930000703379012e-05,1.8509624698287296e-05,0.0030775748208549253,0.0002512795283526286,2,2
0.05449870017506525,0.004465597296898276,0.7563331216408636,0.13880120540200536,0.002273636386083947,0.027896145914395553,0.00010035113533925374,5.445645933383616e-05,0.0001932120021939905,0.015383573587820916,2,2
0.022723443192169464,0.4644642165666539,0.5052949546300578,0.0014553513505748774,0.001672886215105429,0.003828966958573884,6.9786914359532095e-06,6.108673596530727e-06,0.00044227639195550984,0.00010481732987661356,2,2
0.07241329125057996,0.007549532133000664,0.8732539429305246,0.00835014513759688,0.004503424921754293,0.0267768821104966,4.704555422712851e-05,4.827200826743869e-05,0.0062687515686790304,0.0007887123848736128,2,2
0.012138929739698191,0.05896093911098792,0.8881032014836007,0.0034336998288177533,0.006823833927071896,0.027427115508373984,0.0011612577485610946,9.756303534821746e-05,0.0005338553701492231,0.0013196042473910055,2,2
0.05279782512407298,0.00952657636195334,0.776559373527642,0.06242481861533587,0.017825728058313745,0.06048573120398579,7.8243043193536e-05,3.063829828482316e-05,0.017870444401127943,0.0024006213660897986,2,2
0.026729513908324204,0.02087727577816314,0.9429736379635545,0.0036830873621782542,0.0003309194100352962,0.0029350054999970868,9.276839477285321e-06,2.7106250222929295e-05,0.0015468397843072085,0.0008873372037400944,2,2
0.0924358422998035,0.01813887344763968,0.8087056303408371,0.007430044896414658,0.0009335788421244722,0.06363381284358736,2.9121367472409657e-05,0.00010337631820431036,0.003197551387260117,0.005392168256656399,2,2
0.14300078001272384,0.0005138926894140311,0.4932182099467776,0.029402179694279013,0.0005795964985076811,0.3048399257912477,0.0007209626066130143,0.0005295621297227455,0.013876937624138422,0.013317953006575848,2,2
0.0242066674772506,0.010463686241853946,0.9257307144696438,0.0020541864033452252,0.020725487882457237,0.013592220353137698,5.515112315272683e-05,1.3398971302316337e-05,0.0027380560757487627,0.00042043100210786534,2,2
0.1200389880365055,0.12688550060116724,0.5945191010714719,0.02444691912430296,0.025274084720042687,0.10781013927573693,0.00021456548346094728,1.5164765412110628e-05,0.0006602965750453647,0.00013524034685439816,2,2
0.01230188714228421,0.01773035611676022,0.9285272507657835,0.00229106097035045,0.0025846796972836283,0.035238694939039694,0.00012579928891132141,8.582553192160812e-05,0.00026853463082737933,0.0008459109168379883,2,2
0.10370579594541263,0.0051200971018245806,0.08963633937489374,0.17821512650016805,0.13618793388195466,0.45668641298007523,0.027436282753933363,4.192429826831131e-05,0.0020454509587958,0.0009246362046736395,5,2
0.03289153175864175,0.0005665458705769917,0.4789883610455664,0.0272255270017263,0.021859675275432623,0.0865148693212097,0.015463255323084006,0.0009814934064493995,0.33287302067708485,0.0026357203202280015,2,2
0.07616814028009002,0.0019723072759322393,0.6382637874789694,0.1823344492830031,0.0007766108500177021,0.07751840282020991,0.007256572185824778,0.0007665669617528646,0.0003990925696741477,0.01454407029452569,2,2
0.09560372883418639,0.04645216504755849,0.7834800097286996,0.012938591637265946,0.0030754883242264325,0.053015672885549744,5.752840284455902e-05,2.6904458799349893e-05,0.0029973901173684725,0.002352520563501057,2,2
0.033403375376978135,0.008470761057101832,0.9262822463988059,0.008627497313396525,0.0023479506226134336,0.011810893609171633,2.0058181276067494e-05,2.6916703439733954e-05,0.0006849331818483324,0.008325367555368137,2,2
0.22147555148550555,0.001012939618650668,0.4328536355884446,0.044796283257101,0.01640535804361857,0.21654652602825147,0.00025288114004551636,6.834126168345572e-05,0.06244484305064063,0.004143640526058872,2,2
0.18533161953131924,2.831796648197327e-05,0.045162844624704095,0.003487217971198709,0.00019166987053614984,0.04757143323376986,0.0014593389889573428,0.00875878010555071,0.010111149671728093,0.6978976280357538,9,2
0.1140333353600361,0.0010138831467745807,0.8370271268278971,0.01739541311022764,0.003356003185846432,0.023891087671849692,3.270171878251473e-05,2.1137698712609734e-05,0.0012354932924760853,0.001993817987397137,2,2
0.24479342539859023,0.026449868349729476,0.5518923588675471,0.05367805668892246,0.007120313333022656,0.10616595047187402,2.9128578268637605e-05,0.00015511153699449383,0.004215998997011012,0.005499787778039969,2,2
0.02567199238687807,0.006750834096769727,0.8944407979157073,0.0031824399278707694,0.024273875545242726,0.04295979575145603,0.0003343021882240477,4.4081966947158025e-05,0.0020600813344600864,0.00028179888644407725,2,2
0.17590938146555973,0.0030676005182761258,0.7152275367600458,0.013626660352471235,0.004167315241507725,0.0787336868238502,0.00013165733824496516,0.0003294335102110176,0.005314222826990804,0.0034925051628423775,2,2
0.022820906640094625,0.00022193092803035364,0.7528655529017245,0.02453938431589501,0.0007609965982207922,0.17789678762222705,0.0012500703488881708,0.0004726235646870916,0.00027827564513251135,0.0188934714350999,2,2
0.18831611718408137,0.0012566068951632178,0.5331923253469821,0.0269838644000613,0.019235098566525933,0.20295655831637033,0.00032735153204245765,0.00010966817956723034,0.003941350967080204,0.02368105861212581,2,2
0.03919618839759733,0.04320033037914384,0.7904111063693462,0.004606899996441093,0.014552375995371325,0.0802716657780806,0.0005679987587413788,3.935085456827775e-05,0.026843484780214033,0.0003105986904960693,2,2
0.022801310806054027,0.010151171768852054,0.6240521463364767,0.0024063935060189253,0.048326624058611115,0.2896831543635521,5.2408835393521513e-05,2.1626412585680735e-05,0.0010477764686792539,0.0014573874437766757,2,2
0.23981909017760009,0.04806526147314963,0.2622301624984027,0.0014457928754330494,0.0047511002444015,0.43066963971536404,0.0009803391005386252,0.0012497847257538141,0.008743551927782232,0.0020452772615744555,5,2
0.04034094271653947,3.1297224380998335e-05,0.7491431035662204,0.0017962467010322776,0.0027595704972688258,0.09713718777903399,0.012144505273362808,0.06279616100654378,0.004027557771165057,0.029823427464452525,2,2
0.046921214921262326,0.007462748303428376,0.9028789008166437,0.0018698635530592644,0.005112834772741802,0.02035098829841294,7.184995514953895e-05,8.954554846168218e-05,0.013279860364146114,0.001962193466694541,2,2
0.1138336200995201,0.03189820246032882,0.6814807647851874,0.12410996052318388,0.00777105307706402,0.021913296554516123,0.00021430376177767685,0.001245190383825724,0.0011046024294683768,0.016429005925128,2,2
0.08868955408822417,0.0038449657122292718,0.203984812616754,0.548246959413783,0.018857595458436346,0.1179917983148477,0.0007741216564385452,0.0025393400189554546,0.0009020428273659681,0.014168809892965518,3,2
0.08839290752511454,0.0019503510388604217,0.7939615695076228,0.06445413743751784,0.0005232951732724344,0.04508850186511063,0.00037529567397296266,0.000462397591107774,0.002053454927321269,0.002738089260099513,2,2
0.04920088923557949,9.445915059128446e-05,0.656701050767262,0.03330155009758346,0.007348303852753083,0.20296493745959412,0.0003457088685511568,0.00010465959484390202,0.046853034935922216,0.0030854060373193214,2,2
0.0687310095916753,5.437998701600883e-05,0.13186070421199997,0.17894901254395656,0.0036390125126641868,0.06352055809137498,0.034780896875600334,0.00033576209105969876,2.725993552348987e-05,0.5181014041591295,9,2
0.5638054419861088,0.011816141290221238,0.2687473528197421,0.006339100469212518,0.002016581927576285,0.08071309254107979,0.0001127971690054508,0.0005834928196924345,0.058668648400845055,0.007197350576516487,0,2
0.32886770990499686,0.010046671353707804,0.4584354250099502,0.008793363029076235,0.009064722603668073,0.17812463503340212,0.0001287613466708799,0.00022348227611064547,0.002605171552420964,0.0037100578899964356,2,2
0.015296321184886072,8.84626684996704e-05,0.8809222678517294,0.04558536034383154,0.0004578734635855365,0.04766204103875235,0.003959170779678102,0.00019200187821360573,0.0004080423045409622,0.00542845848628273,2,2
0.09378667444472215,0.010310256596176678,0.6867691564793311,0.045901030931514514,0.04914285858084404,0.11083477998877696,0.00012452585658196132,3.592646937696582e-05,0.0021910079802396503,0.0009037826724360191,2,2
0.021126537178856514,0.007255333821115829,0.9502601911403599,0.011394486312807097,0.000700944927625046,0.0030325683126242167,1.6824922924021536e-05,3.131851629551565e-05,0.0015842220970591497,0.004597572770332857,2,2
0.027158244599106884,2.3946999005054964e-05,0.3944434553622926,0.05992614350327061,0.00036875464173616584,0.03061750092739954,0.0002552738169171703,0.0002086496806480686,7.224412950229397e-05,0.4869257863401216,9,2
0.076726747728221,0.008767018024797988,0.8751496446893021,0.017298629557332044,0.000732177739364138,0.002673423757444497,9.949171897582573e-06,0.00010757112380768965,0.016687907574551356,0.0018469306332817952,2,2
0.08092056269679375,0.006809657190977529,0.5386508495326994,0.006408937935399267,0.007934517198396822,0.34913283185188243,0.0008730634155320988,0.0002897648312858818,0.0067468387581180594,0.0022329765889146504,2,2
0.17262041919826768,0.002225497907823174,0.47648985791278287,0.005229200318346463,0.01884965224776809,0.31757730955098323,0.00010426618212165217,2.5689131328898485e-05,0.005928782133205818,0.0009493254173721767,2,2
0.030786392696084037,0.0025243611899031467,0.8805135943762448,0.00509893638781424,0.045953546889130906,0.019784428108540263,5.996489856429811e-06,2.5363907981131265e-05,0.011925608165648367,0.00338177178879678,2,2
0.08207867974823224,0.003081456238933509,0.31903067916893707,0.04261344505174214,0.07289659077029101,0.47277383805446116,0.0017471387489359032,0.0001245378755158101,0.001488087118474513,0.004165547224476659,5,2
0.054440940025509504,0.00916120953569872,0.8770903392999593,0.0046444476720290465,0.006520506637131647,0.041296744625524955,0.000342844036416633,6.979793414960908e-05,0.005568787971941241,0.0008643822616396095,2,2
0.4313524321168439,0.005124580370780461,0.18891261915184746,0.0031184699612017072,0.005304451446655451,0.14108981484823002,0.0011723171337278732,0.012227535550585198,0.20648454110453907,0.005213238315589059,0,2
0.0537664139959895,0.015865251084816734,0.7494030079332769,0.06804361754733201,0.012835821811377426,0.08929742255916782,0.0008152148664035486,0.0004159397594528304,0.004311653788206735,0.005245656653976429,2,2
0.25452790773118145,0.002403904026171627,0.5675368747751796,0.022393157078807055,0.0016632925985970155,0.11922862630099322,0.0006187874974348636,0.0040629195338397345,0.0016760726005113854,0.02588845785728397,2,2
0.17821340985522788,0.0016417611196247021,0.5563519143737378,0.05005809718890306,0.029665235420365848,0.15805553738189768,0.00014011892289044473,0.0012660793457973277,0.0016981662461257616,0.022909680145429573,2,2
0.016199542551943245,3.586736160370139e-05,0.873007631641981,0.023979361430012273,0.00019555215792919515,0.07958810044194063,0.0009383379784914257,0.0001273751917772959,0.000877103076907431,0.005051128167413861,2,2
0.10350128811321428,0.10958989049517527,0.6453107319281862,0.01384088490666809,0.005271666219065593,0.08633635044773365,7.323844092753752e-05,2.5776742110898485e-05,0.030607553178803686,0.0054426195281146944,2,2
0.2405584776559995,0.06227554985220059,0.40257173867923246,0.01571518418738369,0.016968541867650816,0.25030110756450275,0.0020499390908870515,0.0016037352693947272,0.0016327107384042847,0.006323015094344244,2,2
0.11216315264066495,0.006318717352343682,0.48819547878419506,0.15334286999019772,0.017546527816518834,0.2096217428975933,0.0005000074456659476,0.0022904484928556773,0.005267281930303256,0.004753772649661451,2,2
0.054154270151245715,0.0019400583318957727,0.8511708447173869,0.0271169159778831,0.0018061175764906975,0.0569077757276257,8.241592754109877e-05,0.0001067463774513465,0.003030779131218373,0.003684076081261419,2,2
0.04601633011231301,0.02570129420102268,0.8101687333852303,0.004609235212063474,0.012695983537591587,0.09556356165198829,0.0016953456121689392,0.0001902720326606871,0.0009411762102564504,0.0024180680447048095,2,2
0.03320542180865312,0.00027244744316624355,0.9264242683223833,0.01750861119828829,0.00029533805053408296,0.016283113005401702,9.95693490109441e-06,0.00010619663510686815,0.00018789510820275209,0.005706751493362552,2,2
0.0541579115753274,0.0008646877342263039,0.7281452594632951,0.10124128119359395,0.00274420108393968,0.06992789825975003,0.0015384860655794604,0.0003306799069321061,0.001717274740559575,0.039332319976796454,2,2
0.22173018972699005,0.000600141545273254,0.3948799939769019,0.025513308893472947,0.015669067825018857,0.32244730222185725,0.00043489911073231523,0.00018340358699726845,0.004620161459991649,0.013921531652764406,2,2
0.4318180714276652,0.028246665447139496,0.47248917975419263,0.009262379654468078,0.0017977209639647401,0.029544346681068975,3.7847037886743756e-05,8.712968719800243e-05,0.02580425907313887,0.0009124002732773038,2,2
0.009595400421428507,0.00031647003545443584,0.012332631461806385,0.002895670510586818,0.005142762642116592,0.05310519384365284,0.8490039353081964,0.04339820550200765,0.0007295697497729162,0.023480160524977495,6,2
0.04445938157613852,0.0001626603552944526,0.8029266142248508,0.04843515314289349,0.0047430297551656585,0.0928996104162536,0.0005977147013778117,9.726565156602086e-05,0.003856654301980309,0.0018219158744793747,2,2
0.05602427494806608,0.010493247427486165,0.8763318072012156,0.011735695069268087,0.003999942374052452,0.03705851559234261,5.765024548214119e-05,8.917845253565064e-05,0.0019657031137913852,0.0022439855757597745,2,2
0.08518866728630836,0.004939597732130549,0.814276390432957,0.07075247068220554,0.0007393475752497821,0.013231507529328168,5.0454198161514814e-05,5.645204334727281e-05,0.0003048514792452833,0.010460261041066635,2,2
0.06519259944158744,0.0002385732898283464,0.502924100879528,0.04038753392868693,0.1388351348220161,0.23357201806055436,0.00313587176992115,0.00011955680593888116,0.004572257410152213,0.011022353591786618,2,2
0.07563301297866903,0.0022571903022289884,0.27657113174936243,0.04482540142738978,0.05177002942183532,0.5346078442065194,0.0013940422559046409,0.00015773077963718708,0.010574405225214255,0.0022092116532390726,5,2
0.31500230073452523,0.011030048138233495,0.5601527786709706,0.006766710892725268,0.002126663521138315,0.06073894435010427,8.366867066117242e-05,0.001306859200514108,0.018431543968451498,0.02436048185267605,2,2
0.057988512700355106,0.0007011679985727032,0.8604230314349776,0.030476335875552457,0.0033467645452743386,0.042268137729682964,9.247432169741936e-05,9.202015239637794e-05,0.0016103337324563562,0.0030012215090347853,2,2
0.026066795905731893,6.074988859027156e-05,0.0026165262017149005,0.005290545164953615,0.016886276560099306,0.003738296707113402,0.005967904197459244,0.0011820493519259156,3.25684146555057e-06,0.938187599180946,9,2
0.028234750034806494,0.004291538250485926,0.9514242100946744,0.004181109286460849,0.0003780278495471226,0.008458822827502396,3.159173020072145e-05,0.00015944336241272542,0.0010991744499118266,0.0017413321139977415,2,2
0.03330276977422321,0.0019421085961475988,0.21810563896274976,0.7289130610899913,0.002274921666973223,0.007632721204757617,3.44615843394473e-05,2.2938406339614072e-05,4.8492938248347216e-05,0.007722885776229925,3,2
0.11905126324066076,0.0029136917116992394,0.7261259622204579,0.12465944853042099,0.008516396259166259,0.01178125975703825,1.1891606168286945e-05,1.43755344040755e-05,0.005031087902198323,0.0018946232377860556,2,2
0.5963258751347434,0.007864469826914243,0.12361549075976044,0.019396217107360662,0.006742232201547035,0.2181530061452658,0.00048076716807216225,0.0031056686279603185,0.0064184592266792835,0.017897813801696638,0,2
0.2044971536497289,0.012077348653218998,0.5734133217489262,0.017941285315791266,0.002942483798280553,0.15788503686735095,0.00010794453453032886,0.0009789493177769937,0.005188204199125274,0.02496827191527046,2,2
0.027745386740698836,0.07359187492790903,0.8698662651627468,0.014336519193549245,0.0017666453935877204,0.010213536980424771,3.231455597525158e-05,5.599828911250957e-05,0.0009799917179712347,0.0014114670380248925,2,2
0.07030607279206323,0.004877994155254513,0.2884148372333858,0.3803367005610512,0.16499691679649933,0.0724946422546068,0.0022741057953932693,0.0001489996761437531,0.0013427931716108498,0.014806937563991478,3,2
0.02319184260943217,0.0004092482925807453,0.7132979775386808,0.012705567004990764,0.006096418633303978,0.19807632902579933,0.001809963282535619,0.0014277730744877847,0.03654664690527379,0.006438233632915052,2,2
0.13824546993404868,0.007612599563918156,0.7275585073111563,0.019431787577977873,0.0012858943085288835,0.08438650924684181,0.00018279912193764296,7.763196579616805e-05,0.014349152134881655,0.006869648834912837,2,2
0.037574341938843694,0.0013567129734355012,0.85054684978908,0.029276006250670977,0.004724722103328012,0.06761846197160075,0.00017027192257827403,0.0001436949521406489,0.001527301853801432,0.00706163624452066,2,2
0.172152977844154,0.0010506284094715735,0.24324646408668257,0.13169116722686033,0.033882701497656334,0.35091028099966975,0.00048047836049411156,0.000265898368102847,0.06279983336221812,0.00351956984469054,5,2
0.0733652817386079,0.008722150307830747,0.7184077011719041,0.007689472020296993,0.01579703414615071,0.13771406688580484,0.00047664655062562794,1.589392461125892e-05,0.03664223384264719,0.0011695194115206762,2,2
0.1740707601440541,0.0881034994741399,0.6530354212224418,0.006596651537794006,0.0006416592096958254,0.03514096778267207,4.286238830611946e-05,0.0003301673008122052,0.03721137972247567,0.004826631217608492,2,2
0.02661800975784117,0.0002381957128204853,0.8311048569186731,0.015954170622343302,0.0016133178824871345,0.018859171146783957,0.00016499525559402406,0.0018467688513311461,4.680587932323202e-05,0.10355370797280244,2,2
0.10112544267297253,0.0806912825670778,0.7270347387187102,0.006673133612420041,0.008922523894772955,0.07345972353714203,0.00015735823027273447,5.038117311857996e-05,0.0015530145895150831,0.00033240100399826533,2,2
0.006476870997323512,8.715314246890031e-05,0.8865680892855985,0.003893419814161121,0.002026583359104219,0.07234908192993919,0.0008471279823310179,0.0022454558221249596,0.006137457290753287,0.019368760376195348,2,2
0.2589496827867775,0.007284860166150388,0.617279186657063,0.08425980636652057,0.003995982610194244,0.005953314095277157,5.491042379941836e-05,2.441478253985788e-05,0.021826570936258668,0.0003712711754192873,2,2
0.0988189583645236,0.09568919550088428,0.6860299531625237,0.07914853329507189,0.009097943034892298,0.015857192498037843,5.407358403947639e-05,2.193064954549816e-05,0.014357239300321937,0.0009249806101593803,2,2
0.3611188560811049,0.006766732805110823,0.41211374481516905,0.00833263756831077,0.00575925099588983,0.18633539707917682,0.00019060966963390828,0.00016349841403905062,0.011152281441405537,0.008066991130159224,2,2
0.005298682595830567,0.00016266001738706064,0.6963252915845425,0.024105089230335164,0.001637580011120133,0.11876554060989422,0.006982950850320458,0.0034735787386654454,0.0023865305037293278,0.14086209585817516,2,2
0.06445757260292033,0.011710418683603039,0.8354845536092781,0.011833421428447259,0.0035905501635069333,0.06908727230958646,3.563393433445276e-05,4.479140768933473e-05,0.0014307534380678176,0.0023250324225663963,2,2
0.04000097014596104,0.002043013529976117,0.8035610370929883,0.010640434205710937,0.001036815156261259,0.1344940655203163,0.00010635652504045561,0.00021051185877472487,0.004941849963587165,0.002964946001383874,2,2
0.03217160423171315,0.008187077342143212,0.9482510975649279,0.004971245835379195,0.0018772647944754071,0.002918456093750486,1.2610685747981433e-05,2.3169822189224436e-05,0.0005908073105820045,0.0009966663190917424,2,2
0.3082834998597945,0.006524242388828974,0.4210188917690312,0.20185233628768012,0.007891036010530985,0.04362653314263471,0.00018602818055532484,0.0004438476688612441,0.00016727357477063875,0.010006311117312483,2,2
0.6158889860917253,0.000615719053240874,0.1404327090734744,0.0793998800061685,0.03158219155620957,0.09991436325501929,0.0006473404537001843,0.0001027214737735675,0.003104907734431623,0.028311181302256794,0,2
0.036932942938627075,0.0001543942227955448,0.7339665512148233,0.02294115663265617,0.0005725126763028654,0.1884868490691559,0.007994582099052985,0.0002051027718154151,0.0029685826497687666,0.005777325725001978,2,2
0.09679239721111921,0.007837470402804865,0.8105915525051232,0.0067086557717461965,0.019103025151382978,0.05734504729941222,0.0002296318158962249,2.811266174974668e-05,0.00044542412208043705,0.00091868305868502,2,2
0.058344068342984154,0.033270113734131156,0.5906413042512234,0.02423847194033606,0.047320903328649376,0.2377177170627128,0.00744745768902046,0.00017296250253101892,0.000387425224577147,0.00045957592383460435,2,2
0.047194369620455826,0.009107435686838543,0.8986316964281438,0.0034881043550247987,0.004746529253327282,0.0050117226277017765,2.8955341221994504e-05,7.384921838247584e-06,0.03175304401160325,3.0757753844458215e-05,2,2
0.03482054628572629,0.01895199965808801,0.7278770697394565,0.002984560995176226,0.004544038711403716,0.18745260381340992,0.00018534041006544968,1.1499573337795655e-05,0.02310077022940763,7.157058392832783e-05,2,2
0.1890277794871933,0.003204374800019615,0.721806960691114,0.001916709108177068,0.0004303283420422319,0.043994372586431116,0.00015023386325576645,0.005991639667384039,0.02371207657728657,0.009765524877096208,2,2
0.24665302326415445,0.01791245155475954,0.06339942793843059,0.014517482967243533,0.003775935523974692,0.12231474843094553,0.0015042014397677393,0.008402289722386758,0.0030634809188686044,0.5184569582394686,9,2
0.0160657731588853,0.003075682305824105,0.9255576863812973,0.038926366000618814,0.00142510380185861,0.007181445252198832,3.324549363282946e-05,4.027633944002138e-05,0.000580617033755049,0.007113804232488985,2,2
0.01602731711953889,5.720010062313127e-05,0.7793246867400445,0.008383593445414183,0.004620326423286885,0.15639596527270752,0.0008487106175942635,0.0029069318606739216,0.02815368267636415,0.003281585743752545,2,2
0.06720011484656496,0.030648460394773903,0.7880961491494476,0.009040249064439159,0.01828875583557318,0.08400043242938138,9.136000790606388e-05,2.75739948652937e-05,0.0020362301385714685,0.0005706741384770742,2,2
0.23972506689842335,0.041754606624795396,0.10780900094217105,0.001590470249875742,0.010859084190072126,0.525330256714374,0.0007977727542554991,3.53265709592688e-05,0.07157259778555705,0.0005258172695165109,5,2
0.10607064398873259,0.007459794294884805,0.7257465797613178,0.11227370755566088,0.01289038953645337,0.03105507907160484,3.59746548216344e-05,0.00011192981872302059,0.0014779186816475081,0.0028779826361536925,2,2
0.018336259084221474,0.0002957159097802082,0.9274463673686012,0.035850226839909724,0.00021257116673093843,0.015232009524899176,0.00017626456011261734,6.865214739776442e-05,0.0004573288813849298,0.001924604516961981,2,2
0.12503088853813782,0.06355551263040024,0.5592547567794953,0.07647882012727004,0.0077366937535155045,0.09814127309555826,8.77887285154416e-05,6.53221388589289e-05,0.06680971031554304,0.002839233892705435,2,2
0.04459263330897491,0.004086176352189892,0.5170179745166789,0.3374993992618279,0.014714063708413072,0.07719567069926872,0.0006455257773007675,3.8610125551723347e-05,0.0029888710820544554,0.0012210751677397122,2,2
0.018292902981343954,4.1525301674729386e-05,0.8363682263268429,0.025750865414085992,0.00075194651357578,0.08575217449721115,0.0022894414636059875,0.0008495556857293302,0.002909291436247399,0.026994070379682867,2,2
0.2105659455405163,0.02183072677055468,0.5037585954657238,0.047506838726786356,0.027299752750977218,0.05561873977076784,0.0029230907732152337,0.0005182984243464047,0.014797041230657844,0.11518097054645454,2,2
0.054234854054077214,0.001316432443280373,0.8698929754040077,0.007283142855221319,0.0024833063354732002,0.035197965366221426,2.404023888243855e-05,0.00018605446881510211,0.002484051777527137,0.02689717705649424,2,2
0.13825318745780074,5.5022384028462265e-05,0.08033030922868525,0.07932561050817954,0.0028652985385040227,0.035681662200228434,0.013488550431542018,0.0008467497376817799,4.874808672887335e-05,0.6491048614266209,9,2
0.04626222453466586,0.0005965367866501964,0.765765030451609,0.02193423875157418,0.005485342121363577,0.1523660908994439,0.000544633190284079,0.00013461825626715388,0.0019752366661959777,0.004936048341946176,2,2
0.03867814924608668,0.0009307968499925832,0.797121651573143,0.013193686926980822,0.0005822398962936723,0.137519787062698,4.143379871263824e-05,0.00024884670415878504,0.0033145364256763855,0.008368871516257578,2,2
0.061589880909504284,0.002377477366243655,0.9132721797138926,0.0056277799543519875,0.0014630359846251777,0.003562256413995912,3.4755948301617274e-05,3.538083028854477e-05,0.00872002450815284,0.003317228370643505,2,2
0.00442477105971972,0.00022715898754213803,0.42137837248824794,0.24240431162503756,0.0030049914060608094,0.3073641769569134,0.0018793091954607385,0.0006101991252672472,0.006741131635597931,0.011965577520152489,2,2
0.05909402472944553,0.017466129691855573,0.8090116350788952,0.0174113974292295,0.011752611189693528,0.07571114121702702,0.00010856888443043066,2.9817137833175936e-05,0.008666974511888113,0.0007477001297020276,2,2
0.0676273868038494,0.0017190674445808243,0.7569913988618676,0.030121772951410435,0.0074446789970180945,0.12697739928961435,0.0004414737552311111,0.0007115508340515993,0.003724041891563836,0.0042412291708128,2,2
0.05821787705009656,0.7679732172371619,0.07167064632796094,0.0030363880081511383,0.01031565485844874,0.08235781373390183,0.00016601136671214506,0.00022428670680295858,0.005036958096627483,0.00100114661413612,1,2
0.14360128654696194,0.006013489442123529,0.8204924378137454,0.004548350730473442,0.001910552851672343,0.005327045684848125,8.463186743290497e-05,0.00471593242626667,0.009205997771101437,0.004100274865374171,2,2
0.07202807151529854,0.15543353375585392,0.6529380702813531,0.021505531310703707,0.015513434888580193,0.07298003226685232,0.0008325844072230204,0.0001146500387379038,0.007516169146823766,0.0011379223885735323,2,2
0.175381108813184,0.008845444942927095,0.4366632261980497,0.004587070070491091,0.0011519068971513197,0.17184090683628594,0.00038298757359325807,0.00015963519383860444,0.19808031510170288,0.002907398372776059,2,2
0.05119703326142474,0.05183375090771333,0.8072371229903332,0.04364830797865292,0.018774023573639144,0.023709941374437733,7.80634016898728e-05,3.1793027279053994e-05,0.0011319864292239498,0.0023579770556060053,2,2
0.019355471318826034,6.918394227891072e-05,0.9030801296111135,0.015607347188021533,0.0008561447287452535,0.022354484177026852,0.00020328125550705197,0.000690170536215046,0.0017175996081910717,0.03606618763407493,2,2
0.023054638958985213,8.425838568519322e-05,0.9051267585703445,0.048048758238900174,0.00010048644296228965,0.017688505437457838,0.0008465728948517301,6.457642900302352e-05,0.001089494421985102,0.0038959502198248233,2,2
0.5068369682318895,0.0028922618626174394,0.43338840676938334,0.00989818432068384,0.0011102119637461765,0.01593145340563248,0.0006491817785332188,0.004336127339410428,0.019940287910964048,0.005016916417139394,0,2
0.011419434573420663,3.8150501271785066e-05,0.39349239714324025,0.017980986880545533,0.001306757812748834,0.34143470061882114,0.0020985990534309142,0.020174210852603756,0.012362768725163044,0.19969199383875408,2,2
0.05642101597664098,0.03290189096662877,0.7719575838023173,0.06853803649600686,0.014461099975919626,0.0462727921154827,1.389390524977991e-05,5.683418600066384e-05,0.0023717000503382804,0.007005152525414933,2,2
0.15027796082873643,0.0056741288662081335,0.6407984436662575,0.11088903694770948,0.006256437802920022,0.07369379622873641,6.246329159287672e-05,0.00011279649201971156,0.003448439961244042,0.00878649591457548,2,2
0.014233789779937354,0.02505814167808607,0.902799913459455,0.00192872593058458,0.016308394617102165,0.03236584926311334,0.0008847279772966727,9.65481400290258e-05,0.002615712730069158,0.003708196424326722,2,2
0.3786359293477073,0.010486472293268208,0.1948834033261306,0.09171361454329574,0.06660454995713441,0.25073214160973994,0.0020302213704061363,0.0008977904345141995,0.000975845652670342,0.003040031465133212,0,2
0.4228103977603157,0.0483158493025388,0.42570489779907233,0.03605123943092573,0.013929438519305129,0.04116898782104965,0.00012466354744389635,0.0002178547815672352,0.0024879191795178284,0.00918875185826364,2,2
0.189252135469264,0.011017821248124463,0.67368177245374,0.01198841967826204,0.003911904782639025,0.07017829328879452,8.968775860086826e-05,0.0003922527029656575,0.011795643482739827,0.0276920691348696,2,2
0.2645816467041924,0.0038542099968709113,0.35194400237966644,0.028793784297864066,0.02457080605388326,0.3135528219198158,0.0010375211607676462,5.261873270655058e-05,0.010132048033186184,0.0014805407210467295,2,2
0.14592293360940872,0.030430625958289548,0.7465078599328152,0.02439474913117622,0.021671654566130582,0.028589133325002812,9.818445854833123e-05,3.503393844975105e-05,0.0016044646681152642,0.0007453604120637461,2,2
0.36318886000183814,0.033025027237227646,0.20674021627379477,0.022548157112647366,0.008529717335279522,0.33110560751622575,0.0007544007242799573,0.004334191276860806,0.01694543234755546,0.012828390174290664,0,2
0.2097181162513076,0.0012327596717939167,0.4814944021245219,0.025067299050861483,0.0037645691967243817,0.2293591521805955,0.0027992556105195894,0.006388588812437051,0.0012323523946074953,0.0389435047066311,2,2
0.02141375509657573,0.0001856855688255165,0.6818513643749037,0.04257136021076935,0.0011058511272994851,0.12727901420603457,0.005926405270490837,0.00221314724067362,0.00022070687535738546,0.11723271002906975,2,2
0.11442136742600531,0.00029437642772269976,0.5348407598594088,0.10372530775776402,0.0003466144140752695,0.22971268850314383,0.0029173657181960615,0.0005409001272401627,0.004205485756391796,0.008995134010052029,2,2
0.07821899222493242,0.005579000638870842,0.6409966487100153,0.008547157331217463,0.033525776573493066,0.22939377449411466,0.0005451078288378875,9.54466040697569e-05,0.0014250004720321795,0.0016730951224165063,2,2
0.052147834401122854,0.03640592434881443,0.8656224343378357,0.0023624262755796775,0.005455098568421321,0.015599066864902464,0.0003331798800415642,4.9504741366538125e-05,0.02185621851978912,0.0001683120621264219,2,2
0.07457817739383718,0.032437534687883955,0.7684386349935008,0.005152307455438756,0.0036491420894161613,0.10915391461764039,4.405609861481342e-05,1.555000516113591e-05,0.005837057483319589,0.000693625175187189,2,2
0.042106233530794825,5.312081590224192e-05,0.7184903924098254,0.04244650842258304,0.0002816451686889107,0.17827443837870982,0.003036821744527839,0.00017883514925218498,0.0005133610172914816,0.014618643362424254,2,2
0.07652959878303602,0.05189272953910849,0.728728309144895,0.0933612423189276,0.021573616862015286,0.02081888523335153,0.00019143816747423768,0.00016794406713765433,0.0035195830712002217,0.003216652812853999,2,2
0.02695857663414973,0.0002509258526126625,0.46547535249394284,0.42216750326623576,0.005979579457236311,0.06703310987066292,0.002561907350447973,7.677482110283509e-05,0.005794672625407417,0.0037015976282017754,2,2
0.012446234231610672,0.0023928321056659293,0.39497622785589104,0.05818467261604122,0.004862510211164148,0.2727694808369244,0.0050272762158195105,0.004945729179191977,0.0022667434957816105,0.24212829325190952,2,2
0.05099509286870784,0.0018671187213485355,0.4664422035287673,0.07537239373218897,0.0180241444418584,0.3690032831406933,0.0033230377459817773,0.0004664697393846223,0.0006603875116325907,0.013845868569436596,2,2
0.02956769358996717,0.00020572020858766862,0.6243870184156943,0.012255700027776735,0.001389613634754532,0.29621215596461853,0.0002305908200903407,0.0009715991233820473,0.009465273016421416,0.025314635198707254,2,2
0.13175590342609528,0.0019054454037686192,0.620064993881264,0.10109037054292297,0.023402236523933338,0.10798500988260283,0.00043759493638636116,0.00032432314857593807,0.008229508682130777,0.004804613572319807,2,2
0.3307278611814911,0.003504231856168525,0.059863854202031525,0.034631024154126534,0.0013755298481723977,0.11388087674558828,0.0008189161719543299,0.045314378574329656,0.0034789532263394605,0.40640437403979823,9,2
0.006854427188736226,8.44979254127926e-05,0.7982565377171945,0.04156923778595945,0.001647759745438842,0.11062946392633836,0.0013263642746395134,0.0006358559710241825,0.00441608129479734,0.03457977417045878,2,2
0.56114135867558,0.0020322519456694313,0.018517338194598693,0.006665933727910231,0.022977533337297604,0.33037143498142196,0.015310853693292235,0.007345387382308794,0.004382697021217758,0.031255211040703265,0,2
0.2345943987561986,0.009005171630058924,0.6259044306337617,0.027952017235104064,0.000488429624719537,0.07015059474167806,0.00032094724135051436,0.00030595114225579265,0.024037375291553396,0.0072406837033196095,2,2
0.018196516747258182,0.0006906917874885233,0.735836205751411,0.019871570772186906,0.001067432357729953,0.17553568539409078,0.0004807412551662507,0.0010848320167070491,0.009620361343409722,0.03761596257455172,2,2
0.14446687930796767,0.005510675744212643,0.7410454993570479,0.017884492799052285,0.022963381197569847,0.06610636167078926,0.000311981551318764,3.6738745165747655e-05,0.0010709343694496982,0.000603055257426407,2,2
0.05257543918260436,0.0374361420760523,0.8461333825783409,0.013868887492350029,0.027103895486184804,0.020746299508303763,0.00011246825852912738,1.7230892359930418e-05,0.001700512591515657,0.00030574193375914704,2,2
0.13305952105153468,0.012014250484007161,0.6860750409777442,0.04480152726904945,0.013122273627588305,0.04799648790139455,7.262706896193097e-05,3.350466485258733e-05,0.061712857360596896,0.0011119095942702135,2,2
0.21485672536751177,0.0007300256191181249,0.1848196526193502,0.0070519311500098734,0.003475044961607685,0.556087381118707,0.0005556929364725164,0.0036288144471736273,0.01218361204921825,0.016611119730830813,5,2
0.013399898449983974,0.0377079542877994,0.9028206878782752,0.00265418437707019,0.005444278431127882,0.03246032985595175,0.0011811475500504815,6.567021517102133e-05,0.0018980143645961796,0.0023678345899740333,2,2
0.1525801376384334,0.0005872099355038972,0.42916927296714824,0.04933254088882214,0.033775597642255274,0.31186358446837864,0.0013545406581624052,0.000832769258449564,0.004819765322640508,0.015684581220205947,2,2
0.009352648129402483,0.00010772656374862517,0.8797126416108723,0.007888710663139157,0.0008923386911301182,0.0871206407241471,0.00016033317083256063,0.0024311606256923104,0.007136546684231812,0.005197253136803674,2,2
0.06103367787252294,0.017108602320156787,0.271590757041499,0.010163749621109087,0.0030461482039659342,0.0274744931486752,0.00022949442547211065,0.0001830076468970857,0.6077824921769356,0.0013875775427663313,8,2
0.04720695932241232,0.0009514096637602983,0.7240018369339228,0.03249584917302161,0.007255965092535444,0.17595488066014164,0.0008261210827703425,0.00014560125773329578,0.003783063042882442,0.007378313770819709,2,2
0.02757376149569863,0.00030969795770364084,0.8394679934324095,0.09734297850520734,0.00028543910120760525,0.027978067125715725,0.00015684802111084464,0.0002847662167552268,0.00032124899277825256,0.006279199151413071,2,2
0.1334354303645919,0.05663644482679289,0.7368364251841082,0.011715092487454379,0.015130605418747844,0.02780983839633406,0.0001261275422218182,0.0001461164180843062,0.007640990469599913,0.010522928892064659,2,2
0.02514645494131536,0.001704899782974251,0.9314087671167925,0.012462270607513246,0.00018757036818433672,0.01991527758339518,0.00203689791099681,5.078209245531051e-05,0.00027501008814542364,0.006812069508227686,2,2
0.0414042402292388,0.00742101665222326,0.7910509468937413,0.11288645902801991,0.0027467522565876017,0.034487861737972386,0.00027016078635897433,5.783260634099085e-05,0.0013259507600656487,0.008348779049451074,2,2
0.13610611836327102,0.011705362356771975,0.0768089959715186,0.0018817270713481949,0.002183197166714342,0.04001455562966012,0.0005737133720642823,0.0011459781974957417,0.7283736886120059,0.0012066632591498127,8,2
0.06347812109244702,0.017055239064190736,0.8676178982947996,0.002998779910774808,0.004107043048312397,0.01800381648316874,2.8753134927638e-05,1.0991661841250718e-05,0.026413333502083726,0.0002860238074541651,2,2
0.29723341831020733,0.0109431501116884,0.16995204528489727,0.02918014894076279,0.03384289504599217,0.43500436828574374,0.000226731089310663,0.00019041597629737295,0.005426707361060107,0.018000119594040215,5,2
0.12808782360978108,0.00674985610843222,0.6915438211412297,0.048567264872195814,0.008091153076272388,0.08256163410741946,7.327926780824168e-05,5.940260119579491e-05,0.031925488242246905,0.002340276973418344,2,2
0.08020622716844086,0.01296970263651628,0.7806210371437834,0.014366511294602327,0.02340792774985648,0.08033991746221508,0.0003429185141727107,5.052185678845204e-05,0.004442384646639689,0.003252851526984842,2,2
0.10342015354341497,0.023691170513368876,0.7863528630757333,0.010078673766992974,0.03235638546699232,0.03796616767384111,1.545024305166355e-05,2.320253592750544e-05,0.005026878693572773,0.001069054487104567,2,2
0.12687438815600685,0.0009596744901699861,0.04389741630746115,0.013976084413272388,0.0017487954079663066,0.3573882599424349,0.016385598511858272,0.11082171290613328,0.0008996599171991629,0.3270484099474976,5,2
0.017196142962287008,0.000170228998014699,0.9360262052855077,0.021413695496852427,0.0003740289101333123,0.022031634647391433,0.00011432606770744424,0.00010450032677903964,0.0002769054799677294,0.002292331825359078,2,2
0.023060405338745864,0.00024394320343864304,0.8257067612609262,0.06121780802558398,0.0002565622759909608,0.08330066621059054,0.001151575672281114,0.00020340194579371282,0.0005071821879794,0.004351693878669386,2,2
0.04504337581337617,0.0642237236475671,0.7082425063651261,0.004094484835530592,0.007879633824908368,0.16685462095163375,0.0009158353342502379,6.553963439771052e-05,0.00046864189998715967,0.0022116376932227143,2,2
0.058132049107954144,0.039998294955450445,0.8724951898037351,0.001692107183948676,0.008512897333014299,0.012458960240001732,3.864460088626552e-05,1.8448759786342152e-05,0.006186829909551912,0.0004665781056710644,2,2
0.07531759712155346,0.0003415971596111213,0.7661190347830842,0.014158914755199176,0.001289261670849692,0.05504312702470988,8.072833415849424e-05,0.0002156471149755361,0.00023787298649261392,0.08719621904936588,2,2
0.025635557137684773,0.0011818487560587086,0.6348577578389225,0.09511194583707683,0.03926498971964572,0.18344898998264453,0.0041298493997516846,0.00012185291445000178,0.0013530075909353421,0.014894200822829811,2,2
0.02919067199615724,0.0020413798932803406,0.958916691720777,0.001978282378736382,0.0003769589309433554,0.0017033310867273948,1.316084637371681e-05,0.0002138148792250123,0.003042932708575471,0.0025227755592041193,2,2
0.4979092099696677,0.004955109876006589,0.20093861870892893,0.005223323267861704,0.0026310437486502143,0.26677432820903474,0.00011705602616519265,0.0030605229112962993,0.008048939449629283,0.010341847832759229,0,2
0.03436430855093975,0.0024218539466388986,0.7762398458057238,0.025483823376322975,0.0018043162311072993,0.14817676893734968,0.0008865820809172878,0.0010807509974961433,0.0028182540411073615,0.0067234960323968584,2,2
0.01777517330908581,0.0010075825484885215,0.8218855703484482,0.0071859767899213585,0.005978083809886665,0.11205273701035283,8.292126350433028e-05,0.0007729499714853524,0.03148199402094891,0.0017770109278782303,2,2
0.09077123318743253,0.10689372986662549,0.6449948605061298,0.13967546346512064,0.003197415277908881,0.011363385444149048,2.212221536155024e-05,0.00011120022029216617,0.0006306126986871317,0.0023399771182926435,2,2
0.08887798818831769,0.0032034682751949746,0.6425020538150366,0.0017761489197728856,0.005435805999582486,0.18576006298981687,0.0004485397810476201,0.00021891493932047826,0.06900233010311674,0.002774686988793804,2,2
0.15166472346994184,0.001325156729604263,0.7212977953342241,0.03717123545980225,0.00882426745570444,0.07025781138224951,7.612463925979479e-05,9.148678695354353e-05,0.0021478089645117684,0.007143589777748568,2,2
0.03661960267352502,0.0966540981438316,0.7010301531242225,0.01036804822426748,0.030336292081116947,0.09869057564657713,0.0021791918765603343,1.1174716197333144e-05,0.023997400826318616,0.00011346268738312676,2,2
0.2318721860938473,0.005012807492437691,0.621655302653028,0.012858309227814477,0.0036958567620441873,0.10690475235422212,0.0002082771649266596,0.001035683549438877,0.004742531504737673,0.01201429319750302,2,2
0.1774115218837072,0.0038440885938066764,0.5817173304286569,0.0035668009529635173,0.011221143445871416,0.20775639854971703,0.0004906245742076997,8.917217230057357e-05,0.013444378543960304,0.0004585408548087387,2,2
0.044334680634745154,0.0007217649981579623,0.6498895606769655,0.08012114320571406,0.05810131641009202,0.15407517774534113,0.0004667095380798098,0.00017969492694946797,0.0013256917814733922,0.010784260082481529,2,2
0.04838049486561074,0.0014875324616161498,0.7421850938896803,0.07176518240461965,0.003508833289021829,0.09771620914442447,0.0006025044937823857,0.001194596943006747,0.0006569307486918603,0.03250262175954602,2,2
0.08855767262107797,0.020833634661062438,0.8603334567384056,0.0019027963470895433,0.0022746009535503614,0.01744950774534795,1.0839782301849815e-05,0.0005028670356940935,0.005845873836319025,0.002288750279151125,2,2
0.1807988902859683,0.00944340728598084,0.3654646147404715,0.011180542906714209,0.008507296469818997,0.3678982004995465,0.0003575483866252484,0.0003973216149051046,0.05449830231232087,0.0014538754976484696,5,2
0.18157191627386393,0.0011961817442687245,0.4064520559920841,0.012416718021568022,0.009740755747819888,0.3543645766556987,0.00011909327094139265,9.106937608851689e-05,0.006202323583127239,0.027845309334539565,2,2
0.02476523419438325,0.009548215760823445,0.9318505149733783,0.004509304366616089,0.008488921146645642,0.018945089277138893,9.700114169265247e-05,2.172452987613573e-05,0.001641236501505972,0.00013275810793962918,2,2
0.0463094515264858,0.00014971194221298267,0.15481928157923971,0.04424944703368005,0.13264054536944553,0.5893439814041548,0.00200860486211456,0.00018533272523744076,0.0030362830941103036,0.027257360463318676,5,2
0.028954992825453857,0.0021093596816064253,0.950321007063212,0.0036661153185193734,0.00036399153984230566,0.005317094844245047,1.3269087193682317e-05,0.0003317986536936616,0.0004178455118365591,0.0085045254743971,2,2
0.00607557056853514,0.0004041984124504339,0.8789015011820294,0.004531076526891649,0.0006728157836323165,0.08242920445868696,0.00012736730953469012,0.000862696313535208,0.012001872599393504,0.01399369684531064,2,2
0.07616893245832741,0.011587056404247072,0.6943059108558105,0.003644261639875416,0.018144860493627884,0.18649973452423463,0.0009867839534017026,1.962685715815917e-05,0.008460476375353668,0.00018235643796358372,2,2
0.012360022907174415,0.00032682236615261175,0.965030665669866,0.0011809718120568144,6.26630749316764e-05,0.0028850053247751646,1.5498875282515757e-05,0.00014465262103843202,0.00019909670169723006,0.017794600647025087,2,2
0.03405609994927288,0.005483794516176351,0.9296301416814303,0.009680888812921474,0.0013709492173405945,0.015492265386751873,3.060778819504669e-05,3.132688684265079e-05,0.0007367272769801653,0.0034871984840885756,2,2
0.19225017202026953,0.0055458896353930195,0.4552684584151882,0.31147520690736624,0.006208641897488267,0.022335676973977234,0.0001698870695420065,0.0002725750938156034,0.0023463715878299838,0.004127120399129925,2,2
0.04791226167692988,0.00491255930753536,0.8884967151146018,0.008764489148468597,0.007336646802399995,0.03580887860988829,0.00040247880921945404,2.2595326009187744e-05,0.004898706736688139,0.0014446684682593199,2,2
0.04799042146080382,0.007180217174126606,0.9299613175752325,0.003924445336551641,0.0005129725897474529,0.004212547983186933,1.5312477121818293e-05,7.910055190383551e-06,0.005570890114906992,0.0006239652331317882,2,2
0.21847107280793365,0.0016386150304002912,0.15704885872656194,0.08531466689567543,0.0058432761957568895,0.48000984715363754,0.0005580975858686485,0.005398843629301098,0.0007788914384247354,0.04493783053643996,5,2
0.023662300324727333,0.0003360526882984548,0.907675871089034,0.009559443985769227,0.002004764770380817,0.04978032420495256,0.00034968574902745396,0.0004105643431750401,0.0043440757452896835,0.0018769170993454723,2,2
0.5610545401072611,0.052023154451160875,0.241577354749227,0.003115043308590643,0.012638835483757563,0.10828396121788585,6.886435202177592e-05,0.0005160153777781427,0.012865066796793714,0.007857164155523592,0,2
0.17254090923372975,0.010334786193213713,0.6523986745919269,0.03620069385432579,0.01210332694457737,0.0998105099901875,0.00041268266529551826,0.00016746392118039907,0.010377245688718484,0.005653706916844379,2,2
0.009253673422552521,0.00729067243618885,0.9614580934282186,0.004616419482185652,0.00015019522196554953,0.013051230818000865,0.0001691787706654006,2.128739876142325e-05,0.00020880849857341232,0.0037804405228877387,2,2
0.09672076283772649,0.043114152051457987,0.7111592484022868,0.008846905563834807,0.0043737642733093765,0.12925840638212613,0.0001649112453809289,5.390031722060843e-05,0.003624615244716907,0.002683333681939934,2,2
0.0268748122893241,0.0009474995205635835,0.6764492719349753,0.040633971013897686,0.0019379178072178916,0.23930642291863757,0.00018918067238128238,0.00015025218218382277,0.010329244206333419,0.0031814274544852404,2,2
0.0861041015381166,0.0695594473933325,0.7928769888689303,0.016873056690531622,0.004743338336040104,0.024962579518905112,2.6517614411314717e-05,8.007061344721108e-05,0.0030509235403996257,0.0017229758858857175,2,2
0.17798018155863446,0.0002504856652963921,0.29337887277943875,0.0024194647653161634,0.0007497798769962748,0.47539945039287107,0.0004894632087029428,0.00941549453542032,0.008594447236691012,0.03132235998063282,5,2
0.02633142948738938,0.0011355993418916785,0.2782056561015131,0.6325813000798507,0.016014741179559953,0.02795156579098753,0.0006295869708578031,0.00022733780249419106,0.00013968942669981431,0.01678309381875604,3,2
0.014975650849006903,0.001504392763978598,0.9610424837015121,0.0028158588244444355,0.0007897458447464509,0.005432160317845916,1.4532136907458698e-05,0.0002512569829510772,0.000400036806704754,0.012773881771902404,2,2
0.24844266656265535,0.000829652532949317,0.5957103523169974,0.00893434570092947,0.003487554372232757,0.09522052525993889,0.0016437110902637344,0.009259703588553568,0.007149030744408847,0.029322457831070875,2,2
0.03923082008157249,0.0038021546342268575,0.8869907464324324,0.0267716336389401,0.0006982723429684698,0.01924201781988183,0.0005182950603313261,0.0003708995895214276,0.0020100800106136463,0.02036508038951156,2,2
0.036538042806472486,0.0013634236460802352,0.9447496051130502,0.0016031642039663967,0.0001445983199153293,0.011719550367337642,3.1005027554145955e-05,0.00045031490906309227,0.0015667645387726615,0.0018335310677877418,2,2
0.05734088148629907,0.01986008488458332,0.8069583249742918,0.00949617564176037,0.014456134218697164,0.08394826061934459,0.0003212846942562448,5.14893890290857e-05,0.006605381858184158,0.0009619822335543641,2,2
0.04209027959187062,0.0003770755015810289,0.8572567294892587,0.04005057716738063,0.0009381780484974669,0.045621269680919896,0.00026793563263973386,8.410144274970167e-05,0.0067529379385866655,0.006560915506515533,2,2
0.19308891762739588,0.012613934708224323,0.6063311384523687,0.003076194861886712,0.00394888619450495,0.14480471162455974,0.00017164952301153104,0.00010916275029949618,0.031037046312258385,0.004818357945490062,2,2
0.03220745684923471,0.00019454226695698958,0.848598766699661,0.03009587542044321,0.02066545444644549,0.04999394162384879,0.0002836463291675055,9.917377882826401e-05,0.014943300419892409,0.002917842165521708,2,2
0.03964680819174222,0.039338215342138154,0.7283778682558198,0.00807830774265618,0.027002391254939227,0.14927606580333738,0.0022988833508760923,6.566242416651304e-05,0.005554673741349766,0.000361123892974607,2,2
0.026060429475982187,0.0026903805619966064,0.9432227331905683,0.0017769939207938437,0.0002651297500612278,0.010700833658251672,1.9915090799574387e-05,7.64453947911596e-05,0.0028616272485224724,0.012325511708233022,2,2
0.016737542905120154,0.001963265936702803,0.6171526867512555,0.0025725012510777463,0.14231854470410413,0.2083695269067128,0.0002181079007188575,2.8492596060902483e-05,0.010430617580914693,0.00020871346733257394,2,2
0.0007331025298404187,3.579313833736912e-05,0.8519236602862178,0.011560858868472131,0.0012622148880209226,0.11696193092951511,0.00046065736004394063,0.0018937852320570776,0.0038435529902490764,0.011324443777246243,2,2
0.09647478614754536,0.004568999350259872,0.492894308511299,0.1819504990432106,0.0136230711252052,0.19709430849619217,0.0008966840872605447,0.0001808415169722597,0.0061530663944043135,0.00616343532765075,2,2
0.158462608172741,3.98744256297141e-05,0.5048247905122445,0.17429387409702168,0.010092108289860898,0.1324551477027118,0.0012880717158693417,0.00024131897658598523,0.001897626930399936,0.016404579176935337,2,2
0.25435119326241246,0.001330183536356829,0.2869731528910495,0.013334498512556286,0.0022976125464508096,0.32965170346373646,0.0018793753369738147,0.017471998586297773,0.001261018908295445,0.0914492629558707,5,2
0.058017693644463866,0.2131474545978289,0.6047929089975699,0.004922437415256753,0.01042307325583353,0.0682143074013054,0.005774684685089738,3.48095375870633e-05,0.034534620455775926,0.00013801000928908354,2,2
0.16522274304889914,0.04700886632049003,0.720048070675916,0.005082403490362037,0.005192538131573628,0.04162426108228507,0.0001951966276462223,0.0002027956191361918,0.01305391778561845,0.0023692072180732395,2,2
0.03486034412167529,0.0005071106241895042,0.7515764353731706,0.07497579424545596,0.05454446351339498,0.07664721729064605,0.00012494794178873793,6.55845133203433e-05,0.0006939302299723748,0.006004172146386114,2,2
0.20193635174737068,0.0032860909056716386,0.3221754969395271,0.06030252543108434,0.0004961896088609191,0.25086273951744203,0.00023083886280437653,0.0014361990139197165,0.010496889444936791,0.14877667852838244,2,2
0.02789522325903892,2.7938719441447632e-05,0.8372329597099282,0.07085660338157408,0.00022952781330301777,0.019946426537267657,0.00034862114263779743,5.8239361113831345e-05,0.00017334161306490148,0.04323111846263043,2,2
0.07617255318615958,0.01732003607401294,0.5083484007932411,0.15751711260531528,0.09457515663500177,0.13986713780591123,0.0030978593910011964,0.00014867026194764895,0.0021582479417976944,0.0007948253056117652,2,2
0.01824591986308475,0.000123156113568914,0.7566364831946277,0.014869685071510281,0.015053239792929454,0.17483242477902505,0.0009938281517414436,0.0037253651389162292,0.010402896402438497,0.00511700149215764,2,2
0.0757734020476921,0.007074972214547476,0.8471677279083529,0.03599152275053526,0.0019512381927428496,0.02110068252590377,3.443406816778814e-05,8.012477676929233e-05,0.0004976822535098187,0.010328213261778747,2,2
0.1674053868152806,0.00394013779760626,0.18283317567780163,0.055868760250017815,0.009828618853299602,0.5527197350546601,0.00015484690332597315,0.0005260233213679667,0.023370517450068296,0.0033527978765717373,5,2
0.27299766093992095,0.00489565672255941,0.42328653747355427,0.02871589217379589,0.021688059789826332,0.23496383310975072,4.903432014288993e-05,0.00013766803766362143,0.008341030773046786,0.004924626659739202,2,2
0.07912018087984465,0.0006672122632899799,0.63031676812419,0.0029860082688887013,0.010223867257623228,0.18058952904431924,0.004758223011900734,0.027493948297744254,0.002154430535263008,0.061689832316936095,2,2
0.04820920110450819,0.00944269881146095,0.5415561518991832,0.008406131566055703,0.11444994860146546,0.25742763887329695,0.0025802512186187307,2.4146212524185078e-05,0.017756097263162456,0.00014773444972435016,2,2
0.06665845477161139,0.022067105479987095,0.617274593993471,0.00590673269483792,0.04257569636423588,0.2242014272197984,0.0019899611671028447,2.207457393388457e-05,0.01908709454445315,0.0002168591905684942,2,2
0.349815733660249,0.02455284608261731,0.14670503083627343,0.08130803357000033,0.0050542003738316835,0.3666034727208457,0.000687716687382532,0.01028326480399654,0.004274817906125658,0.010714883358677874,5,2
0.008990239112174187,0.004262081816709151,0.7570763904505848,0.0019866360783727245,0.025250048671984434,0.16945995906096012,0.0012726152655583502,0.00033056732602488166,0.0005607657695953882,0.030810696448035923,2,2
0.11549276080972215,0.0043430286232596215,0.3544634090170965,0.030124663304605954,0.02994861197589423,0.4504386797695864,0.0004596773056981559,0.00021610312502769467,0.009866036945336339,0.004647029123772878,5,2
0.06850674520304,0.02647169323615574,0.8307821117543442,0.011222758545540053,0.007922311235255369,0.047977053600046185,8.376172728586615e-05,3.034751452642685e-05,0.0017080459746321199,0.005295171209173943,2,2
0.08859611441689055,0.00033745756169617004,0.42819184281390477,0.0032113534037542116,0.0062328986496069765,0.36320699001988177,0.00023594668719217576,0.046992547761579975,0.01021750118129052,0.05277734750420294,2,2
0.07091488277033026,6.650973480247232e-05,0.5041696270285988,0.007146032894885214,0.006456806774717355,0.11367792077403441,0.006518806870493922,0.2673239486601984,0.003995775738443088,0.019729688753496216,2,2
0.022671822654018698,9.861157061239788e-05,0.9123326936186126,0.021591587301464314,0.00020082116745698484,0.03446577274147139,0.0005166664625167067,7.561007708028331e-05,0.0002362543395822484,0.00781016006718465,2,2
0.012440658881285906,0.0004898410427389929,0.8946403307523279,0.020033074588494494,0.0005323510200811561,0.06669103520307595,0.00023716932428974915,3.78105669482075e-05,0.0019573992225291746,0.002940329398228716,2,2
0.07183749599633513,0.001549640251599365,0.7315219428586307,0.06869240121220442,0.001536354673355537,0.10348397844648763,0.0026512519164237406,0.00119907475760168,0.0071419239377205545,0.010385935949641208,2,2
0.2896677351652309,0.008716650109672732,0.5760759287918511,0.04796276622367618,0.002979064078568845,0.05674411355297268,0.00010271634650306304,0.00016652948574284962,0.0033318614405435944,0.014252634805237979,2,2
0.49307604328967974,0.013999169966507945,0.1676374730389559,0.0028187286976419806,0.013079240382536278,0.25516731821682537,0.00039691587421171524,0.001078251850208903,0.051003990782886144,0.0017428679005462588,0,2
0.04469172778323362,0.006558875487905904,0.8691506855162673,0.011864200351134124,0.003554572829476334,0.039650222975024116,0.0019593226857356626,0.00015681020698947863,0.0005095303892139395,0.02190405177501953,2,2
0.10654849554046829,0.0027971396489665573,0.5391788710215881,0.022010335117102025,0.01216355068982396,0.27835410879972766,0.0003749390675165245,3.410195850310694e-05,0.03699507103109549,0.001543387125208295,2,2
0.05510428446308166,0.0016467594062142704,0.9119126979638429,0.006213841533237743,0.00041495399654531255,0.015986744126023716,2.711565796101459e-05,0.001011135558785716,0.0011534974917639523,0.006528969802543864,2,2
0.03042967592375885,2.344417997454739e-05,0.6914415304863658,0.028533116270816394,0.0004130789456526083,0.1992576520782589,0.008001982857215015,0.0008879268608053753,0.0002627853001237781,0.040748807097028834,2,2
0.010629772361649652,0.000958234879065605,0.0649932799708533,0.0481259922538355,0.04373448340823206,0.35503365701190925,0.010772178228162713,0.08563128384221888,1.631589334880134e-05,0.3801048021507243,9,2
0.15575412993532073,0.002858768388484728,0.5621861139185511,0.15165234945326272,0.006559906467877586,0.09677790111789365,0.00020181550291587715,0.0001494012065013909,0.0004566351649774251,0.02340297884421483,2,2
0.03203242760368999,0.004357657986052503,0.8047700424236168,0.0036816515086865705,0.012678869945823353,0.14009240775459736,0.00016555327954716824,2.371490762438549e-05,0.001717783219629083,0.0004798913707327986,2,2
0.572787100518722,0.005063530881834726,0.2838618458267575,0.027156076098624766,0.009940771207608803,0.07096408850619104,8.910682957168553e-05,0.00020299762133318218,0.02516259202730111,0.004771890482055107,0,2
0.05009790485764937,0.0009903769959194926,0.8655567042677021,0.0013834856733818891,0.01911659293710027,0.05932067737170383,6.394218296385528e-05,1.130193550808646e-05,0.0015129667936330763,0.0019460469844381262,2,2
0.118636673434559,0.029830290749218794,0.5917024012570598,0.010273248691985114,0.03475710256602175,0.15878672678691028,0.0011883532743082144,4.866821400124961e-05,0.05454627892363532,0.0002302561023004868,2,2
0.03142888253873714,9.363664538784352e-05,0.9389764395252076,0.008887849719561441,0.00014012436253251132,0.01335774221925139,0.00021395811555441726,0.00016575010665095385,0.000177896194688079,0.006557720572428755,2,2
0.4999566440028,0.018845957765749183,0.20829065034931216,0.019840012615745063,0.018513383495185474,0.20644682976563392,0.0006083017551187512,0.0007057503816432741,0.005716386510803259,0.02107608335800906,0,2
0.13152071541189803,0.0030785838210497423,0.5141999936697268,0.01798867056728925,0.16406774184158954,0.16603457010882,0.00018190687445741817,3.095760593707352e-05,0.0014280613380152798,0.001468798761216885,2,2
0.10098930322889703,0.014339019209016802,0.8314761761252335,0.021169481173773805,0.003035041050218933,0.016839258660174137,2.0404830418006653e-05,2.1311875683905308e-05,0.011387891796174523,0.0007221120504091946,2,2
0.016233774214914124,0.08698367440252457,0.8845442666842471,0.0030855647879414637,0.0009554291293230693,0.007141395956300027,1.705632965547597e-05,7.519348486805746e-06,0.0008803205295979707,0.00015099861700951505,2,2
0.04441622669785081,0.011614682898652518,0.7260716817267904,0.020269574668424658,0.008783237858664162,0.18328644159808932,0.00027216125466506734,9.895457719380008e-05,0.0011624739793828064,0.004024564740286436,2,2
0.1570512063125553,0.1441618776258734,0.12668973690849425,0.011130662956929046,0.014625431564139264,0.5107228530023947,0.003277593728224646,0.00858221296440087,0.007676099828684793,0.01608232510830384,5,2
0.047790119990377126,0.0012055024939769442,0.6877313400848719,0.011742431828626665,0.039814520776534856,0.20641589250494555,0.0004223562504563701,3.0697053336405125e-05,0.00102520119916016,0.003821937817714042,2,2
0.05891640006632623,0.0024545152420358345,0.6006556179793248,0.2903992494633553,0.0010471731055834656,0.028315327854125594,0.0004383906068488589,0.00022323225693998233,0.011190111739929079,0.00635998168553077,2,2
0.10216681277720033,0.004246371343723363,0.5265683421668301,0.03440547796636131,0.20836329484825528,0.09508620299763812,0.00021137349246097022,5.337645396359593e-05,0.002781478292784148,0.026117269660782712,2,2
0.24094196290389902,0.003752207238039864,0.32048011800035947,0.04426436111836563,0.0030083791768443766,0.36575171199505124,0.0025404993879493513,0.0008783574344902228,0.00968688497101567,0.008695517773985053,5,2
0.10364027850295904,0.005374475112319287,0.248248466735524,0.4086315835517594,0.006679121658243983,0.18683665706110117,0.0022578908783511937,0.0019180501797105166,0.001598510465100137,0.03481496585493134,3,2
0.16395170532130773,0.0017654529356375963,0.11424770471353385,0.641393990412261,0.0055233187391541885,0.05454672239225201,0.00036725411726784866,0.002845881187855526,0.00917299080203681,0.006184979378693585,3,2
0.008938430594683246,0.0003442839475778008,0.9618521113132085,0.013323571248252565,0.00029443917346359935,0.010646617281506246,1.9341631866714794e-05,1.1547970727033268e-05,0.0004187939876021006,0.004150862851112387,2,2
0.012135614505699029,0.001019394556298341,0.628735603036982,0.2359499175025683,0.05179338678947435,0.05185820617144019,0.001619585925375953,0.0002097749632056683,0.005307771310081413,0.011370745238874817,2,2
0.293385472632276,0.025750467649641434,0.3914912462072055,0.005903538799385403,0.009162681905825247,0.2584890517252886,0.0023853657436960643,0.0016432867706513055,0.007753823025382873,0.0040350655406476334,2,2
0.05222948513301635,0.001002009323816564,0.5976130546641447,0.10970582337588,0.015370135177225039,0.214816412444314,0.0006169384021467558,0.0002840440570006057,0.0012368366982697145,0.007125260724186267,2,2
0.02736524616498979,0.0006364830230658346,0.9233385564290908,0.0059887316968458655,0.0019823813964557685,0.03310116691062981,0.00020749134035551262,4.425753550659765e-05,0.00014825204410487,0.007187433458955109,2,2
0.014154114944456044,0.010125777831325409,0.030556847316917428,0.1803201907290386,0.46698012988853443,0.2741430418972399,0.011885871351692796,0.0011035444780303778,0.00038722405426370755,0.010343257508501333,4,2
0.058202437106535956,0.011119758261681788,0.7272506874630653,0.1145495522861829,0.014424903327702517,0.06362520419240701,4.280058534573528e-05,4.6453225258707063e-05,0.004457738891937711,0.006280464659882487,2,2
0.025174698668572727,0.0019313479720807917,0.9352906213706305,0.004273818207220191,0.0007297967960667325,0.021937904009757776,7.582417616700373e-05,8.87860338684258e-05,0.0002829509469412867,0.010214251818694627,2,2
0.02665199136618341,0.00022860493542259332,0.911605847657566,0.004456448051219562,0.0006851043104176091,0.007293461552238251,1.2269556299190954e-05,6.982619579584046e-05,0.00017530320088455118,0.04882114317397328,2,2
0.05210012117858223,0.017694313743578133,0.15652657418718846,0.005039035239924235,0.011010413639372062,0.7294960847919693,0.0018940739933105638,0.0015460696325462304,0.017682301276303047,0.007011012317225841,5,2
0.023537283746232044,0.01718909407519373,0.3388124694421477,0.018951196145912463,0.04708917664562857,0.46336305485236673,0.016163939712823747,0.0001637591428785661,0.07441357555804547,0.000316450678771029,5,2
0.025899057750114265,0.00011294304060159002,0.875928206673333,0.027925467678037705,0.0006484120528360105,0.05154798695507936,0.0006438548085592451,0.0009584893558398748,0.0014455230287668114,0.014890058656832024,2,2
0.0482340348501097,0.0005735042515168302,0.7691825593293633,0.054725069853250555,0.015532406099882799,0.10032771901837359,0.00118266527603478,8.08820439370732e-05,0.006611852789917778,0.003549306487613667,2,2
0.013546783283919709,0.00029820720580444975,0.9532906488248412,0.0168014441649176,0.00028402877720509404,0.012259441350031427,4.874400425523234e-05,3.8801615709834575e-05,0.00024814154659812815,0.0031837592267173814,2,2
0.22365484641756936,0.0001952923046672114,0.43196266638958664,0.2008581750142734,0.01093182010703044,0.11407924623408326,0.0036361527812638654,0.00033865159093452525,0.000695284049137303,0.01364786511145405,2,2
0.08201425957234892,0.006764404421735769,0.8777215208455008,0.0004842601586607983,0.01057913128497444,0.00913137968241382,2.3378772693745612e-05,1.369031011918422e-05,0.013073015909907167,0.00019495904164519353,2,2
0.03164341116434863,0.0005244924947068744,0.9306582256077396,0.00662285744000696,0.00035169657517504266,0.02591725772063719,0.00027459028396497535,0.0001990431443468133,0.0002883919719377549,0.0035200335971362403,2,2
0.06490996409095133,0.010583297159459762,0.6142163903281982,0.016835147032157802,0.030130106824607962,0.21218946816031542,0.004501095998113704,4.407584204539103e-05,0.04619638109761259,0.00039407346653787636,2,2
0.33172595967450613,0.005703050473936386,0.5011635747382837,0.007316883156698895,0.006987428317866523,0.13619499811530614,0.00014767195476618876,0.0006733721820076951,0.004754474461274069,0.005332586925354281,2,2
0.021104747815464744,0.00014702156982421483,0.6069727211544352,0.02582608909589726,0.0012993995254297896,0.055768286391824295,0.0008754540449462153,0.006927080391124774,0.0009446840218309136,0.28013451598922257,2,2
0.06948425143457056,0.0008373497566640995,0.4832609780589828,0.32891630212457185,0.026021241860293195,0.06948045942545765,0.0010835591137165017,0.00011024392728531156,0.0030598708960717894,0.01774574340238614,2,2
0.033258082542522244,0.11932197556721792,0.5702402089917609,0.014142277746244002,0.1408738374886518,0.10737558925325047,0.00973912722831497,6.661196337018093e-05,0.004327000003293635,0.0006552892153738652,2,2
0.07178278466716116,0.0008966439023344057,0.7927309856572466,0.06211297956879881,0.0026021525673095187,0.0599304338007139,0.00064643895899792,0.00021673907023296097,0.0016277919494390117,0.0074530498577657315,2,2
0.11959705079658142,0.003684942957978876,0.6440863046754225,0.07686966942023891,0.003295017925232783,0.14610678062495308,0.00046733826335199514,0.00013976449602722817,0.0020949640675330203,0.00365816677268017,2,2
0.05967470346840453,0.16593612665985083,0.5273672261318133,0.003760054993191815,0.013785518566282224,0.22304954756099282,0.0008548469106949716,4.123727085524401e-05,0.005185153874307557,0.00034558456360673015,2,2
0.050673606270896045,0.0015563125095111262,0.7597524468263841,0.015169841448916685,0.04920237127411041,0.09831684408857821,0.00011811365505830939,1.4857900965503492e-05,0.024031956736796953,0.0011636492887825746,2,2
0.010283809286096228,0.0010297809018771135,0.5053295566971094,0.024847521403404377,0.0024577831375921055,0.1336174760682536,0.0066063900300086425,0.014713682177379011,0.0012229155172131367,0.2998910847810663,2,2
0.06803387906820382,0.027002308488918082,0.8674022968959514,0.004149687763175959,0.004362833588284698,0.025981962996783944,6.217801340379882e-05,1.438990076563145e-05,0.0025795728878074183,0.00041089039670540124,2,2
0.04327390886755067,0.0067189405251762875,0.020115562748586807,0.05980539135256077,0.28083262649780816,0.5736320518986148,0.012822397279156792,7.422390193275911e-05,0.0008967563084647676,0.0018281406201481442,5,2
0.020920457427626507,0.00010095788637038703,0.7415924127266351,0.014199814422051222,0.0008411440479592743,0.12810198846422216,0.000836688882608905,0.0031182489325205266,0.0007645847319857734,0.0895237024780202,2,2
0.21426344725920451,0.06417884095939325,0.45871984477244887,0.0075969346697199215,0.0038044815609441897,0.12521401783453573,3.3885824803358145e-05,5.4570589161905664e-05,0.12406914308151748,0.002064833448270776,2,2
0.03638279013210834,0.0033043529261365303,0.035673106042663716,0.08222774726664198,0.01697511508857408,0.8036795436146374,0.006584410870973935,0.0012087904264177322,0.0013162941957161045,0.012647849436130256,5,2
0.05976078379275139,0.032278891521052996,0.42940014200206955,0.005374010114287258,0.11848316249658006,0.3394234918562848,0.0028260242915429845,0.000711209060056752,0.010060317359739062,0.001681967505635179,2,2
0.3007665673771156,0.0049795804296032175,0.567580634969715,0.02711397246357455,0.015685131504765498,0.0751448428849837,0.0006108522914792894,9.934907161130785e-05,0.0033998374255148718,0.004619231581636936,2,2
0.35695024300692624,0.006352860035074531,0.281693879310477,0.148892593346402,0.13629829712385522,0.057153128880681824,0.0019246033769749315,0.003401210947387619,0.0003444546101286496,0.006988729362091951,0,2
0.12563726173835876,0.43738846556898286,0.40354899054925364,0.0036602669708098944,0.003030412344414422,0.020356579377136662,2.4657517934602868e-05,2.263939604302648e-05,0.004545671796109943,0.001785054740956151,1,2
0.04483499071785854,0.0018887347453560425,0.854832207486757,0.00828987769729016,0.010222498490809192,0.04704046760275462,0.00030391513469323165,0.0003482104444992114,0.005298719903360791,0.026940377776621227,2,2
0.08493606506586963,0.020031148441817217,0.8377930283652232,0.020614281235382642,0.003356969419824048,0.023910537238418884,5.96804371643037e-05,0.00029747693497826665,0.0051645027660726355,0.00383631009524922,2,2
0.055408023881266935,0.0014843322561409258,0.7960132146352384,0.10304919252102887,0.00016693757430394444,0.0400182525020551,0.0007888935028754602,4.323142522793898e-05,0.0001963522665882467,0.002831569435274169,2,2
0.03848133273416497,0.0041828330921029515,0.9383897895250698,0.0035107049872645743,0.0011203243686888343,0.0058013148007924585,2.2667921131854693e-05,8.742538796947217e-05,0.0016081487790321808,0.006795458403782817,2,2
0.12148067556618845,0.03253486794328053,0.7604668655793818,0.009308935748285434,0.00667246520891295,0.058315506445411024,0.00011777036678461377,2.8677951073373312e-05,0.010641762973638742,0.0004324722170430517,2,2
0.03803553810738843,0.01510636855014845,0.8655643596132069,0.024811777538045667,0.0032425777386992545,0.016607731056312802,0.00026645001185563995,0.00018767851190455142,0.033510356825794285,0.002667162046644036,2,2
0.033251757002426476,0.00233675044273687,0.126173799708433,0.16167759875884669,0.020296492380922737,0.5472136770439676,0.05117131274781328,0.0029584605184430498,0.0005822412171042975,0.05433791017930603,5,2
0.012230967334776119,0.0005342363785680329,0.8458263094112978,0.07552139524324503,9.443368661536879e-05,0.05641391669002869,4.6931461563469684e-05,0.00017719564817385514,0.002112928147503838,0.007041685998227708,2,2
0.0914820904902018,0.0034194376038370537,0.4803314821218372,0.22179565900556353,0.06383109794337198,0.05290923128808064,0.0040790822130530174,0.005006902950719164,0.0001141504604904306,0.07703086592284535,2,2
0.07475590512551514,0.0014112188671824362,0.8442854687771523,0.011357182350423716,0.0017565694586303357,0.05465223169189562,5.070580979090115e-05,0.001826820483715767,0.002956164126762948,0.006947733308930916,2,2
0.08810093662940291,0.0005772677566104317,0.7121156837831358,0.08185975774938013,0.0014587812247529681,0.08169760299041012,0.00017009653649566482,0.00025250668514069385,0.02502745997185383,0.008739906672817498,2,2
0.11602173841130685,0.008822621855522768,0.8362191812357096,0.008540198460284119,0.000574854418827908,0.022873717305121936,8.455596243864948e-06,9.97434177451268e-05,0.004527837222996245,0.0023116520762415534,2,2
0.6050988060452738,0.02213283519060983,0.20964069225402754,0.0035966638740122354,0.0061220886122372725,0.1334147729928806,0.0002227935255263502,0.0024048427013563336,0.013217747294529751,0.004148757509546207,0,2
0.06444302065824857,0.01486216212127405,0.8753384438380851,0.012622462773292015,0.0003952544918157931,0.015048831906671004,1.5122198800661868e-05,0.0001574593355160632,0.0024648909219653313,0.014652351754331525,2,2
0.13032925964213116,0.0008631583220887874,0.6883100298006274,0.12329285252673725,0.0006846062172294156,0.03765896701889108,0.0001125601300274055,4.863276879087395e-05,0.0013295386835677923,0.017370394889908797,2,2
0.0718428641965432,0.05007706294796818,0.788009825977015,0.0031207291794485186,0.011794927859614748,0.07441987377426376,3.877857339254002e-05,1.4243518796190622e-05,0.0004781806904526241,0.00020351328250522158,2,2
0.04675437421196072,0.0015545117299278718,0.7730131984383284,0.11029973366778391,0.004074484498855344,0.05202245875583755,0.0006103007997654633,8.512338014486144e-05,0.0004783949378521256,0.011107419579543625,2,2
0.31641854444676804,0.002075119808239311,0.4583394846696528,0.02964680471855283,0.005497754370886198,0.17085631740738516,0.00028625162921665215,0.0018480973249797412,0.004190976524905972,0.010840649099413107,2,2
0.27243057490601985,0.01626554058208301,0.5788806350880477,0.03365431831211369,0.010090903278515048,0.07267602163185145,0.00012756989048002445,0.0006225447551395972,0.006360144943973485,0.00889174661177609,2,2
0.2868711902735228,0.2340240046086031,0.42457716698729064,0.0178043863610583,0.0014348523706991145,0.021418145643508177,1.160638826838116e-05,4.914312563979747e-05,0.011747005258412995,0.002062498982996809,2,2
0.22448199056383647,0.007966702579767303,0.7147772764853803,0.004077930515853751,8.333534866144383e-05,0.016745925908011706,0.00013331435691544454,0.0005493301010977348,0.026089198620704357,0.005094995519771581,2,2
0.049092151915102265,0.0006521374853010929,0.8025332462001404,0.03903159892301388,0.0033860214164201574,0.09462932639649932,0.0004549329443626563,3.72320700803337e-05,0.0066618472222713734,0.0035215054268085745,2,2
0.03453181561189995,0.0001279748877038984,0.17981871232390365,0.412852419444688,0.00335825070774854,0.10394336940365821,0.0016908297402017834,0.0018826512989716378,7.60574032983998e-05,0.2617179191779261,3,2
0.08387003228629382,0.012058983816702836,0.8687757276410202,0.008372631571773313,0.0012944110095914002,0.014858309451763084,3.0453879774846298e-05,0.001375680224265709,0.0017719323442647612,0.007591837774550099,2,2
0.034286559970371215,0.00020683795324031472,0.8977056411265534,0.005647934616957565,0.00028254461654616517,0.04709919143925821,0.0003215242262957715,0.00012965611832025804,0.0006439142637496115,0.013676195668707545,2,2
0.06906456773434445,0.00215405901323675,0.4250294375066116,0.007725952549780916,0.0031815783069460836,0.4670086294405623,0.00022343278964197613,4.019768442132204e-05,0.017341952930536707,0.008230192043918078,5,2
0.019372333764368442,3.0423272409608153e-05,0.8232795400667011,0.0018228790707582405,0.0021655529688373422,0.10572478813410634,0.00019734883777983473,0.005842485248934921,0.016589139304776304,0.024975509331327778,2,2
0.06283048708220815,0.0033094536562691275,0.32445058890210987,0.012868560313763395,0.18960459424571485,0.12265423141040126,8.664437866933628e-05,0.0009063789438137238,0.0012711721723094125,0.28201788889474083,2,2
0.5359812323186585,0.006827906143218779,0.22070387410326925,0.0034042373857460064,0.011736971903715032,0.08034180638234686,0.00031392444128349904,0.0006246385506443454,0.02358566017693714,0.11647974859418056,0,2
0.04716022306642661,8.832710010040534e-05,0.8850595163505801,0.027894401899879663,0.00016948785952295722,0.029014648075569284,3.700654967616068e-05,0.00014385546239227944,0.00014291087658391494,0.010289622759268738,2,2
0.5109618743934197,0.0012317150795567093,0.3073840871099013,0.03606381289816302,0.0022715722763465905,0.11937841992439598,0.00023430361806500136,0.0021704509900439275,0.0009237037623837491,0.019380059947724158,0,2
0.032069361268817875,0.0006786532291552797,0.6883775718794161,0.07194730932685148,0.0031068003373143417,0.18514400034596384,0.00527215933609479,0.00022249967537222746,0.00021692481944490908,0.012964719781569257,2,2
0.028130132397568557,0.00368014118020134,0.8575610303307499,0.016313827164999024,0.0026066667658132796,0.0849514040992449,0.00016157225461949377,2.778462948583964e-05,0.004766874964411769,0.001800566212905864,2,2
0.08319659529945117,0.02996169100507527,0.8182917460198932,0.027651467046474587,0.006971806904089002,0.027560450507939593,4.618657875040915e-05,4.020014549361498e-05,0.004576006716858377,0.0017038497759748997,2,2
0.06601251781333417,0.0009506202815379706,0.7475076419549247,0.02355448352561216,0.015416742474211346,0.10180549581746082,0.0017461518081171741,0.012311839803304737,0.003685092000372914,0.027009414521124115,2,2
0.07917416902879965,0.0012492976666514282,0.6759797080540098,0.13324913419310885,0.04411363371610321,0.049306645039332304,0.0003347313760057424,0.0002455849554180395,0.0006218426363805026,0.015725253334190673,2,2
0.04029840820642733,0.017412087708236244,0.91277279307972,0.004736735714892131,0.000497289605278464,0.015222377592688859,1.3579103542656191e-05,0.00014095688480126174,0.006463486267619003,0.0024422858367943085,2,2
0.01630872181729891,0.0037891995980633285,0.9430208337094733,0.005881706122371455,0.0016304474394638303,0.024181298876858416,2.9400399349658637e-05,1.5168728391549185e-05,0.0011553502577773983,0.003987873050952134,2,2
0.21204824817550344,0.00023054154669089832,0.1578805337153123,0.04243380079232061,0.045189941063461296,0.5039575853139372,0.0019251537387541865,0.00010872225910485401,0.018472521025020294,0.01775295236989488,5,2
0.062308985945797195,0.0006595738051877592,0.8907278333798184,0.009339559399091436,0.00030849678146132643,0.025919334914589573,0.0003067252600985459,0.0010445200072642083,0.0013741195468987017,0.008010850959793023,2,2
0.021093239505246636,0.0007233397777385389,0.5483911641986197,0.0020488834325517935,0.008310714260641077,0.2813103592498001,0.0010339348319986146,0.003341117510847579,0.12388100224965687,0.009866244982899171,2,2
0.03285074089089945,0.0001879636701796992,0.9251770169897485,0.017151419478704674,0.0002545577675646368,0.019371571369320693,0.00037636862963691257,0.0001390374944010188,0.000543611436713014,0.003947712272831577,2,2
0.08057913201293462,0.000634987503204355,0.1807430693603524,0.012183060694670612,0.005160381930701457,0.6155584862940181,0.0022917206555560176,0.0020698797544124125,0.028909323604345616,0.07186995818980436,5,2
0.15126351187632914,0.0009150821661217623,0.2522117122371213,0.4739151199408987,0.01950728396282051,0.09313413796033856,0.00032450599659000084,0.0005725381197183371,0.0012814551677978174,0.006874652572263976,3,2
0.07213803157426535,0.0179072524597493,0.17593167928924247,0.055427111050226206,0.011266250806899771,0.12633391570854205,4.9406519334241844e-05,0.0006253961791904096,0.537749133190006,0.0025718232225443185,8,2
0.07778211269578103,0.010502198845276119,0.7573804371425743,0.033706261338634705,0.014309639389253538,0.08446512086213895,4.560896625759731e-05,0.0005469068947323715,0.0004118686452008415,0.020849845220150667,2,2
0.0394864237999981,0.010453414818748737,0.774720634117632,0.05095122951451468,0.038513912606563824,0.07585673235373581,0.0004225511875098283,4.2469499013298784e-05,0.0030580405593555013,0.006494591542928312,2,2
0.020483447052692356,0.0046501264799571175,0.9344661217058707,0.013884112690760293,0.0006328031195176565,0.0214041001337725,0.00019579645990184936,0.0006663324560743497,0.0007408703345315327,0.002876289566921573,2,2
0.009107061794170234,0.000726391846764273,0.9727926169599407,0.0012338532733798852,8.000146170162341e-05,0.002304199362002071,4.764270010720635e-06,1.2546712884432448e-05,0.00016220527640549141,0.013576359042740814,2,2
0.06777993583280957,0.000781093342558767,0.8245883705864806,0.03828581892050384,0.005501723585277547,0.038691053623161165,0.005934053995199338,6.200163682791849e-05,9.515214297291672e-05,0.018280796334208416,2,2
0.035139730850443494,0.00013247138505038865,0.20394912176432803,0.6272208860350232,0.024143434407864282,0.05505697224102876,0.00355990986288486,0.0004745905792926076,0.0004919839463589096,0.04983089892772532,3,2
0.2571278191577409,0.011468688313106972,0.22622652648277636,0.01126590812305115,0.003981677898492375,0.4231469661141445,0.0014254939751883351,0.0006448675748018063,0.05473694927440795,0.009975103086289638,5,2
0.027582247650277322,0.008718599920927064,0.7254435912762227,0.1395132836706745,0.00978816785416248,0.07168349102710257,0.00020809928959753118,0.0025835187681679975,0.005239645811315586,0.009239354731552303,2,2
0.12201467127481823,0.002001984993170831,0.2474466341195438,0.10037103007928669,0.004100672433426569,0.4757596189837591,0.006256033442525656,0.01212571802351645,0.0016121118550603316,0.02831152479489225,5,2
0.03198245040958009,0.00022602487447036669,0.8356627421417315,0.03185141479686398,0.004877713591252847,0.07500200598055393,0.0001456082121182641,6.448686625534173e-05,0.014645817252278417,0.0055417358748952265,2,2
0.04640733161433811,0.00012732336984248093,0.8512130550062519,0.019959152658706847,0.0005371678723479119,0.07430429344172584,0.00026765490972396866,0.00036637621553674407,0.0019392167828976275,0.004878428128628434,2,2
0.024953823242642198,0.00012957148869387997,0.8473182307396043,0.004351139525010304,0.0027658304574108505,0.11093057218148611,0.00023936948064951923,0.0013463542362595975,0.00555299610570594,0.0024121125425374764,2,2
0.10493782415644794,0.0002486885808141318,0.6885392027036036,0.04094229058923739,0.006011256488426441,0.14655654501822038,0.0012903391151791767,0.000359761493620284,0.0025172658663565176,0.008596825988094355,2,2
0.027648721498290143,0.0005203442070658242,0.9139615651972827,0.01637781896278312,0.0002555913856237657,0.02421192949113741,0.00013176637937422042,0.0003369598210329909,0.00020178719024244366,0.01635351586716747,2,2
0.12628066567262136,0.0008178951439592294,0.639497743556684,0.0634125304896288,0.022122857285684704,0.13199063312118273,0.001029524215849514,0.0002763505384746576,0.0012182843421780763,0.013353515633736898,2,2
0.14904714204797653,0.004052920714149159,0.8016181408344378,0.0030928387288147704,0.000494415534807643,0.02825899622835359,0.00011763072387636851,0.0019235058801089194,0.0032790929637618784,0.008115316343713267,2,2
0.15185340486071575,0.0036798060664230813,0.7954865105895713,0.010361540751783365,0.00019967981199123713,0.025490515744015667,0.0002656593425955798,0.0010775282331621922,0.004737830493668191,0.006847524106073663,2,2
0.12013395715945792,0.002586796968896417,0.7824049723228309,0.016702065591585664,0.014514282153379611,0.05888773418964777,2.6237885810654316e-05,0.00013953036097479933,0.0036167962269438646,0.000987627140472552,2,2
0.15191939064980636,0.0028186995544950385,0.6882502496403263,0.037469043863443734,0.012157728406789263,0.0939590614554634,0.0001457823689499769,0.00030306799862359415,0.0029161249282077914,0.010060851133894669,2,2
0.21642150808443678,0.025830110156490154,0.6912023268623483,0.007726553826651363,0.008846875367809225,0.03550347588917116,5.771735912725541e-05,3.8479242848362685e-05,0.010617991369264192,0.0037549618418531603,2,2
0.04775992569777991,0.008385539711895764,0.1690965598969888,0.002161554492151839,0.011074874124625426,0.7439116433295694,0.00022597856170246394,0.0001029933353368792,0.01645921122998471,0.0008217196199649735,5,2
0.03309623308807627,0.00421085122181159,0.250555654236377,0.05705152997113736,0.08511485659839309,0.5288605324814842,0.0024260007746649734,5.968889425232372e-05,0.03445104653690405,0.004173606196899022,5,2
0.036881237386627394,0.008607648941403713,0.927447123175385,0.0020049837134284198,0.0007552557078256039,0.01617729974518441,1.2778939599973102e-05,1.560206667481148e-05,0.006058354233043751,0.0020397160908269137,2,2
0.10520546862997447,0.11298456776199192,0.6703358392579027,0.00504141095422643,0.0095151361932413,0.08408555314406578,0.00018561673172220913,0.0005117381111680204,0.009142255963740829,0.0029924132519662987,2,2
0.014344038186960643,5.133913861399309e-05,0.7701673223999677,0.001247182456323656,0.0009928221908435885,0.14198015686675117,0.0001674269789287791,0.007427918829459382,0.035864238539110985,0.02775755441304012,2,2
0.21421390446757044,0.023740897649313343,0.133731644185673,0.0049028523870247535,0.012184389674206531,0.5549046303917482,0.00030778078753274703,0.000468641505007465,0.05067105303046058,0.004874205921462963,5,2
0.018397377466841815,0.0006997666876084499,0.8542951060698848,0.007088992955852581,0.0049944451650969016,0.07801142756697795,0.0001617049433125961,0.0009145593577447876,0.023240734458840034,0.012195885327840057,2,2
0.009604265686068933,3.934957122864288e-05,0.9790905886534393,0.0012097552477628737,3.5766630309768446e-05,0.003316515938362369,2.95062799648064e-06,7.369963456584854e-05,0.00019175472694101745,0.006435353283324928,2,2
0.039674444820981085,0.0005090586082392285,0.7495822024552589,0.05133336719597194,0.0002233386828396051,0.14099650076041167,0.004434865466790641,0.000394895069337951,0.0036026763992029975,0.009248650540965953,2,2
0.0515277998587647,0.07350204798639584,0.795280273529247,0.001755841476229568,0.005046452372548679,0.06489424179679595,0.0002301011435169669,5.0965317116664265e-05,0.007520008279081319,0.00019226824030346094,2,2
0.06418122613351769,0.012221868853183774,0.8686602577283171,0.00684380412365802,0.011041539026873376,0.026344591339798867,2.096136294496891e-05,3.330733445313172e-05,0.007980238794433136,0.0026722053028200117,2,2
0.4153551981960786,0.014549021356283796,0.29719902972019124,0.0416882905561546,0.005106422169052183,0.05927932793989508,0.00012515138498333622,7.951467910302078e-05,0.16511120273726118,0.0015068412609970407,0,2
0.012658526251836829,0.00071424958076264,0.25095874244343674,0.005977472160265042,0.005065468759819128,0.03385265921991612,0.0013256259141839711,0.004231533736204545,3.107808827272291e-05,0.6851846438453022,9,2
0.09653008393719402,0.011897753821254842,0.8671988207240611,0.002089985590679208,0.0006762820577926202,0.013380163312265558,2.047272961355864e-05,3.5799103600271835e-05,0.0069558753269773595,0.001214763396561494,2,2
0.03328974249283026,0.0027838200051672917,0.8574097023703234,0.02127748290768556,0.011027614551194468,0.06314729849383235,2.6319579381167036e-05,1.9142503778353307e-05,0.0075360702968914495,0.0034828067989157367,2,2
0.271393567157644,0.007962655760104782,0.427611560165715,0.008380664014978561,0.005774158570508864,0.13483582209978895,0.00017771244559807906,0.00023756939526888753,0.1419810453388948,0.0016452450514981487,2,2
0.05770453208883455,0.0013463756630183185,0.8411260379042252,0.022052096760401024,0.0016237583559669069,0.05562709435031015,0.00018248183712454537,0.004580274029319042,0.004898049170770617,0.01085929984002974,2,2
0.04139438747329591,0.0017582694798021065,0.5265716039638689,0.01436725960077526,0.0036373818227532,0.3739299219889679,0.0011014841627434344,0.007055479693557419,0.019620406992962636,0.01056380482127331,2,2
0.06533952179377495,0.010938407240883331,0.7676224375155517,0.1028735463656318,0.013261137116689857,0.02597512680002248,0.00011212885546207408,0.00025667123336226477,0.0014946797156092221,0.012126343363012347,2,2
0.049758072975263266,0.0011142854684286496,0.32046707452641465,0.03373428416661577,0.005576267164085694,0.4074225547396429,0.0007760890977288481,0.05246272679241601,0.014112045395032961,0.11457659967437134,5,2
0.022546991909631692,0.0032043676069835824,0.9634706050795729,0.0027781250976233597,0.0008061718827244575,0.002058744599534163,3.0352722316286346e-05,2.8302292064024303e-05,0.0011034994753001267,0.003972839334249423,2,2
0.05345305817949758,4.717147600143062e-05,0.6490291646584573,0.017228136610308354,0.0021726054499299047,0.26794830662490465,0.0003673361499320788,0.00024420312045717203,0.007113524260066251,0.0023964934704453302,2,2
0.08123380874369843,0.04111864849439802,0.5762147768126327,0.001532591606913547,0.01352288717197388,0.2706645516026512,4.060288803760928e-05,9.394138638099166e-05,0.014882674622571371,0.0006955166707425207,2,2
0.09939373332310524,0.0010290810828824967,0.6642681887663711,0.083149060443811,0.003333988215292437,0.13733250362248559,6.045439223064727e-05,7.215787333443795e-05,0.009274413369344217,0.002086418911143004,2,2
0.09468022703233561,0.0037614877483060473,0.7367633582737306,0.009909433697286632,0.003823616426268737,0.12694431202265044,5.069266831372532e-05,0.0012541587828369437,0.010250807885251487,0.01256190546301986,2,2
0.17739807331432816,0.004507299967168244,0.42358709511074466,0.002469686103834066,0.027009889106089594,0.35741439382589724,0.00040765675692753123,3.0136309841557868e-05,0.0038411647765283223,0.003334604728640664,2,2
0.011035679741552298,0.00025955053438394556,0.848994731562186,0.003517973788413567,0.002201168478547739,0.11854683367312445,0.001261877713559736,0.003422042742846112,0.0026426209904999625,0.008117520774886158,2,2
0.10946639124631784,0.0005232576961002259,0.5048729946163999,0.03661115279154693,0.008132595122946035,0.32986928658007175,5.3630416043560415e-05,0.00019473080045543642,0.007379424482211417,0.002896536247906906,2,2
0.25781834095771367,0.059469191449719315,0.5750818928702902,0.011751702325900296,0.0045087807349673365,0.08017352305226984,0.0003051313882822075,3.0654026404374314e-05,0.010215482702908334,0.0006453004915443016,2,2
0.06203196729589292,0.03832901200966525,0.8757152854190714,0.010616577879351757,0.0035958603409097806,0.0061163785750972845,1.275101044973151e-05,6.800690683756237e-05,0.002201345455829487,0.001312815106894944,2,2
0.10049076387283465,0.003974230729188174,0.42557227346813886,0.04623775232686421,0.005190117955508375,0.3934344778990838,0.00019624360757534442,0.0010303845929452908,0.0016816473980912866,0.022192108149769955,2,2
0.31444189439515546,0.06183503217231427,0.3885322102537169,0.03756131451308812,0.0027217315908652363,0.16466762600052717,0.00043350366104871735,0.0020305341194619764,0.009110211498025357,0.018665941795796774,2,2
0.13053820442198522,0.029262287127068867,0.7380486726193665,0.03900364809494781,0.0042407629695339144,0.03849450669285698,4.874903890708511e-05,3.867126169036137e-05,0.01892483635962785,0.0013996614140155154,2,2
0.06253608038487642,0.015204667520499069,0.1556927407518136,0.024978128366350924,0.1377174393634233,0.5917075184425119,0.007754585882675836,0.0003360780000479055,0.0032948535060684813,0.000777907781732745,5,2
0.06457160098680166,0.0002948452592339316,0.6957357148790725,0.006531444388912496,0.00379096027907458,0.18919009248382807,0.0005443457742042147,0.01664249113574788,0.0029856911754915392,0.019712813637633202,2,2
0.2805831164278373,0.011684050051411148,0.30482613596874747,0.09369836361524765,0.010793799598931259,0.2724429364912407,0.0004429214331975659,0.0002576979777034733,0.004754819821726822,0.020516158613956878,2,2
0.07131285705861194,0.04037088296865554,0.15145921255735334,0.2114413656173458,0.010584632118232984,0.5031716509955941,0.0025125525835352513,0.0009850409521911475,0.0013945211867927136,0.0067672839616871455,5,2
0.20958191293749548,0.004016284513339856,0.6524366036410533,0.007015816654526743,0.0005213464588344594,0.06752773480447921,0.0010077381617261683,0.0015296324214973559,0.041862149611389926,0.014500780795657638,2,2
0.041154842878805636,0.002581448043694744,0.21908346573720694,0.024349035757257192,0.13898897440052096,0.5583616253164808,0.011536999675336758,6.11896497774047e-05,0.00281337701743349,0.0010690415234860836,5,2
0.06117684133535187,0.0014758023929094919,0.8180038707768597,0.03088144067520017,0.000641010506865312,0.0717597240707822,4.392638805244818e-05,0.0031927774661137578,0.009827617494583512,0.002996988893281837,2,2
0.03882754264686136,0.029404554084555765,0.723898540329303,0.0036723875309072405,0.029587185864617213,0.01937656732978349,0.0006139924086911092,5.7770647453848656e-05,0.1544196765541121,0.00014178260371493432,2,2
0.03920569954839302,0.02411170577654232,0.920906410898169,0.0003719610465041084,0.0017908327479346522,0.012907413444784344,1.058854270868903e-05,1.3121302781178006e-05,0.0005881789375308355,9.408775465189357e-05,2,2
0.03716034101831295,0.00035082359890931916,0.21260557441843347,0.18937932446582148,0.037074743851716246,0.1415919943998574,0.01644396609027965,0.0015334101262462487,6.165844044185115e-05,0.3637981635899814,9,2
0.04121337478548527,0.21767541884320027,0.6489011406266636,0.0014568964136140203,0.0060133794186321135,0.08250778361174343,0.0002699947871667487,3.293880554279106e-05,0.0002693860449461037,0.0016596866630056305,2,2
0.0812028492176937,0.02069409889215479,0.8088411624353613,0.032129551499975005,0.009174851986086582,0.04571765178039925,9.945775822998513e-05,3.906344798390691e-05,0.001411885498190789,0.000689427483924859,2,2
0.34991100812763337,0.02237379900411145,0.3968333738367302,0.03681910654919529,0.006151759933636333,0.15061878439268828,9.096669900279377e-05,0.0003322700133271834,0.03333349042531468,0.0035354410183606588,2,2
0.04819022237101581,0.0014597866609894444,0.1181266596838027,0.03628746139018733,0.5893666928525252,0.186812263950358,0.014195859702150655,3.797796392717758e-05,0.004371702796921064,0.0011513726281228297,4,2
0.10048296733454865,0.002198242125449292,0.7852140066690345,0.016445545621439166,0.00969163941300816,0.06584762025242513,0.00017415456194180856,0.00036515218142848654,0.0031207256522432767,0.016459946188481435,2,2
0.37336590825521027,0.11032672163844318,0.346115209586049,0.13346462177231944,0.0030589321705453997,0.02486965644509744,3.911483771508617e-05,0.00016081062456197348,0.006604563330160037,0.0019944613398982665,0,2
0.23387214212856777,0.002589589694548473,0.38419368755948685,0.01005043627282819,0.0018266482631200402,0.05622066914186681,0.0001271415497960964,7.643395148953094e-05,0.31030677478562807,0.0007364766526682306,2,2
0.39069501985583693,0.0020189950916161526,0.17480755565408046,0.04249854460058441,0.03425799613199702,0.3269971154514311,0.0004992649602340243,0.00015999446825816735,0.004896627285942111,0.023168886500019754,0,2
0.3153263072518751,0.0031737074598093785,0.36769018808023596,0.0018889829156890237,0.004720151543954408,0.2890516002910336,0.000683066870289265,0.00019010966310043493,0.01270850168455051,0.004567384239462387,2,2
0.19258856811626007,0.102208037272238,0.21172579639036732,0.004991155294964474,0.02562130865047865,0.4551457242317827,0.0006652823173898584,0.00012064752926302659,0.005447992401329512,0.0014854877959264872,5,2
0.04878655748130494,0.011540903739929415,0.720214059814809,0.07701394881064128,0.01038121062169605,0.10205954716455772,0.00012421170048173972,9.615664906256978e-05,0.02758124285891185,0.002202161158605353,2,2
0.1290120886987629,0.015210476623552415,0.501274454676016,0.020829228555181926,0.013298730266277002,0.28446838474044295,0.00024214160944826738,0.00035604571029734247,0.034094464307741865,0.0012139848122793622,2,2
0.08305535509596712,0.0015749736521333158,0.8421821776593926,0.023779745868656145,0.010919227706537318,0.033374377664443955,5.6571398945123245e-05,3.268261012243764e-05,0.0020414060302837104,0.002983482313518344,2,2
0.04104916006081353,0.0019090906552728646,0.7715540976952332,0.028389974975007372,0.026509583365209533,0.11483397217688049,9.018471389355078e-05,2.4090300547134626e-05,0.014347770497790176,0.0012920755593521182,2,2
0.24867000455423544,0.0011849059949855896,0.5777325830146396,0.03512338671475826,0.0009491943455024645,0.1000526466388161,0.0011534344831330423,0.0008675907065378416,0.001901764767090121,0.032364488780301556,2,2
0.0265693664212088,0.006221893764268575,0.7317183272698634,0.01053515659920143,0.01091166378564517,0.14155966831932842,0.002038462346867512,0.00991542643117791,0.006604686601444631,0.053925348460994074,2,2
0.0322707343049168,0.003155399751144603,0.81848227280671,0.010411408435765327,0.007994625287123917,0.06236364428245353,0.0002394323880927097,0.0019636420190083095,0.05219520910601029,0.010923631618774557,2,2
0.022605413962646793,1.6649829588579716e-05,0.7189241391206405,0.05728546562235626,0.009379503161979977,0.13947326967732615,0.0016978725775315595,0.0002401162765061839,0.0001906975266384592,0.05018687224478538,2,2
0.030147208231948955,4.085675886836227e-05,0.4369474839165545,0.029470866393397112,0.010367701696010976,0.4374205461791814,0.0013826034313288934,0.018815443372953638,0.02697871898591773,0.008428571033838391,5,2
0.05048028234300048,0.0049134548714838844,0.8690587059404685,0.014842280209662193,0.012566053935985137,0.03724677279418307,9.474931285578963e-05,3.0359663218672518e-05,0.00564636905843954,0.00512097187070281,2,2
0.29540977116293204,0.010696208886199727,0.017065584289154903,0.014620262226954645,0.0033902106452853666,0.5950147861470807,0.01039263133934811,0.03576216803187714,0.0005735816593129635,0.017074795611854415,5,2
0.009482483296919272,0.0009027104574847592,0.5376244184663267,0.003818898755179218,0.00042988754885813147,0.3014919458278927,0.0005932837175617651,0.004541580587487299,0.13179456670668466,0.009320224635605636,2,2
0.06895640821546,0.002333927598626142,0.7622503568723431,0.06358609542089386,0.002200806529448364,0.07543869762097657,0.0009791138725883965,0.00020952514575054375,0.0016808949076069985,0.022364173816306163,2,2
0.08165018962335956,0.010658669103177169,0.8172677536187416,0.04059935017221404,0.007969335480445098,0.03696173692898461,3.213784603000634e-05,2.9339658352544906e-05,0.0030878660093883728,0.0017436215593068685,2,2
0.04660229150226712,0.019647164499233337,0.8939742567197,0.0009816657959208115,0.010997829842575826,0.018221252154372623,3.17721932181318e-05,1.9146130458224077e-05,0.009143483709758992,0.0003811374524949139,2,2
0.09785170739066418,0.0010659990811494441,0.5847847041693508,0.18111872268510346,0.00706830688885876,0.09632001039097,0.00016500720771382444,6.572088681997427e-05,0.028310170330277905,0.003249650969091568,2,2
0.19732148007652692,0.0019423894324716994,0.4898330120331745,0.015321903883381399,0.008521951948187462,0.26205587387064805,0.0003531495244807344,0.00043300649356340097,0.003944246039691549,0.0202729866978743,2,2
0.04483116779845729,0.00028058444019713705,0.8468463700217962,0.017163136578422646,0.00033140591361922623,0.06313586792048383,0.00019434779026336577,0.0016011722080885122,0.007687666918877888,0.01792828040979403,2,2
0.0059512687063625475,8.617086308158793e-05,0.5202722753347225,0.005613320581807449,0.00029029929872566356,0.12295583047827584,0.0013742741185135926,0.03787645224836944,0.0048372676673762586,0.30074284070276514,2,2
0.5233527083734135,0.015208763162039,0.32046446085082586,0.008614723720886511,0.0025417838457852514,0.09598386552473272,3.821046255848207e-05,0.00033800192530826365,0.006372799215988637,0.027084682918461656,0,2
0.16175139985949838,0.09038517880855347,0.6739506163687721,0.009996923849591149,0.003854689008614592,0.032018699808425095,2.4874775382923144e-05,6.284643244212271e-05,0.00615423422398601,0.021800536864734252,2,2
0.09802268161777347,0.016246897094524433,0.8352152774025254,0.007314414564996532,0.003421717038676687,0.03085964592117215,7.256130647219568e-05,3.9725800441606805e-05,0.007266803497635546,0.0015402757557817725,2,2
0.13853816066856242,0.005995380822430077,0.38893207277040504,0.02286485991560299,0.0015972215449085254,0.4208436819904598,0.000991159861403418,0.0007350411757500162,0.009566541713986588,0.009935879536491245,5,2
0.08514784591389886,0.007799635221885602,0.837296008863496,0.008783222120452292,0.0019036650473534477,0.03606276862321385,5.1141753342268826e-05,0.0002728273894587477,0.003504727045346461,0.019178158021552486,2,2
0.05434092005364967,0.00685056269552737,0.03617744859458924,0.0007528457812062816,0.02118868415252273,0.08197081763013495,8.626882920632122e-05,0.00022501457451976742,0.7982316627382116,0.00017577495043227887,8,2
0.04377185316300439,0.007232655390972448,0.7731585650013431,0.021383265576631408,0.02290763119277667,0.07614739730275603,0.001647091079911474,3.456693731650972e-05,0.05344591839969916,0.0002710559555888701,2,2
0.20131932773100464,0.0809798905726196,0.5429561432071377,0.011137012054214766,0.08558591875074512,0.0746816867273117,0.00013163230147776074,2.4485722065253784e-05,0.002551350116561169,0.0006325528168622978,2,2
0.019912199366058272,3.754481738433432e-05,0.9411102761743687,0.025972916013496362,5.6177199152827165e-05,0.010244564215082628,0.00012931105387312312,2.0766428168348542e-05,0.00018434152927435893,0.002331903203141294,2,2
0.10127162972708378,0.0010184071302636517,0.7552588223816448,0.030974260403930472,0.0016011912987437425,0.09700669918656857,0.0010679142462114465,0.00048452680120586694,0.0018409246398574301,0.009475624184490333,2,2
0.14986850681252561,0.0011698582296620892,0.3980039842599432,0.05135110407642585,0.035093984398377485,0.3498157441466493,0.0005928184235860053,0.0002095860800288783,0.0022654117447848043,0.01162900182801688,2,2
0.16804948497552813,0.04658473461285095,0.6847333688652404,0.008467595496289667,0.011020350168047694,0.058933777805895586,0.0012913333292983958,3.053607003707939e-05,0.020588295433836723,0.00030052324297539113,2,2
0.0933806924839493,0.00386019248052326,0.3543093474845462,0.12475201009428566,0.08646752166227262,0.30943832388049713,0.02070900680352692,4.4586112753232596e-05,0.006141748208854033,0.0008965707887917495,2,2
0.03770920965975145,0.07062056662921143,0.7929230348561849,0.020930804175716577,0.04964353796472024,0.017475224563379257,2.2336915960896717e-05,0.00035476425798833873,0.00353347968455952,0.006787041292527673,2,2
0.21091480428715798,0.017785288973806955,0.2495749112058966,0.16833173468571197,0.0607130969212417,0.2769700534540669,0.008613200992389526,4.218554313796082e-05,0.00485549327517855,0.0021992306614119937,5,2
0.10552819286432444,0.0031174876476311782,0.6576275882721647,0.04192233303386579,0.09053217795143273,0.09336028903542434,0.0006924828696755932,4.086660420504167e-05,0.004904866176272134,0.002273715545003936,2,2
0.08148245145709822,0.004721409571786036,0.7673205134853096,0.01412555578524095,0.0017318382054555416,0.12139034961961372,7.028363839680317e-05,0.00027827821105295297,0.005541156922215553,0.003338163103830695,2,2
0.012344235472436538,4.90163210035629e-05,0.8143934037069669,0.15355568378510553,0.000291893155509813,0.013948437644924337,0.001865240401831084,8.390306100389592e-05,0.00043082999392084697,0.0030373564572973985,2,2
0.017531003089082627,0.00046975715648641086,0.557542807306951,0.022600020417204915,0.015622374027758786,0.31625247424595077,0.001325823330810423,0.004736082261833678,0.03053757971593108,0.03338207844799031,2,2
0.2708625010166072,0.011693998090421417,0.5832429565554339,0.018671475580725384,0.003354042593566392,0.09664125874560994,0.00011323988708079075,0.0011605457155056441,0.002658305863817202,0.01160167595123213,2,2
0.15273104023098152,0.022877144954382894,0.6272202124751405,0.031012426365895133,0.028975811551366214,0.10939311624872079,6.849179020497328e-05,9.019073382991928e-05,0.002616108372945117,0.025015457276533124,2,2
0.0818577178114447,0.03880720577028598,0.8155601590026009,0.002912497685274759,0.009304180024939226,0.04962744553331988,0.0001408859514839101,6.562697184270705e-06,0.0013185015714510286,0.0004648439520153517,2,2
0.19152177687146907,0.0032102374968729355,0.4099618343037177,0.02392132307779401,0.013449624045742938,0.341798813905597,0.002257411221286207,0.00044981459897954455,0.00827246227552822,0.005156702203012349,2,2
0.06859691873241285,0.0124819111206791,0.768897627964795,0.018390829236574167,0.02807730188761801,0.09794926718711329,0.001552193217811136,2.9988874630017972e-05,0.003622277808561158,0.0004016839698052962,2,2
0.1446287247147684,0.0014741444373706542,0.2550328681039776,0.023834576059002143,0.004805814219081978,0.5637481595950634,0.0004862032184448765,5.766147163244974e-05,0.0017922546896467397,0.004139593491011624,5,2
0.02317946422090772,0.0014366088596305094,0.7579984912309422,0.041490357479605264,0.003187760865951201,0.15363733417202505,9.989290263199669e-05,0.00010080846886358663,0.010269039828887196,0.00860024197055504,2,2
0.08238540021935266,0.00022570204874886675,0.10391038316326016,0.40793800054951557,0.2081692996564666,0.14611909556812622,0.005169799188161116,0.0001545466085967539,0.0029099025663031227,0.043017870431468944,3,2
0.032402029603644196,0.02940070932001968,0.8470630305376542,0.004444500583298714,0.00616691189921395,0.07815220599982214,6.856491385877133e-05,1.0766981293858859e-05,0.002192372079464206,9.890808173029294e-05,2,2
0.08059131855992327,0.0027618674507566303,0.5461785285345649,0.320681438697217,0.012927008238685183,0.03196205536964483,4.571808318524532e-05,0.0001389717959255092,0.001761435562692358,0.002951657707405065,2,2
0.016756827513645944,0.000791409019583817,0.9630453348154531,0.00581768255650447,0.00013554822956447435,0.008992418184305772,1.4972107406405344e-05,3.463199528910252e-05,0.0005962485835508476,0.003814926994696023,2,2
0.128165144200342,0.0016603019988303122,0.5187970763915907,0.010310351615631298,0.0036892808773111518,0.24669494060507946,0.00016517927968044986,3.219539000360411e-05,0.08863641711621581,0.0018491125253152715,2,2
0.07542271307237358,5.965989884891682e-05,0.08882232356648162,0.0076096159918267944,0.001950715558083713,0.07724169251950133,0.019367965733123584,0.6816625206588339,0.0012797947979572414,0.046582998202969336,7,2
0.09386981249585843,0.002402865915420627,0.34940912727148526,0.18628489154147673,0.044789507522300376,0.08222551017212953,0.0008080656519882137,0.0005312669900914571,0.0004281255483336926,0.23925082689091573,2,2
0.12604519636914166,0.00014967268937692956,0.17573947013441332,0.08083818432673798,0.001158827161972786,0.04515547949464618,0.0022586599936871552,0.000436963792230887,0.0005353391127377703,0.5676822069250552,9,2
0.017753460046560615,0.0058431718766043025,0.7616756541339728,0.0026169300419472286,0.024884040894730983,0.17928501256367824,0.00021675611322092902,2.4137746492204e-05,0.002880960915293732,0.004819875667499399,2,2
0.3124382338152751,0.003084640881841733,0.1939983473795754,0.008904578827422138,0.00871223122865791,0.2534764660609473,0.01715264503326263,0.105267689377437,0.0003518745892019485,0.0966132928063788,0,2
0.07182350787360567,0.008386067794746929,0.774926354087283,0.05590883230541392,0.019833273030430712,0.05581578209522362,0.00018734071790390156,4.1067015613149355e-05,0.0031588072962114577,0.009918967783567685,2,2
0.012883694837977102,0.0004389244009665994,0.5505837811106786,0.06346478362460062,0.03961059959589038,0.27235740330750824,0.0017430311715502288,0.0003339295176811846,0.038552020345862595,0.020031832087284394,2,2
0.04266422440564835,0.0004901430119484294,0.6066241869538316,0.2983170903564305,0.0071355038033094715,0.02827380463506011,0.001317362602221013,0.00011490067259308272,0.00011871610875365359,0.014944067450203977,2,2
0.4056091476106298,0.0023528106664702448,0.19981251436298578,0.30505030701151925,0.008653410046448897,0.01948339722130899,0.00015920069107449079,0.0006596278088397533,0.00045172223872934716,0.05776786234199352,0,2
0.029308567156793773,0.0017572856770425305,0.9581320957857806,0.0026020416234336756,0.0020521132027254774,0.0043477069716806906,8.320960593671809e-06,0.00010448967019493782,0.0004860132488125418,0.0012013657029419909,2,2
0.1074307493944357,0.0006776385833231892,0.21059493165811233,0.010312972283865803,0.01507065999496451,0.6265023181366152,0.005295060323519818,0.002562347031499391,0.006199273117826191,0.015354049475837992,5,2
0.12306259742685904,0.027514729392451552,0.75235605792545,0.006818692446366674,0.0015978048121434803,0.02283456485610917,6.044572825355687e-05,0.0003202728236489234,0.06365567965502018,0.0017791549336975223,2,2
0.07438150610941903,0.008968329779694638,0.6859110017192276,0.01384041096249555,0.009709516776084944,0.1474934266362833,0.001321749172084283,0.0002229458980688523,0.05147797952199222,0.006673133424649585,2,2
0.05389967931505927,0.00019993385702776607,0.17691588293250443,0.06345031629731518,0.0011011162250139882,0.38124502364968155,0.0031428206918289255,0.0026283099919766242,0.0008064883900271529,0.3166104286495652,5,2
0.11729026414390262,0.01841790561808521,0.7155792033459234,0.011638854474428629,0.0040173449650416325,0.09589862558618575,7.453212836929428e-05,0.0002325721185349814,0.03546439640599568,0.0013863012135329905,2,2
0.04641963103911146,0.019743630127358858,0.3305073772542469,0.0052588000282723524,0.038320115731665876,0.549572048245796,0.0014814525680680053,5.244778136353324e-05,0.007903628137627119,0.0007408690864900263,5,2
0.17264041285530674,0.004431225175584634,0.6730364916608945,0.0868117319619431,0.00895649334021904,0.040303201687731036,0.00014995242040531117,0.00013238988653107897,0.007564063437675676,0.005974037573708913,2,2
0.4648143998075003,0.0002809263664361966,0.34753023301567243,0.07258532166314166,0.0040890526180246654,0.055572151045339954,0.0024993759010599205,0.00106909562142813,0.002041865640247864,0.04951757832114906,0,2
0.02112910571537714,0.003028197877140342,0.9336035089681574,0.002829001401408393,0.009613751427174175,0.02127599648413376,7.542409774281161e-05,2.2492188354264163e-05,0.0006264421277759459,0.007796079712735872,2,2
0.027457272723879923,0.0049188058056108585,0.9401558823382048,0.005583122935552077,0.014232379024591863,0.0047239930200865905,2.946488275530731e-05,5.3776496427633235e-05,0.000705882257662037,0.0021394205152288717,2,2
0.01930097271015834,3.466077309130377e-05,0.9463495524578304,0.010208520691282206,4.384600966837847e-05,0.01713059710369435,0.0020570473767796147,0.00021693856877657886,0.00018481304838716622,0.004473051260331991,2,2
0.13308476311448492,0.003422105571758663,0.09614004376737102,0.013443693246862298,0.02978168044395354,0.678256993702184,0.0013402702933473555,0.008060461883803768,0.028374746732694286,0.008095241243540226,5,2
0.02763639083487089,0.00028607992993107427,0.8471987170463187,0.030533296396003964,0.0006265593577578292,0.08124149841630146,0.0001241567704197965,0.00021907313395747285,0.004332367360762784,0.007801860753675808,2,2
0.02952214861438593,0.020647174619274802,0.8603412517849641,0.003927460891908747,0.009128693446648736,0.06737658084275398,0.0024864631358981364,0.00014257744204337913,0.0012945683389551962,0.005133080883166764,2,2
0.05173591384940608,0.0015616379516886591,0.4097429732808447,0.011834434456316604,0.0048407561474930385,0.06430333772334781,0.00018315816946889193,0.0015568553388330348,0.4459420972470991,0.008298835835502208,8,2
0.1654833266077813,0.004082537980508062,0.2824291814134199,0.006067088859695261,0.0334535882807363,0.49398433855152063,0.000592060103452279,0.0006278855461209546,0.007133296318924233,0.006146696337841077,5,2
0.10897910112921029,0.0464938607270539,0.6642106825268507,0.01598505176783878,0.08733138111254285,0.07166659670091646,0.0022240165765866015,0.00024295503215017303,0.0017450432049900375,0.0011213112218601568,2,2
0.031462366193463764,0.0003787100068669095,0.5621745343930431,0.26185924496748303,0.002021576936223241,0.1295004239961402,0.0005187666369227861,0.0001134634277624225,0.005864030630664064,0.006106882811430549,2,2
0.015342075697272183,0.0003425264930290631,0.7877613878673119,0.008255643424819058,0.014006020905017598,0.11506535121510643,0.0005594604270542177,0.002312340232452752,0.016990486130449595,0.03936470760748745,2,2
0.3124880649940114,0.014451719976221312,0.4617711872909682,0.017837828946112383,0.026489630205643124,0.15447793204857985,0.00016664480532659754,0.00011340410466113638,0.00618949128282066,0.006014096345655309,2,2
0.028686493218041245,2.434259003728038e-05,0.8936599827298448,0.027405661487002714,0.00030398102971729876,0.03979609275383249,0.0016139875285885689,0.00020728576986219359,0.002123761186503246,0.006178411706570255,2,2
0.044756950596155816,0.002997371011964978,0.9022022253949895,0.010056275695325835,0.0003412423661175747,0.031402037895075945,0.00016798226396403567,0.00028062748159465964,0.0019379814795574407,0.005857305815254215,2,2
0.11166396980857846,0.001078642686747448,0.6103797497930108,0.04421957702656642,0.003431039517099373,0.1971642913152027,0.0034271555902338586,0.0005628519427260715,0.0025880650849188975,0.02548465723491595,2,2
0.017546981514463152,0.001903636220820011,0.43887500310707095,0.002222100119274491,0.010956839280709417,0.5134938704016679,0.0006290364094274618,4.452989654969796e-05,0.002064181288955386,0.01226382176106152,5,2
0.0732416552339332,0.004086617933873002,0.8597608660401311,0.013078961138266024,0.00243633456695688,0.03559621904853842,0.00013680336321928956,0.00027402529811594996,0.0009912819518129545,0.010397235425153216,2,2
0.07602421475486251,0.0010025052267184978,0.5387161906410634,0.12477665929836435,0.07919705196033679,0.08211382235112112,0.00033430204732481407,0.0008408385655279767,0.0005015384452602674,0.09649287670942024,2,2
0.1733411127353189,0.06141482807674922,0.3485669974955101,0.29353108285904206,0.015795362987700835,0.05473393479563043,0.02180626610496371,0.0077781312267051605,0.006952026914908314,0.016080256803471263,2,2
0.18397779775677045,0.004261145569118197,0.7141748274431603,0.014964705189446403,0.006140920689524668,0.05646562018355967,4.34818769923161e-05,0.0003942579419881192,0.005253495176733181,0.014323748172706688,2,2
0.030447853868349174,2.1296176394117887e-05,0.5076189159272511,0.007836288419451857,0.002203520138121951,0.3327302854358,0.0005336857468453768,0.07460725037735406,0.006907985676223456,0.03709291823420909,2,2
0.06518936639310816,0.00019749860324675902,0.23189586403127163,0.32445987849199054,0.03301788005946947,0.15152797637092852,0.0049234276384949385,0.002866093315175468,0.00029732304395619567,0.18562469205235832,3,2
0.0696208507272223,0.00016695157065804519,0.7866573378075584,0.07449598793701377,0.0005031848337016766,0.058568420252439725,0.0006503364954346456,0.0004375638020676501,0.0010721351141663035,0.007827231459737504,2,2
0.02086574522453777,0.0002690451631776529,0.9276482143390546,0.02211386659235723,6.0460052396423375e-05,0.024872659585963824,0.0020807601282657353,2.4989133114613256e-05,5.414034013739126e-05,0.0020101194409946625,2,2
0.16673878975063403,0.09472258755637768,0.19297629588936183,0.0018099192147246592,0.007071234138955401,0.5250229771571744,0.00046941961639613563,0.00018428112986735944,0.010522245829266084,0.0004822497172425215,5,2
0.11492392138455648,0.022723229983855394,0.7903090892508772,0.00579839108910318,0.0025281363603283833,0.015918373677887284,2.0038350896651518e-05,6.821328458233184e-05,0.043523664983926555,0.004186941633986652,2,2
0.05666693647328742,0.022091675286975976,0.8815631557525307,0.0030902445521592725,0.003862262201436076,0.026027329543265965,1.2935194752623398e-05,8.107778913084204e-06,0.006034182395024226,0.0006431708216545158,2,2
0.045062878413972274,0.0005750486527998166,0.739399375314991,0.01579249601852607,0.0036141792969932433,0.1749521690305177,0.0009457054115857569,0.00033052198177816524,0.007351085756543103,0.011976540122292984,2,2
0.037697596350300455,0.0044272669351185555,0.1020642585820058,0.0014304669422569602,0.0009781034282656236,0.007399780352769895,6.983085701744262e-05,7.182780924784521e-05,0.8453839636654968,0.00047690507752067777,8,2
0.046897828040342815,0.0011728738740817333,0.8366213549718126,0.021472871742834028,0.007351139426452977,0.05747256859393586,0.000117199936865965,2.3713897409071243e-05,0.023509253013062746,0.005361196503202316,2,2
0.03514762280151029,0.00021410262753964674,0.3794962247552238,0.07349326714184583,0.002220283722888218,0.4902846663046134,0.0019262446243207465,0.0008792755018250286,0.00115296713100139,0.01518534538923173,5,2
0.053576634728057584,0.04411512752290173,0.8470278928723035,0.021108935917244036,0.0021836808671523824,0.028225814041970384,1.3449995475034765e-05,5.666148619231349e-05,0.002969401501850606,0.0007224010668524402,2,2
0.31953292206591316,0.22114501730904343,0.2382465279418831,0.06092086761527523,0.024437463288615503,0.06665629621899104,0.00035951905297862153,0.0006646314311432978,0.0005482957868532171,0.06748845928930343,0,2
0.06016128278407168,0.05042228677135272,0.8198238900415872,0.008959677973791727,0.00396239958159918,0.020656377000635946,1.0620458920175773e-05,0.00019970828613592368,0.001120383536047351,0.0346833735658582,2,2
0.13604364186210852,0.003176657264462446,0.4955266550097105,0.026257486962375197,0.006876740553676283,0.3187414161422026,0.00027254316155999497,5.9316693052169594e-05,0.010153970043720949,0.0028915723071312855,2,2
0.06787399389662759,0.0033049600662765394,0.02180809496062867,0.041483416657597846,0.5239166829083766,0.2901932129855103,0.0028440064078515234,0.00010006606077567076,0.0005461726417101881,0.04792939341464519,4,5
0.22214408839723687,0.0013631502267097537,0.029743358616596813,0.04824508614377325,0.009887279900389855,0.6695866543723062,0.001621064955329612,0.000558090183138465,0.0027187055993483926,0.014132521605170823,5,5
0.061911085027675256,0.0009323719395931541,0.22388615056604977,0.008809365146974849,0.059773432489336475,0.628390102515587,0.0015290084820225969,2.9291179690867615e-05,0.011795858622652172,0.0029433340304176993,5,5
0.01689524080188319,0.000517976658795599,0.6957878392412548,0.054257813122661896,0.004149440163850098,0.16771979351798852,0.0018890395821626544,0.003997430329916132,0.004412793438851354,0.05037263314263579,2,5
0.02311512117357271,0.0009639718097648766,0.09937793789055972,0.7150836185173068,0.008182925122477381,0.09077449719561521,0.0013789159342225948,0.00023806018319966817,0.00018976862323477473,0.060695183550046286,3,5
0.08857221163734189,0.00026387528183477655,0.31977232037200337,0.4363742608522885,0.002077018016783929,0.13848881960786488,8.679283426136976e-05,0.00016912345473861886,0.005537339313419009,0.008658238629463948,3,5
0.049825130093079005,0.007927132147326576,0.013734268761739042,0.0028734966415909047,0.031491527205531625,0.8791471722426443,0.0009200842593342814,0.0007160329678960669,0.0010494627458131954,0.012315692935044975,5,5
0.03237075056222153,0.0015292496668276312,0.01680741983075973,0.0044339276504819745,0.1520172044581237,0.5768100412725105,0.002030451485683448,0.00010497436757807109,0.00045464275860554335,0.21344133794720788,5,5
0.1428063568156071,0.003042507734267324,0.39544259123227943,0.03770674943188178,0.007376758400221856,0.38390300648737274,0.0005476295297557107,0.0010656967505148127,0.003862962479522357,0.0242457411385769,2,5
0.08319845172342236,0.003110102979837364,0.04513870769870906,0.024236628267841738,0.005469035051166305,0.6742162332761089,0.0009149381105667165,7.850220016884899e-05,0.1608937090875326,0.0027436916046461447,5,5
0.11379424564368826,0.0042351935797032576,0.013861328045924697,0.016228501900801794,0.059999924326928376,0.7595793198070244,0.0263511526740555,0.0011147385010572325,0.002403075250887494,0.0024325202699290267,5,5
0.0393708231837906,0.0033080412040795795,0.0437370030842083,0.0037633757709400846,0.055403300394048435,0.7860985077718142,0.013700158104071868,0.0010261445665403998,0.0007406855878548323,0.0528519603326518,5,5
0.5237094063099937,0.046511289136386455,0.19455108938212134,0.00997160339904182,0.0017929906258514466,0.20463284099333012,0.00010706443192412479,0.00066204770874102,0.01444127014773079,0.003620397864879267,0,5
0.05184465514996291,0.005289365721453151,0.004466030166185449,0.011243861766481122,0.008306703395564888,0.5086288906727991,0.003041641127086727,0.3342839811845567,0.0005687955950812757,0.07232607522082864,5,5
0.031107164534843176,0.00021491195269550696,0.0005747747712014227,0.00393772099715142,0.005737130705275137,0.01417768954480809,0.009124570760838769,0.8949176577067068,2.0599437062448567e-05,0.040187779589417334,7,5
0.026226271128067517,0.0005733191243221792,0.45762575475287304,0.0082760469863433,0.026614712163223822,0.39934222365168215,0.0006460541953558865,0.002958094186960922,0.06617589066711244,0.011561633144058798,2,5
0.11673932128744641,0.006445892371285948,0.09801472998177851,0.011285358874035391,0.0071724843910551,0.6691954676908989,0.0004761387278295713,0.0010711333976675468,0.08746641859400207,0.0021330546840004267,5,5
0.0444791561180837,9.478165754225349e-05,0.004112927709890601,0.028936898477870433,0.19036159969351746,0.5432376205229824,0.05414669002607636,0.0053375750177502585,0.00010547550405375094,0.12918727527223295,5,5
0.026144301890994464,0.004615082100065847,0.01930801464054265,0.0005493857914273335,0.005272307623406083,0.9362824937859084,0.003556763632481368,0.0012447033886451868,0.0004647292632057357,0.002562217883322916,5,5
0.16827350792505402,0.005163431217761285,0.637608203422346,0.0255146503491623,0.0021278502817291983,0.1474055635174509,8.270589991215627e-05,0.00036884893151396017,0.006618563966240524,0.006836674488829749,2,5
0.3989688541224493,0.0062022948684086155,0.02224947851928477,0.007913820111398781,0.00996076278500558,0.47733928568842765,0.015436141843800405,0.011611515231111603,0.02040342122279156,0.029914425607321868,5,5
0.08637037190154807,0.017784493385765182,0.16191954618770094,0.004987970588989702,0.48204085395468715,0.24466279975459646,0.0002643420246921605,8.688563234369166e-05,0.0009972223144378055,0.000885514255238997,4,5
0.09070310876610489,0.002993422323650073,0.018380303011320306,0.007340490348742827,0.16012853595985016,0.6400492006069962,0.07110768646668618,0.004878553768802526,0.0009046971553539873,0.0035140015924929957,5,5
0.1548726445395496,0.004483153426190725,0.049595454787505176,0.06696006118655462,0.06101222944989596,0.6399862762022104,0.013311947830412195,0.0008732766160915433,0.004386958139121218,0.004517997822468553,5,5
0.03446669685468749,0.0015986552106010427,0.004319779734942999,0.04132195430069455,0.05380242942334381,0.060732741545874436,0.0014971428682865212,0.004089187691556035,7.311063118743367e-05,0.7980983017388257,9,5
0.06184111497245401,6.971709119461842e-05,0.15945804575063321,0.011924002778818422,0.0007182653656671383,0.6561709809452605,0.002337824547156659,0.01077018554690893,0.003018620836419142,0.0936912421654874,5,5
0.016120071401625982,0.00556692431468913,0.028831159453147258,0.0011368781669194579,0.0546324168603531,0.8822293401304524,5.803253090354531e-05,1.0440967599214121e-05,0.010309298364594526,0.001105437809715313,5,5
0.5342268603460718,3.476427321695072e-05,0.08844785884346035,0.003807614298623139,0.0006321811659904411,0.22093905378481718,0.001839702951297468,0.015090758031663137,0.004799298469344,0.13018190783551556,0,5
0.0713176150377095,0.0014155160968668886,0.19102779447716994,0.0035089960720457976,0.028185686652453128,0.6780395141430459,0.0019269071949800168,0.00037857891596359265,0.01244862401315655,0.011750767396608852,5,5
0.0184762838708825,0.0016332340147931388,0.07058225947330563,0.0050352591947800404,0.03616182662998328,0.8624778155293134,0.0012528451890109005,0.00019272912068674585,0.002773461883974369,0.0014142850932700826,5,5
0.19244920815603156,0.004873859934313176,0.6198522949020959,0.119878110909463,0.011335924898215964,0.04163750580746725,6.865605429640114e-05,0.0003508817824697126,0.005758814001654677,0.003794743553992348,2,5
0.21209108795296958,0.0008636156427375972,0.0079582985045418,0.04955995316895341,0.23494854862603293,0.39239541428096614,0.011999927019224144,0.001448480116532552,0.0007494071913770078,0.08798526749666485,5,5
0.050307644215528476,0.006999588491489987,0.27873065017882853,0.016803364388201174,0.08980947091069719,0.5494059793257382,0.0017397166293776642,7.483768946140529e-05,0.004715173190290454,0.0014135749803869144,5,5
0.023541877064099815,0.0036454421852628706,0.306179846545537,0.0013662689297873612,0.17050325732446114,0.4786678927836758,0.0049490580346966346,4.0932453101134026e-05,0.006574532322320241,0.004530892357058034,5,5
0.3866371517492734,0.02822533604433539,0.08711490725077523,0.00673980210354215,0.012032237677095332,0.45312387450636826,0.0019985338262665186,0.005026054747781711,0.007780700397149055,0.011321401697412817,5,5
0.16384522606734944,0.0013062925532633216,0.16078620201535607,0.03833224437010448,0.0009398995478013578,0.5716287861652389,0.002929167543361288,0.004524072977181358,0.01151216148798214,0.044195947272361716,5,5
0.2854024614225665,0.006736024924143192,0.5031754229270056,0.007306256802381094,0.0007830988924566986,0.1594817945322943,0.000575428763290333,0.0013258549445329137,0.010291678167186388,0.024921978624143012,2,5
0.03598166989182915,0.0019115250831378652,0.4008266086004892,0.006954096139376694,0.11191224780641904,0.4141195056744432,0.007712915617749617,0.0004681570511636845,0.007302198979762052,0.01281107515562947,5,5
0.020917987363212397,0.0017296737684565839,0.02440931813241725,0.05177482832187985,0.0658284438214505,0.7988444636896421,0.02536325617216099,0.0008099459815951995,0.0007442776621439152,0.009577805087041294,5,5
0.2714105436722749,0.0016591189985231307,0.15051490224361422,0.016636064972721548,0.008935093123568964,0.49250495760676305,0.004728899265299064,0.023489984192605798,0.0027124016978623657,0.027408034226767082,5,5
0.009037027523483475,2.9417778811704973e-05,0.2110245277240238,0.019802017227977618,0.0005489625130172654,0.27039654494649845,0.0027411202295143534,0.1253051751983548,0.000251234209447185,0.36086397264887127,9,5
0.10697218751229498,0.0014717207415963257,0.14817086859572876,0.377949295490329,0.00810419837409313,0.33885710861839247,0.001509466695519394,0.002498988640079616,0.0019545895095875966,0.012511575822378761,3,5
0.04877900416257434,0.0007645215636681808,0.5920799078932772,0.009465386669485258,0.003260975466303507,0.324329597505429,0.0009926347587228667,0.0028281824146235406,0.00993112377754634,0.007568665788369629,2,5
0.07558827737264293,0.0006984897856998093,0.7258219236078812,0.019033249057093325,0.002768603180753413,0.1375916274011575,0.00025541805150689677,0.0003923737839686854,0.010850113191939728,0.026999924567356438,2,5
0.36761175523731604,0.012692588477127432,0.059150764716255855,0.015562256283038322,0.03021611129042494,0.46677206981994135,0.03473335882571575,0.0026456404003358585,0.005550733204529891,0.00506472174531455,5,5
0.04932230210827275,8.120665282702983e-05,0.6778105791701277,0.02804862243794347,0.00039112257900960636,0.19442853851670847,0.00022575232884508708,9.395602713445468e-05,0.00022671163959050793,0.049371208539541196,2,5
0.09780137837056758,0.006090731403999008,0.0444759224328836,0.0066784983288052865,0.018388940282137813,0.8039408281316843,0.015066811260908874,0.0023681305946705736,0.0015516254601228936,0.0036371337342201403,5,5
0.03971605957304677,0.0012837229744659022,0.059228757257931905,0.011441155643302035,0.13596447655641566,0.7186219781645822,0.01833780222200379,0.00010447906417146613,0.012935186381086322,0.002366382162994253,5,5
0.037343842156312146,0.0009708718952246296,0.21350628015111217,0.007770794289951956,0.031115504159363924,0.6573319072100281,0.0025408935992849387,0.005199022941898273,0.03236720635399122,0.011853677242832785,5,5
0.05369213817503145,0.002283899013193371,0.03485430888418654,0.08039695449091142,0.03050548473749156,0.7819887794791653,0.009646306296763855,0.0006984272656477118,0.001814686268255733,0.004119015389353293,5,5
0.5153781382084189,0.006403529172622389,0.06725336457559919,0.0243479087011167,0.06568548037632294,0.2949197795137476,0.004703488020043478,0.009289461585565963,0.001393307638876888,0.01062554220768606,0,5
0.48888769410172206,0.016878066052853545,0.06658865292748609,0.005279833024587149,0.010092088934072933,0.38317575494266043,0.0013882551341277748,0.003901235996293509,0.015000893115625143,0.008807525770571369,0,5
0.06465768935732824,0.0021025509480096932,0.2193608495457171,0.5583890408527895,0.01739641565341637,0.1254578707951443,0.0008055049510623091,0.00017277177974190145,0.0006423520458476172,0.011014954070942922,3,5
0.060229353092100285,0.0007061585414528879,0.0866252546539691,0.0025771874904080712,0.019788708821912523,0.8178662332502632,0.00011396541525156515,0.00021389722198275483,0.009730899840592893,0.0021483416720667484,5,5
0.019175308864152835,0.0024197955633396585,0.6793397394923759,0.01670806328574777,0.0024433702579609528,0.2703205253439231,0.00033718058687617387,0.0005286973556127887,0.003549045015601857,0.005178274234408865,2,5
0.010211508422010913,0.0027733890051878335,0.0034798096348269336,0.0014225251032976862,0.02665041882725427,0.809522725911345,0.1374001612331459,0.007185310167405991,0.00010351416074146983,0.0012506375347839985,5,5
0.11045477941678497,0.03605996238895246,0.16437131552925988,0.011642537679132772,0.03371796558537725,0.63183607059374,0.006295212350080691,0.0001753719949303813,0.004804737939102089,0.0006420465226395167,5,5
0.0880258520129329,0.009448780923229455,0.05215907515626947,0.042466583834779935,0.0869331049732769,0.6884628275077422,0.014806392838878399,0.0065805790540594995,0.0007738540426313383,0.010342949656199932,5,5
0.22226445463675185,0.013162326806930528,0.06307982484103827,0.01236247086162585,0.007549685088375408,0.6681855394458958,0.0013422133967552177,0.002384071003651235,0.008056491006703234,0.0016129229122727026,5,5
0.0026594061308903598,0.00012213068386370197,0.10354608727865017,0.00867604469031596,0.0008119711586959771,0.07373166489797359,0.0030984050193366064,0.01075822130522481,0.004512884793113713,0.7920831840419352,9,5
0.02470893618527263,0.0036820792240358485,0.004114541313671573,0.005402242355745024,0.40176037833489825,0.4974549556354784,0.01957428605725413,0.0014123767304624504,9.157887586249681e-05,0.041798625287319126,5,5
0.07299817705960004,7.22955967561591e-05,0.31467855773796627,0.004938722044449629,0.004680369343769586,0.5418102299498541,0.0023944298984016578,0.0069912118225039805,0.02572075316078589,0.02571525338591278,5,5
0.5645716223367466,0.003711545964670218,0.0609223809052834,0.039557670020471516,0.020224697853945414,0.2496813421440217,0.0015305859720611925,0.016379693938284447,0.0017985668868037961,0.041621893977711794,0,5
0.1542011350272186,0.006892004843107066,0.3591240807410348,0.01326004454248992,0.007422684413783462,0.44065062646997244,5.8169985130976446e-05,5.179976852321645e-05,0.015797111555165725,0.0025423426535738413,5,5
0.026392724585235366,0.00047087298514188983,0.05029717702836051,0.01632989351601458,0.04039617041398327,0.8300588145330364,0.00379034979715292,0.00045632905831331306,0.0026413958138512767,0.029166272268910512,5,5
0.056855072796721993,3.0253287987989877e-05,0.07992999184413893,0.03605835582240399,0.032499966849634854,0.7135993614170495,0.03574816575399104,0.005849617099932952,0.00026448909422499876,0.039164726033913785,5,5
0.00850681245355492,1.1689707757200517e-05,0.0007759580509128829,9.703294507542462e-05,0.00022650431822689507,0.0090200968352365,0.0014390002944153599,0.9533840648190622,3.6456821114395823e-06,0.026535194893647224,7,5
0.030918386786236915,0.0003477329198383182,0.1992705262131128,0.011945456257093826,0.0030258258507922884,0.6839702627918653,0.0026230211538676683,0.006448517299226534,0.028161781154414766,0.033288489573551426,5,5
0.029123902418698163,0.0019205261282091133,0.08746420306683109,0.03366532108193982,0.07772924578127619,0.7558805676080349,0.010892423824529873,2.9460531170236148e-05,0.00036720744086199923,0.002927142118448746,5,5
0.001059752116748857,4.165379989805777e-05,0.031657763429855254,0.0005047517851861569,0.0011345636080630076,0.945955288707801,0.00046155484051054553,0.0014304702215200316,0.0038393903260941866,0.013914811164322943,5,5
0.07981061682702992,0.00021746576143092045,0.010526869869588956,0.00990454421836149,0.030479255426175415,0.8061356716829248,0.0056000333397728036,0.0016923848617302036,0.0005870095610076093,0.055046148451978,5,5
0.04186016650253373,0.00214864488663309,0.3268341925234215,0.006597614396513271,0.00986076241779344,0.5705175167935808,0.0011906170688645201,0.0053941227234903235,0.02149360749504199,0.014102755192127395,5,5
0.06984007675372736,0.015935885225501777,0.0423843545681063,0.08571302140483902,0.601704682420575,0.17674639152257784,0.0025474832049885657,0.00027536124971986583,0.00040968514517506703,0.004443058504789442,4,5
0.04156637254386106,0.0011003520900843278,0.4989739583294735,0.06397343785634008,0.037036575454680316,0.32496951068810315,0.010236261831029896,0.0007089498382566956,0.00043361272097506523,0.021000968647195903,2,5
0.12348384467132716,0.0026364114432209872,0.012824433687273044,0.0021416759572587636,0.005035627903294039,0.5657813843404433,0.16990339629814433,0.09898353407727559,0.001523487471250236,0.017686204150512596,5,5
0.0395471714929172,0.0012095206935616382,0.09313727054288601,0.058328191710797735,0.010208627813972835,0.7483062856115053,0.0063591884748954025,0.0019508806585983019,0.0003266058301810087,0.040626257170684674,5,5
0.36798904945894534,0.009772913133956354,0.07003275038326921,0.023472518469442698,0.011478674639367522,0.4877962889117641,0.0004768697126852411,0.0010146572192893091,0.017130284094497846,0.010835993976782433,5,5
0.05341573955301118,0.0008155484503769014,0.03475666812413808,0.0073869728349412085,0.003076360357009432,0.5980658991718533,0.00010436606791805651,5.3331538998460456e-05,0.2989901070471958,0.0033350068545576145,5,5
0.2587700168584792,0.01645149101316596,0.05575578172124414,0.1283086493640487,0.028393674609161552,0.4399760612021657,0.004426986476014383,0.02068919749621081,0.0022178409647524654,0.04501030029475715,5,5
0.14118124751222932,0.0008903127451052355,0.03533576362038742,0.02631152568681556,0.007589668827654666,0.5106392996977371,0.006616879585291041,0.06130913871823994,5.0134199259380214e-05,0.21007602940728037,5,5
0.027520872380526362,0.0010378080575296818,0.04181602157653099,0.0020412266474728762,0.013746581827692608,0.7612318587829168,0.002595712743967844,5.451849095719257e-05,0.14978141140012477,0.0001739880922809485,5,5
0.12319182024175857,0.0014431583861711076,0.24175513237657245,0.0024693383031437373,0.042434990435719216,0.5797436259848663,4.84472931549128e-05,3.216046388144321e-05,0.00732070630300853,0.0015606202117236598,5,5
0.04844916450866497,0.0006415439905889141,0.011642745714922735,0.0036458600319334376,0.011686122038138078,0.9100569735165309,0.0009913811326784732,9.493269634228355e-05,0.0016586641358333994,0.011132612234366812,5,5
0.03841135708514385,0.0030494796198206327,0.029378531912793743,0.10977435422540091,0.034424310524382544,0.5317539445281902,0.025474255197492482,0.0010099191737860144,0.00017949101596470915,0.22654435671702486,5,5
0.14282790534178408,0.009430135270020703,0.14324988091400356,0.06245456751273079,0.049182041675139856,0.5841173474561498,0.00033406185054557985,0.0008285618144450799,0.002410845322988851,0.005164652842191631,5,5
0.01786475544504152,0.0028903332416624966,0.004145070639541631,0.002098217558369338,0.017926875777619967,0.7901845307714448,0.1008484443340607,0.056966757728738486,0.00020005024212802137,0.006874964261393123,5,5
0.3002836502079898,0.0010909729453602874,0.42381380993963225,0.03623807168696307,0.03508297759419506,0.1891662730554381,0.00010750245062561485,0.00015440569974138147,0.004088837990035832,0.009973498430018553,2,5
0.06807917377813674,0.0010238214589780473,0.08226089395632408,0.020160722128115392,0.1270943235961812,0.674741149382828,0.016540196568221904,0.00010218125842647456,0.0045120604828713315,0.0054854773899167255,5,5
0.009517962926109265,0.00021846917189607707,0.07479130066607857,0.027177096626786326,0.014345599292771682,0.5233178576785184,0.004555406373277578,0.0036378478502301476,0.0010429334683996073,0.34139552594593237,5,5
0.04756301112325574,0.008997318469296517,0.3320610615228162,0.0012892207028658738,0.1324421458183132,0.44379792579209665,0.0054793208815809066,0.0007014152014808665,0.0002785818610957535,0.02738999862719832,5,5
0.0797501089318072,0.0015919419649475543,0.7582727607459655,0.020274288871722914,0.00660815416137887,0.12392355741731842,0.00020267036842195376,0.00016210030258269437,0.004319655639460969,0.004894761596393801,2,5
0.04323549147876634,0.006698649094745022,0.26496326645352747,0.01713383044370809,0.13722017004051842,0.5124168705364822,0.007231217838975299,3.790900444625241e-05,0.010654981616576832,0.00040761349225411115,5,5
0.5032432484621105,0.0005515621979070996,0.04906200352902148,0.008277756877376153,0.016920851778530793,0.34528586111537424,0.000827249497805464,0.0070778459934488225,0.00744233930954254,0.06131128123888305,0,5
0.04170763557300644,0.0009809941059244205,0.0480795629876371,0.20927353784883318,0.03791955877206747,0.6409919992335114,0.001920833804935478,0.0002297546852480028,0.0011790343296247717,0.017717088659211712,5,5
0.05399952085285908,0.0012182752469200233,0.10466817552433988,0.0036887526392295074,0.023593853458342404,0.8025724940812444,0.00019752582835596386,0.0002991996667057559,0.006365955964881597,0.003396246737121492,5,5
0.48713884352394476,0.0055534016904686505,0.2547722274285333,0.009501647214462599,0.03394630441752623,0.19169319707608468,0.0008714886377487506,0.001645005539010772,0.0019897736638316943,0.012888110808388621,0,5
0.08746301601539488,0.0016056428687749027,0.07266548710113106,0.003513473523040332,0.022992717609228063,0.8004236640256267,0.0006593766440777561,5.588020405256556e-05,0.007171867447264211,0.003448874561409552,5,5
0.014669818889497225,0.0014010139597076536,0.017705764156339707,0.0008402999670377377,0.0141295258768622,0.9451736016690143,0.00020441161112479432,3.362661101456362e-05,0.0026179963986642345,0.0032239408607375383,5,5
0.04617977298873045,0.0012323826377451238,0.30047625186897786,0.008948671623945045,0.02446102276776256,0.5990722512543366,0.0012726058752419265,0.0004014028629340822,0.009735893576285232,0.008219744544040982,5,5
0.7700444200417383,0.025457929082778077,0.011617242021390528,0.001454255091698422,0.0008326059613553355,0.09062592311795892,0.0015677089756380924,0.0497032005399269,0.0007390346751163291,0.04795768049239918,0,5
0.13319159137538983,0.004924369761531832,0.7464208887224137,0.045634392240747605,0.0012657624836742974,0.05550585574771732,0.00019267277038186422,0.00011860427152491231,0.0026118149120948715,0.01013404771452375,2,5
0.04216544949387499,0.0007255058938463746,0.641314428989848,0.006523892169925511,0.009220734663089852,0.22426640936940717,0.0005706247705545245,0.001922795123521419,0.05266534735005954,0.02062481217587259,2,5
0.028344376897898954,0.0012956293017010712,0.5555232398153138,0.014157018783528486,0.03529861886680686,0.34277828705903307,0.001194767151462036,4.5956377416681e-05,0.0028711054550145266,0.018491000291824523,2,5
0.009032189025317935,0.006469969539786862,0.02454990139886,0.0022528543412957723,0.16085716011872178,0.7930896996769579,0.000985052697179287,3.136831727920659e-05,0.0019319865500743263,0.0007998183345270534,5,5
0.05794134764378231,0.004105031604055155,0.1805241828230136,0.0007694925740988606,0.00816955794213409,0.7288968147046073,7.462326358369765e-05,1.1265678564133942e-05,0.019130480448757297,0.0003772033174036033,5,5
0.02182042723427579,0.0022229903320594084,0.020989512622802093,0.01007953851529216,0.0031231909300373445,0.9213807611085739,0.0003615988802727569,0.00020035019396432173,0.01747875050209268,0.0023428796806294026,5,5
0.277175271803578,0.01587292304048973,0.4639298057865673,0.004953711654122241,0.008429173280672567,0.22221153771744886,0.000531432939526392,0.00012850299470515677,0.006062125586672596,0.000705515196217242,2,5
0.05615618485843713,0.0006712591050643933,0.5555390466915973,0.006929487766592076,0.010556358599980395,0.26671342745044935,0.0028319662245086387,0.012956467995400399,0.07017263493377476,0.017473166374195912,2,5
0.02607451608948949,0.001603044632562396,0.014946683295634682,0.0993511583803344,0.07451364812507665,0.31366597778225375,0.45021230118165734,0.0024122526359940375,0.0001191841379537326,0.017101233739043556,6,5
0.11414633874245513,0.0013292179892455728,0.003724704750133281,0.017641211301413186,0.3779980887082649,0.17646106904964703,0.06188885070924777,0.007382328215610573,2.5690617827618394e-05,0.23940249991615511,4,5
0.06117935309971181,0.0017977742943617123,0.21406085397674546,0.00864172914529768,0.0023116799488451262,0.6903253101491108,0.00031712177320826045,0.0006110689289526616,0.016034237454639604,0.004720871229126972,5,5
0.06149550642142995,0.0009666788059845701,0.03092747070291836,0.0028467811486513404,0.02770713700999541,0.860211457938308,0.008646124177179169,0.0005677621004270009,0.005634084907383536,0.0009969967877226694,5,5
0.2400810630791586,0.0028472722424997834,0.09551940045862634,0.0033614129189028616,0.014484819819712263,0.5937117856820772,0.033100916406288504,0.0007082678665498967,0.005660788373818151,0.010524273152366438,5,5
0.0787510509655987,0.0026873968670103657,0.3825334119530492,0.157163652376552,0.06128851964427348,0.30832281555110724,0.00015786602982035348,4.354852454903188e-05,0.006479450132958952,0.002572287955080562,2,5
0.0495758763825998,0.0015662817015581684,0.6192786275055928,0.017800252038626185,0.07987434023343906,0.2183048126303635,0.00032811239975938405,6.389046305212571e-05,0.005809401433469147,0.007398405211539711,2,5
0.3270233397531346,0.03469077132109938,0.1774106667748644,0.0022829820298735357,0.009418759025556693,0.3642499463222468,0.0008837454808721132,0.0008890877489375527,0.08214521246725018,0.0010054890761648214,5,5
0.08207719086478603,0.004447809158700831,0.049736549138238974,0.021984416237900366,0.004749407121167433,0.7332096227144808,0.00646351687628644,0.03942728977381559,0.003611138342381472,0.05429305977224198,5,5
0.018243871787834397,0.007602755186384618,0.03506098232894485,0.0020654504183078553,0.16227636207633936,0.6967998784661286,0.0754498025612233,7.068971299970917e-05,0.00019227219971759717,0.0022379352621199233,5,5
0.12993828161311638,0.0027450978085813995,0.2242527591127353,0.17467510199488426,0.027755357257784198,0.4271123137449723,0.00176050705775677,7.509841001754013e-05,0.0011742813318924759,0.010511201668259328,5,5
0.097220283157545,0.002610608388032711,0.07277336237437981,0.00565893851574004,0.012359839303270465,0.7918308493936819,0.0008316399090646266,0.0002804225742905442,0.008450433828111718,0.007983622555883255,5,5
0.05109106599250414,0.00012414235862860567,0.2435558327091704,0.022524029017577787,0.00601272934734922,0.670976244539762,0.0007983362705269522,0.00011311797132484654,0.0013268472534577118,0.003477654539698315,5,5
0.11002615712383071,0.01083095935474681,0.772632160649677,0.0267532515867802,0.007505704133196733,0.06201407051555996,0.000107113020559691,6.286802934527952e-05,0.004092877698744973,0.005974837887558555,2,5
0.047495385509481916,0.025336623302815164,0.1364042567920164,0.01404544874621753,0.01982412257281495,0.749950896631465,0.0017414755973563505,5.7065926173946045e-05,0.004541229051538039,0.0006034958701207647,5,5
0.02272799465216921,0.0223643184849422,0.002027871657153974,0.0025847955264143253,0.12839516443048551,0.8084179198993677,0.001678259920492134,0.0004971765023710417,0.0001428204999547588,0.011163678426649122,5,5
0.17716779788094178,0.017502027702312312,0.06656136436349222,0.005276164576624737,0.0015028677467733224,0.16678515128977717,0.00029346124552917746,0.00020371730699320079,0.5629027551214517,0.0018046927661042184,8,5
0.02136986572395457,0.002025296949588649,0.020366154127288504,0.0032689607943472126,0.019062723742361953,0.9221960396002122,0.005513839021343939,0.00048747476334782376,0.0014011359094391986,0.004308509368115922,5,5
0.29244971357956384,0.0021089157755044357,0.046815033453784446,0.041019598422684184,0.20769038323086977,0.3814187443899512,0.007194700050770301,0.00045120054647901874,0.0015876914455631723,0.01926401910482966,5,5
0.05689957480908779,0.00043858356516049944,0.018901048220494748,0.0009444493114168845,0.009331631985560628,0.8748682150210362,0.000182326321269543,0.0008993613591317352,0.03682643810979876,0.0007083712970431635,5,5
0.03852628400560534,0.0021974830042950444,0.1116655669347519,0.0064597683132248266,0.26461545549249565,0.5584053128346007,0.0022271019944820605,0.0008510359754639157,0.002879648889530009,0.01217234255555068,5,5
0.07542499127142126,0.0005801235383240645,0.5582274195586779,0.030804023356316053,0.004939375452797741,0.3037844742144714,0.001120723669199478,0.0006635557042832718,0.0031411822930784705,0.021314130941430375,2,5
0.1274317179513065,0.006719189051769989,0.11282980936610332,0.0361112890503954,0.010183749893610617,0.698451280861865,0.00044617886128342217,0.0003174976190162525,0.00514960986753755,0.0023596774771119777,5,5
0.37316753758215987,0.09737342373506783,0.405249624316412,0.008015941760021631,0.007878106718551162,0.09595491179949794,0.00015104301252272148,0.0002044178526633531,0.0040741931951089,0.007930800027994615,2,5
0.003224449723275609,8.440463410027988e-06,0.0007078325611740881,0.0007004322599493992,0.00021438750694705185,0.07078158608351542,0.000995358927320184,0.9053751820580875,3.725384988550493e-05,0.01795507656643524,7,5
0.3379018911950362,0.005772439866265727,0.014321756248764556,0.01136385043021437,0.12203720342856905,0.22567180444949772,0.0023762538600013636,0.0016225748948477618,0.00036174650287832495,0.27857047912392513,0,5
0.16049797356346798,0.0038718539909747525,0.3319778405679331,0.051352465587189325,0.01326642340021132,0.4168669613727508,0.0018478619871714803,0.002223097036002861,0.0019128717434812523,0.016182650750817252,5,5
0.4522468779255553,0.0028787479122599925,0.19528616623821524,0.1699587336845843,0.008910906748186542,0.0990379223840033,0.0001777113172088152,0.0004911083852876932,0.0011407777087912366,0.06987104769590757,0,5
0.05483040211496183,0.005539079663580511,0.05503409793598839,0.011029293279566144,0.00545122238998497,0.8370409107031158,0.00013037606975546863,8.877962244887303e-05,0.02320385679961352,0.007651981420984545,5,5
0.10609926621154336,0.00546159927424858,0.6960185525152144,0.0465143368063392,0.005275759080954502,0.13394158384921537,3.487124769605307e-05,0.00011845003070171737,0.003734555233211391,0.002801025750875633,2,5
0.07943361503809346,0.17514482043353674,0.3568781880014745,0.0030124006808542043,0.03580289424190158,0.22420864046082561,0.00046386425608217427,2.6324981785684137e-05,0.12397910325523204,0.0010501486502142137,2,5
0.08704720414256358,0.015141192519993286,0.09094589234700914,0.0035055654554086387,0.053001395919409416,0.7431340949313334,0.00040950028721917415,0.0002609092999472127,0.003656541282063296,0.0028977038150527624,5,5
0.05655094673214626,0.006314376316972017,0.07912414565335078,0.00367338843454233,0.051931004652864904,0.7485801956124449,0.002197071290099218,0.00043023983610559016,0.049440962271750086,0.0017576691997239183,5,5
0.3431144906383624,0.0010803687240748653,0.14066105161494494,0.055953348673687855,0.020558748520238673,0.3921278476984662,0.0017484216364464043,0.00022017323239217698,0.005925543627979354,0.038610005633407087,5,5
0.0606226666769937,0.003944050640768793,0.16832580741935937,0.39631494852834503,0.16304927111914988,0.19701722134742267,0.0004352465093750412,0.00015773057018965612,0.007221586372819807,0.002911470815575953,3,5
0.016583994719517634,0.010743630120792306,0.013943834369250126,0.005201373745345607,0.023952597558680642,0.9236326365953117,0.0018156079361756386,8.836732397398931e-05,0.0017732203943599612,0.0022647372365923193,5,5
0.0033444698570507365,2.3755839739960204e-05,0.009185485339410555,0.0001990426148959682,0.0015603514620987175,0.865344854031139,0.0006966422911240237,0.08430698276830938,0.0008680200283375956,0.03447039576789399,5,5
0.03222930912466321,0.003663652868037353,0.06868171576444929,0.03202433449487074,0.027193773533167518,0.8254684096384772,0.000976986040061878,0.00015095328274263855,0.007851307444036545,0.0017595578094936133,5,5
0.23579651801784893,0.001438594470930461,0.14932958285263692,0.05976296509258046,0.05561947315600918,0.4746141794213893,0.0019185290125254234,0.0006183793239816466,0.001616054907982752,0.019285723744114882,5,5
0.03878886958267798,0.001612830456198507,0.051603217818452216,0.0031793432957203127,0.07423760675652451,0.8157704534060567,0.0026299233468217295,0.00023220046753373943,0.002368600289010908,0.009576954581003567,5,5
0.007505484173455569,0.0032187495457161193,0.1556825686184071,0.004891166112068851,0.1690165080970939,0.6215769635533952,0.001352913811921416,0.00016286111976573226,0.03063303310199246,0.005959751866183654,5,5
0.022412839822897573,0.016567378921593368,0.03374975317100833,0.0028423739952000275,0.09497374152107997,0.8093026959678673,0.017478502880687176,0.00031532102384916713,0.0007241602264873404,0.0016332324693296716,5,5
0.3261121461333542,0.023731399676653966,0.06871860125046624,0.016507043935511046,0.010534706613920024,0.5115933952065019,0.004463617834189624,0.0019427597468468934,0.002261428668852738,0.03413490093370345,5,5
0.02612825282847338,0.0019520218980695913,0.0726762244296543,0.0014669004147945227,0.012074710427755818,0.875817628356826,0.0027793290289357614,0.0021181690940324034,0.0018044956821028646,0.0031822678393553534,5,5
0.05245732040448641,0.0011093778256972334,0.00792344067846047,0.0006342886786105411,0.01139388061675016,0.9115408774876707,0.0006408967199981819,0.0004893395893492363,0.010378238375361983,0.00343233962361517,5,5
0.5348164710896475,0.0018946944830638393,0.17989841718553162,0.009917757934970918,0.012363256064590995,0.21737398390231255,0.0001318275883838638,0.0010986599944344893,0.014009396862879166,0.028495534894185076,0,5
0.12591397759989154,0.00028977749791171876,0.03860580499251285,0.0005686274211768164,0.014621262202058661,0.8077812686304531,0.0021387088297745325,0.0031450306284195183,0.0025128054644796604,0.004422736733321463,5,5
0.10584063226581926,0.002926541680445467,0.03173668804133518,0.01980741677482617,0.02524350972648043,0.7758569501497545,0.010095596910579931,0.008059887016298676,0.004280162286233186,0.01615261514822715,5,5
0.0749757839152894,0.029275606161800347,0.29185670591304613,0.007214232657703764,0.003367999326146354,0.5802214678386967,0.0005669323171424149,6.825868433674906e-05,0.009768766579824775,0.002684246606013431,5,5
0.18794126557989946,0.0014022364919094896,0.10715360316900702,0.01812716413252504,0.007342727912239482,0.6417907540561254,0.00044572490067584466,0.004401290907940826,0.011266615052923055,0.02012861779675429,5,5
0.09281770593976016,0.0006727500000629105,0.10011766513197161,0.027883527027909482,0.037248640104005526,0.6921141133471438,0.020226867839125504,0.003258957469200652,0.005445665669773955,0.020214107471046478,5,5
0.32645523665659704,0.0014296973735869712,0.028083325030762978,0.0021086623458411898,0.009111844852442217,0.6038125752645309,0.0023873109942357993,0.003059811757316824,0.007536113517350611,0.016015422207335494,5,5
0.030595551016605445,0.005849956719166291,0.008942367921916593,0.0021248902456551103,0.1346105534445858,0.7812336587296154,0.013053066420153317,0.0007081704360540517,7.332350400338856e-05,0.02280846156224471,5,5
0.010713457764038509,0.0026880084276937367,0.019693930308648216,0.0030615514624230218,0.6004326320926161,0.3431597428424627,0.018383330861242914,0.0003461299452096078,0.0010925835936551646,0.00042863270200998614,4,5
0.0279129638235134,0.003743847019940784,0.012410900299617276,0.0015027156396846242,0.07870787207233476,0.8672063297350612,0.003326234225251965,0.00036593753833753025,0.0008714519114799906,0.00395174773477858,5,5
0.0430960199041618,0.0005343298475354672,0.10767028674886125,0.5901601925155103,0.05817359056494738,0.17203998344402333,0.000920168370489195,0.0010206721617908548,0.0006299289817184177,0.02575482746096212,3,5
0.029838721617777342,0.003935580855203186,0.0069094182772452195,0.004712663889368512,0.08581520237116064,0.7303451801648038,0.13381589594527343,0.000874127517863203,0.0004139644388334456,0.0033392449224713093,5,5
0.03837331885991867,0.00041487043353523843,0.259924427033419,0.0852359597746088,0.0037770100586085684,0.4732614279419087,0.0036384126683382018,0.00042885725290503604,0.0002292295042193338,0.13471648647253853,5,5
0.10574843659582503,0.008799466528671633,0.21843562839784364,0.002526823292862048,0.01042719350351384,0.6442385297145636,0.00044170962189387335,2.9969646317132894e-05,0.008610167640507153,0.0007420750580020814,5,5
0.0642553593676049,0.000387754683730445,0.1464409839598575,0.010958439161412002,0.0025568487697459753,0.725760410035131,0.0008088560506159682,0.005236251376633289,0.036367705000060355,0.007227391595208651,5,5
0.05842377392217218,0.0009056116887529872,0.14664521933290153,0.01245346069407735,0.0008768727183806348,0.7625070742683107,0.0006664662879989534,0.000598956355578206,0.010689237518338012,0.006233327213489636,5,5
0.05412373469089212,0.00409482049260674,0.07980324178155673,0.00660693015344358,0.031692178716328484,0.8151727354439576,0.0006417681318571027,1.923368889783007e-05,0.006973366550968318,0.0008719903494914644,5,5
0.1330717470391746,0.0027117035681237037,0.5872429444601939,0.05304040050383868,9.85925567780845e-05,0.20357275286260235,0.0004860666391227486,0.0008961784323715438,0.010044788851516665,0.008834825086277805,2,5
0.158748448480686,0.005129908723221966,0.4383324566754272,0.00775077206139824,0.0012326112429280867,0.36187872841526647,0.0002049921237684995,0.002363554193783394,0.01101102758039743,0.01334750050312273,2,5
0.11215074079301501,0.0634364952042245,0.1542599942763204,0.011766565294091307,0.055420649051434796,0.5934109690608785,0.0015491587647129916,0.0004058897996643308,0.0061220376550761135,0.0014775001005821447,5,5
0.21670760221820584,0.0012443710097405597,0.004680745010530235,0.027830706212855147,0.34408119562476563,0.17650895513905787,0.018030847254393648,0.003345487086115638,2.786859581501012e-05,0.20754222184852034,4,5
0.18646323674769627,0.0016175656767476421,0.19426656249001634,0.0486726650941674,0.022204101743489652,0.5229713337101746,0.004381854486405239,0.003605963018117853,0.004758346407529861,0.011058370625655192,5,5
0.05625515392301873,0.0033353376695179314,0.022486369124452517,0.004265475817668123,0.00950047289748666,0.8932630223031388,0.0006840530906008953,0.0006499577967177281,0.004596262863768022,0.004963894513630589,5,5
0.18847270770784155,0.0014559701486938142,0.23198512470404253,0.06702627357569231,0.002978958999651844,0.4912268928308911,0.0008524430124796656,0.002097827702642629,0.0035737455121048335,0.0103300558059597,5,5
0.013048124571017942,0.000676239388607196,0.23790447278202204,0.03419601416236958,0.01569800787743502,0.6315029729187351,0.0003441105804639835,0.0006056238519673149,0.059560955535399314,0.00646347833198261,5,5
0.03628640308439423,0.0017714300198975255,0.01735935706907629,0.0021516337387134034,0.1749541569893068,0.7340987273807256,0.01896192223102417,0.00047785397712529017,0.0003795053336370529,0.013559010176099789,5,5
0.36199955010805196,0.0027813900219966587,0.2411944914403682,0.045725710807278684,0.018658276318604804,0.1896798072140583,0.0021290420345089437,0.0034505468622350413,0.003391742958896794,0.13098944223400058,0,5
0.7473367480985552,0.002970488926649375,0.034470740394619045,0.007207376475499839,0.004277555208070195,0.15175148250678722,0.0020731041225413222,0.02792765494758473,0.00917346392883202,0.0128113853908609,0,5
0.027322711580273613,0.0028462986573745993,0.015288597395404918,0.0027127080808038396,0.40586115532420686,0.467500889419967,0.011009648960526426,0.0438267997815459,0.012620928660993302,0.011010262138903491,5,5
0.04269076024746497,0.002104121221726596,0.04918042993084465,0.0030365392265236262,0.15181481986019874,0.7041240880372389,0.0027928482521441126,0.0002249342056248333,0.0028736372419138263,0.04115782177631971,5,5
0.07534658946937875,0.0014768930884966906,0.08816882118713198,0.00289612120205664,0.022172834810712222,0.7963139689465524,0.0010995371347695786,1.970034454416987e-05,0.011998302433718654,0.0005072313826389109,5,5
0.0583771770440132,0.001757634501338767,0.030511239743918533,0.0019964598632394004,0.008522855569901065,0.8823458039250601,0.001426840092143161,9.977026313679165e-05,0.01274640934941772,0.0022158096478311824,5,5
0.11154997260785976,0.00022847455653491382,0.12402755875215918,0.14039341414682244,0.24432596425422634,0.2230042281315551,0.003251572127808122,0.00021614159024467805,0.0009249882167097585,0.15207768561607973,4,5
0.04767316402353293,0.006552115801905111,0.28838828450824217,0.00688895174297333,0.008705211898789207,0.5731065430927083,0.0010524259012771272,0.0004282959244827092,0.002334130418140583,0.06487087668794883,5,5
0.14872216741182748,0.002945328640160113,0.029793615640705567,0.002982545890995442,0.06999541234877162,0.677054659973775,0.0039755092168953935,0.002646569023497425,0.0018985757404547782,0.059985616112917126,5,5
0.1300256051126312,0.0010338314126744227,0.009965934635473992,0.058117914737368624,0.348688539386802,0.2861344767462807,0.028828174006685497,0.003503001650156763,7.506124688317207e-05,0.1336274610650438,4,5
0.3289287674830026,0.002312648253427126,0.06799135336335178,0.013106978267887032,0.042506498348495875,0.49398568289633277,0.001814548732486096,0.009622306919304236,0.013661890439952869,0.02606932529575964,5,5
0.1528612598642905,0.0014079987939580312,0.2346789671573003,0.02474538781814774,0.0002349868284491376,0.04279458769332806,0.0013557561631711884,0.00010121116036523023,0.0009465832320516355,0.5408732612889381,9,5
0.03325278170079337,0.001867373798435957,0.3752917926472947,0.4334220042684627,0.008774835046233392,0.11687459306593859,0.0008060460050300883,0.0013656557727119828,0.005032514682184585,0.02331240301291476,3,5
0.49581746920542014,0.008980617756026961,0.028944508111043495,0.035279010219084556,0.18882993712717114,0.21296019797783103,0.005780682726104594,0.005951264811653157,0.004032438255737794,0.013423873809927066,0,5
0.02599232200046231,0.0018022670693429918,0.08940327828624112,0.003139707777059419,0.1482332403063243,0.7138041032870346,0.00250517587814376,3.090306469512781e-05,0.0058377942134182036,0.009251208117278226,5,5
0.04469639908329848,0.0010447866552634414,0.4031233414791419,0.07696487078968045,0.004147043010206313,0.3935453081320457,0.0016841103731128125,0.0038755556325266857,0.00028404544358619476,0.07063453940113784,2,5
0.2070380131715765,0.003193339832471752,0.25034143096486405,0.012065468535467142,0.008976921936815901,0.490111757455505,0.0011138177030893762,0.0007715915813456036,0.021301204233472898,0.005086454585391826,5,5
0.0479608951475665,3.041810163396129e-05,0.06128967839476197,0.029113679848344478,0.002312752989742441,0.8079229579830521,0.0018406849411855765,0.0025685915483305436,0.014080977293267644,0.03287936375211474,5,5
0.06705057600384275,0.0020250508004416674,0.06800500784193886,0.021279203967227975,0.03914076813539687,0.7873279351017933,0.007147703883929837,8.500327851380966e-05,0.005806144547217407,0.0021326064396975826,5,5
0.13577397274274391,0.0007679822346035987,0.0848826131854263,0.0018072881366903025,0.018961584155346614,0.7469070891264198,0.0012374155567235264,0.0009164612249588893,0.005080334522928503,0.0036652591141585564,5,5
0.08821765273981594,0.0033787126105839175,0.039701001557058496,0.013793828972136653,0.020946434642087296,0.8225548386961996,0.0014472667222645164,0.00032056793420245867,0.0020040344325552733,0.007635661693095741,5,5
0.11423930383340522,0.02320497067435825,0.06507503287850334,0.001123859543484609,0.00973511116447801,0.7694998949366373,0.0003634829314065979,0.00032999842602351515,0.015364385039748792,0.0010639605719546478,5,5
0.07335109675157422,0.003168318678453457,0.07067455392016121,0.004193421158153366,0.10667636084736075,0.7224415096496648,0.00023003096224252648,0.00020850252107984386,0.017408405198246553,0.0016478003130631213,5,5
0.014243488402483382,3.8950320841045936e-05,0.12298208807537676,0.0012892727728749834,0.0026165188839350406,0.7870438006957275,0.0008787104056807997,0.017258756306083783,0.011722677271205632,0.04192573686579107,5,5
0.16238137037852102,0.034149948962360725,0.09799658853319645,0.009195215540136057,0.05226223846366269,0.6360091975273562,0.0013674450509971786,0.0014337321811840537,0.0032660847204161467,0.0019381786421695472,5,5
0.05731303702283147,0.02594918361649673,0.01829134220666515,0.002236458752390107,0.013830914295812003,0.8702802012940225,0.0004913176614799698,0.0013697706749320753,0.009794990957268004,0.00044278351810209934,5,5
0.06054872801361134,0.0029242335351464394,0.014667215520241483,0.01106401757776592,0.14267817815823913,0.7404562601823054,0.012721763649235664,0.0006501177310879649,0.00017617995024942184,0.014113305682117388,5,5
0.005081508618300452,0.00044804173469520153,0.32697730879179937,0.1708964950298745,7.431628572132987e-05,0.48927261535937544,0.00034119315469704196,0.000151003887754428,0.0038749687216484106,0.002882548416133745,5,5
0.13877355604812538,0.00456480681449158,0.15104659845044183,0.029127875060447485,0.010515302156062086,0.6527476267009316,0.00021192823118594447,0.00017790115832141154,0.010964897456899759,0.0018695079230929878,5,5
0.12311243182736058,0.022994608716262188,0.14332027487951865,0.0018321456399778334,0.008370519967555718,0.686534512956868,0.00030962770173535725,0.00023048234021557813,0.009139319624750114,0.004156076345756018,5,5
0.02142703143208072,0.00038726156252359836,0.004485284782620194,0.0011891309307753696,0.10556446399319375,0.5865882126873974,0.05326801344366276,0.15337120083324418,2.9077902843023432e-05,0.07369032243165904,5,5
0.0331341804909156,0.0010169766897953664,0.041315540106705406,0.0010596606070871167,0.535096185740695,0.35375514812673053,0.000387232954397066,3.254704677665466e-05,0.0012334556695604774,0.032969072567336985,4,5
0.0152853805837832,0.0012800451321130126,0.002754867037772192,0.0018643577948794857,0.2602556781309037,0.38643979921087107,0.10853091433839972,0.05568710037312967,1.938491404355567e-05,0.16788247248410448,5,5
0.131377114137706,0.0014830459328798503,0.03333444320681851,0.0016202490156820922,0.03306223601249362,0.7917515805556476,0.00034580367176797544,0.00041975646896558866,0.0017492267859371361,0.004856544212101578,5,5
0.023218876042781545,0.00010219631974076771,0.10255589920023646,0.02911734286394483,0.004245698757330613,0.8102064622366371,0.0014769912430091072,0.007913601110097698,0.011048610232624712,0.010114321993597178,5,5
0.02920893226106431,0.004317750125595957,0.024223344124704085,0.002504255111235946,0.011011419701052221,0.9109388173942472,0.0015556845108477312,9.476252937396052e-05,0.015088532010317686,0.0010565022315611222,5,5
0.024182163819783463,0.009311619126679004,0.12308184819519405,0.011172985582810442,0.6875972065513446,0.13216684465102627,0.0005262324915239831,2.7312760305907915e-05,0.01034069374715925,0.0015930930741731202,4,5
0.08862430183192396,0.00019941974736638102,0.3544299774017432,0.0034162815172568777,0.005186391692739442,0.3318080457814699,0.012363219146189342,0.1660220766436003,0.0042084404509369336,0.0337418457867737,2,5
0.047422664939063455,0.003562892760947716,0.15947106454745674,0.022118905884704512,0.04307154707286452,0.6737067137086282,0.0025792741421462144,0.0011384831352679087,0.010516641144150213,0.03641181266477044,5,5
0.022059987855591993,0.001964308311849401,0.010117651213691868,0.0007173847499837322,0.022885613758527934,0.9042424740852077,0.00018030523181081026,0.00013586982880912536,0.02206714785470294,0.01562925710982436,5,5
0.1616528576505883,0.0033599500215846746,0.02380455269325204,0.07780278047513448,0.21747335759939956,0.4739619120576011,0.0045460474069881265,0.004546780714586821,0.0034194425778375946,0.029432318803027362,5,5
0.015610163198519966,4.4943114228457686e-05,0.013812022142718991,0.03791021544436584,0.0019798529885725683,0.09668930136954933,0.02089939191916804,0.7509789743405338,8.858699800785704e-05,0.06198654848433515,7,5
0.00799115735707702,0.00023460100061539947,0.16677855707656636,0.07056905483511364,0.003061481521985957,0.7366543807394766,0.00048120370174524224,0.00047074118772241975,0.008349303418784652,0.005409519160912738,5,5
0.10414732401169047,0.012263037561735428,0.027204114407518097,0.07311497878058312,0.4473992844893448,0.3135389336263006,0.013339789059749793,0.0001252008188681834,0.0007314352060587683,0.008135902038150932,4,5
0.053400042919182614,0.03313891816438214,0.6035136285736411,0.00103394392511195,0.0030932919669385663,0.30030534763561,0.0001582167408920426,5.913605988662868e-05,0.004765368734635065,0.0005321052797200144,2,5
0.007503075813473616,0.0013374454126986511,0.03063855077379528,0.04628284017887333,0.14618365795889937,0.5436783483829664,0.20451845357598805,0.0011910197457836887,6.71694922196235e-05,0.01859943866530219,5,5
0.031006822590881177,0.0010092039812981417,0.01690206364465286,0.0026784090109541673,0.005836801683703319,0.9367371212709216,0.0007326130222236602,2.035868947709542e-05,0.003658414186113992,0.0014181919197740046,5,5
0.5012389372436271,0.005040674994021592,0.19402163116052917,0.02851630895862631,0.006696183660840065,0.24430721126728727,0.0006824300056928761,0.004470701246043535,0.003989942550448527,0.011035978912883736,0,5
0.03495561460551477,0.0009543655098379374,0.007129257162501941,0.1792000253107036,0.3953942059728732,0.3182032706702245,0.01590911824977024,0.0049887176782639825,9.241556799558886e-05,0.04317300927231418,4,5
0.31132202616716714,0.014124796241300065,0.48925674673225816,0.009756603943481478,0.001562561620607891,0.07461798073275691,4.3168119689599897e-05,0.00022049078323212705,0.09490726359040218,0.00418836206910434,2,5
0.07431838370827115,0.0027542874342387225,0.8236364048049949,0.03535623836127389,0.0007287005671488852,0.05178187991679761,0.0014643378331499746,0.00019592288411063858,0.00011647907245147674,0.009647365417562698,2,5
0.02569712804483528,0.0005732474339081945,0.05515440771781167,0.037251377031119574,0.0031857070238313096,0.2937810269751972,0.009401560842303282,0.006715454167483022,0.0010954279626575777,0.5671446628008529,9,5
0.04974579012441288,0.0006399432872685497,0.5835210099077244,0.024149191714087907,0.005492783698084507,0.3204270562055483,0.00034031388616604014,4.094370964439511e-05,0.00873577572151616,0.006907191745546765,2,5
0.12711039019040649,0.002598051143887134,0.012728609444775902,0.013498423655807612,0.060228539815896195,0.7668770464557603,0.0024838599262354687,0.00026256207618344,0.0028839815412042545,0.011328535749843166,5,5
0.07313863371044207,0.0005696043244496347,0.11861841527704282,0.02597534681229437,0.031379810799648175,0.7344183007827619,0.0006194103040166761,0.00010539647748166771,0.013677388304775797,0.0014976932070868178,5,5
0.05551796280178434,0.00036197161719002304,0.29818500805507797,0.018493417703346997,0.0019477712906709882,0.5818469472772736,0.0036150050277321643,0.004423045961952453,0.0033243602249048215,0.03228451004006676,5,5
0.034953016282755586,0.0006442765530618037,0.03363118920920737,0.0806514199774418,0.059384858186524475,0.7635659594926069,0.013666711233723487,0.00024492368803108856,0.011496460089072577,0.0017611852875748647,5,5
0.08603824433870289,0.0015978249601033621,0.05014423626313435,0.13027217681965525,0.24210501694589284,0.45710145929592805,0.017122139594611528,0.001402450886689763,0.0006533144480598952,0.013563136447222193,5,5
0.31357352955459694,0.002897687127817238,0.086702766035217,0.0079348627502607,0.006399499811485843,0.5319491531514422,0.0017023721934488032,0.0033001469184628686,0.01274814844844785,0.03279183400882062,5,5
0.06785023494952158,0.0028353781963268896,0.07727530450521236,0.0013338863868195701,0.008614443010648416,0.7288835010188257,0.0016363241087988542,8.969738909182554e-05,0.10925178037145386,0.002229450063301033,5,5
0.03730321652980147,0.005774148362588195,0.3901710156295955,0.005054995448590751,0.1847366623266416,0.35809071613671467,0.01635865918531734,9.678283361359788e-05,0.0018026967906853058,0.0006111067564516517,2,5
0.3534260667510981,0.006881062995116013,0.1388674910767649,0.06288519627636359,0.021438957987591278,0.37728381974452124,0.0019383650045690188,0.0020712037466066443,0.003552446470587625,0.03165538994678147,5,5
0.4936239146059642,0.0018528754146887058,0.08676012946628435,0.024206259401913285,0.008427549556475455,0.19610262314193116,0.0034771903152653015,0.03411828903734332,0.0017920649823266333,0.1496391040778075,0,5
0.45497112755643315,0.0033164807043503685,0.005909173547303095,0.33752102852213955,0.06492974769041321,0.047691764488192415,0.004403980351536231,0.0105567900272428,0.0001498747266717131,0.07055003238571736,0,5
0.04231383146244568,0.0017372859019946776,0.04570223976219026,0.05830695272744332,0.009566603373811204,0.7587130741657023,0.00021945235512796986,4.8384249936457696e-05,0.08227015959965345,0.0011220164016947122,5,5
0.06212868004783997,0.0007294857357692925,0.541101893457068,0.008474411323997628,0.003832780730906421,0.3718787694647302,0.00015407216699595962,4.133695436180198e-05,0.00762691728149817,0.004031652836832602,2,5
0.046759536573818206,0.020833306309475094,0.1611876793195434,0.006460193193553526,0.008904946929845073,0.6898279966091228,0.0012280143469622293,0.005353752144617152,0.055087793060294106,0.004356781512768339,5,5
0.38442308605684955,0.0018832992181193522,0.2618605599835302,0.03465868037163605,0.005681762122375636,0.2883280884537769,0.0008744007547527933,0.0012987972671736027,0.005855923796116581,0.015135401975669382,0,5
0.06337285804804746,0.003853708298561681,0.060869319350133996,0.01876476440109697,0.016513962220278906,0.7149221656142916,0.05326659535189042,0.04063013573016786,0.0006407345684171308,0.027165756417114127,5,5
0.13024222756334963,0.0004621998868747503,0.19967467558720983,0.0017496438489160385,0.0005498412537083472,0.5680304253049004,0.0031489243885971566,0.028305738615529017,0.008634449024329851,0.05920187452658493,5,5
0.10212498673324483,0.0021023853127182727,0.05559161899129809,0.002490077172010993,0.005392449400225304,0.7882712380663865,0.002801261024416484,0.001412562454330887,0.020614505313062154,0.019198915532306418,5,5
0.000931769875828846,9.880141280913001e-06,0.01704936287485559,0.0018531663616847762,0.0006909723069051751,0.8487012487320533,6.486193623412254e-05,0.08822258232414229,0.0023388695770644547,0.040137285869950315,5,5
0.07395954771486225,0.01827903455882796,0.2674608139618473,0.0018969159882469666,0.3461996282681919,0.28498100446515245,0.0012614655653153807,6.920494655173324e-05,0.004882552954933823,0.001009831576070194,4,5
0.10389819389686133,0.0038395009171152397,0.11427539782771481,0.048535765635195856,0.008952685273751284,0.6612842075696999,0.006989578784146389,0.006139247515846175,0.006860840398624255,0.0392245821810449,5,5
0.030787389153700804,0.001912786329443132,0.026436195277498423,0.07671250594066906,0.021255671986334317,0.7472887889714634,0.0700417845063083,0.0006346528358340238,0.00023260821220589335,0.024697616786542642,5,5
0.7861781917736463,0.006195666200987354,0.010758308728555373,0.006374466360070914,0.012977604089196485,0.14796164837771802,0.002487345075567233,0.006576101540074177,0.003147309869624492,0.017343357984559583,0,5
0.23081738877367475,0.005470291551983727,0.5801853629577428,0.03231201660713508,0.004438180460363974,0.08583482133628981,5.697312451298364e-05,0.0004969483125948638,0.004456102973126776,0.055931913902575445,2,5
0.023003979339615097,0.0014297061326320197,0.07897163794365258,0.0378879738166021,0.004148739524918432,0.8469688636485846,0.0014639487528581663,4.790982697289289e-05,0.004123446955749906,0.0019537940584142153,5,5
0.07481897683544787,0.001136498322471275,0.6532017985469412,0.052100242408099184,0.007634585167357616,0.19177643181605175,0.00015252950984344986,0.00012679287774707186,0.008172214040003114,0.010879930476037546,2,5
0.1618183574328858,0.0009680026591865122,0.25207436696247254,0.03601088280488333,0.0012889403177823826,0.5028987453898699,0.0009096476572469278,0.0016814964007258243,0.006934639177264753,0.03541492119768202,5,5
0.052882235728111994,0.015495189778561336,0.010302116396634309,0.007704240954493584,0.05716821156455197,0.3065696294973829,0.011026993213143044,0.0011532108202134614,0.0007577695051617105,0.5369404025417459,9,5
0.10380925710535426,0.00716873470829447,0.3527045974605134,0.021899291780918338,0.08262316615052057,0.4137916641643215,0.00034690780606198363,2.889482792174201e-05,0.01385076550398558,0.003776720492108272,5,5
0.018586439987609817,0.0005259837553297204,0.35871127368708283,0.006802446300916227,0.003792666057191073,0.5638289120865722,0.003424251337786457,0.016704260622152894,0.010493335184246382,0.0171304309811125,5,5
0.16778366805138517,0.036469192426744484,0.04859156172963738,0.005707580820792293,0.017035045075918073,0.5508251786258218,0.0006144794056513979,0.00137388651608582,0.16963829256170937,0.001961114786254495,5,5
0.031587631252946044,0.0010907609277702444,0.01023126565449105,0.004149920468633489,0.004908054595249691,0.9392269584471173,0.0015151224420781094,5.96320325638729e-05,0.004733405209253564,0.002497248969896553,5,5
0.025449326538691173,2.7477152814624295e-05,0.05287661568796877,0.006090747736225051,0.0009735329609677949,0.44393775955800224,0.0014935153059758175,0.0068371852179421756,0.0036504059566691933,0.4586634338847432,9,5
0.028372198158528004,0.0006213867222145326,0.09002008601490756,0.0018803964263079157,0.0056387633112350965,0.8254461705893746,0.0036335946831088524,0.013536805485403173,0.01755196297274188,0.013298635636178332,5,5
0.2108337382652267,1.7157251222699153e-05,0.04378242219044249,0.18814014393818604,0.005757849688079773,0.3632072521476215,0.016158354493127105,0.014853309052789958,0.0023861202788478964,0.15486365269445582,5,5
0.008316401164368265,7.846443646492356e-05,0.04361668896566888,0.000743429087839946,0.008770053282230145,0.7573959559255736,0.0032039794337478944,0.12554790996706983,0.010389167640359473,0.04193795009667688,5,5
0.010997290987432923,0.00015363567637502798,0.7205977461659893,0.0033255628600876628,0.0004369036927288464,0.19279567587350768,0.001456185943937459,0.02192328958598215,0.003214301181799168,0.04509940803215989,2,5
0.09891121434759141,0.002179115340071004,0.01575689831365703,0.0037369600394555305,0.059875512070141704,0.776107379717179,0.0009537418053807173,0.0002708514946437111,0.0012851762338454114,0.04092315063803434,5,5
0.2704425695725681,0.011880392933934046,0.474973887187247,0.02327812238615741,0.0035606603315789694,0.18875834405718545,0.0005178964608251201,0.0014384027608073955,0.008486398335238466,0.016663325974458017,2,5
0.41741548456938105,0.0019444409373570698,0.048707535460528854,0.004288051363552598,0.005343701095620785,0.4443796692138341,0.005841700218541355,0.00973811792854648,0.0525683496304073,0.009772949582230437,5,5
0.5730014098622312,0.010897078594155372,0.10036728345903409,0.019283723052124172,0.0031811706128807614,0.23818666307641342,0.0021025651867698928,0.011485133921885498,0.004017350512723607,0.03747762172178176,0,5
0.05172617415378174,0.0014212322473778232,0.5141865634664156,0.009713662874742278,0.012082653361272719,0.39835905612191713,0.0005567593613821943,7.528869642631465e-05,0.01066578604689042,0.001212823669793694,2,5
0.015291046709765825,2.9088962801386743e-05,0.1229286139729005,0.0013760543552708319,0.0015465947347545047,0.8213059699151845,0.00020283275411853044,0.004835371435360544,0.012590313996936638,0.01989411316290688,5,5
0.11888121076174522,0.008899170220389253,0.4200224426667589,0.004689568505247883,0.0451518829855195,0.394531332755043,0.0005491537176422577,5.4004514126098485e-05,0.005232207372511075,0.0019890265010169134,2,5
0.05214782586838717,0.00014185362621808582,0.12282493081608913,0.03957884499924392,0.01110571569534487,0.6127359342494655,0.0019380242448650995,0.00780506653479327,0.0023305773884539195,0.14939122657713907,5,5
0.03952869688149207,0.00018377354592406087,0.8803409643418119,0.020894010949049607,0.0004948073062247738,0.028502371897342515,0.0004339598706710599,4.725259111011062e-05,0.00035289430218871315,0.029221268314185193,2,5
0.026605152891805785,8.395919833397977e-05,0.23810242581172786,0.01060156215782139,0.006944926479534691,0.689698328658837,0.008634547866892887,0.0005149181362258557,0.003580206388428376,0.015233972410392142,5,5
0.13331768050884812,0.0016827786482930297,0.03727672107216291,0.039075183648574215,0.004393454300503776,0.7473281822384186,0.005823598044457239,0.004829416481507842,0.0008671758796670461,0.025405809177567407,5,5
0.17382373963412598,0.004172864683672018,0.2552429419213725,0.018212776553669686,0.01917638175185555,0.5177773403976241,0.0012755566165583234,0.0008125369161307193,0.0030939570496124986,0.006411904475378585,5,5
0.03726962408985216,0.0023199631186190967,0.010538400863074317,0.00201393063163416,0.08364611486565837,0.8256655366667004,0.016622455164908748,0.0016252102867575832,0.0004891762089569629,0.019809588103838233,5,5
0.16021737744082992,0.015401194418696662,0.2344485326303919,0.014043959248888757,0.033452612823169615,0.4880185072719879,0.00025342360545569406,0.00013482054126870711,0.05346933450154845,0.0005602375177624204,5,5
0.7177651709970183,0.0017822798464777853,0.02176128699824846,0.006785047175993844,0.005412179599751172,0.07589935913058686,0.003982837950874551,0.043085014640589864,0.0008415888356790345,0.1226852348247801,0,5
0.3866732958044005,0.003359658009467858,0.16265860216180852,0.03732720073325824,0.026368738447219556,0.35870080398268006,0.00015783991300099426,9.600889636840568e-05,0.016474581400329837,0.008183270651465947,0,5
0.09238945335591786,5.6797420595173224e-05,0.025974000407337973,0.0036652521660353416,0.0006073120842235995,0.39507406936829215,0.0028792011008451747,0.09757532168767905,0.00017580030853634796,0.3816027921005375,5,5
0.10845058433726258,0.010562667385690106,0.07688575298633092,0.05986333405235873,0.1559846601385261,0.5776799024426668,0.008071189650571204,0.0003311341326290608,0.00013423746440733498,0.0020365374095572867,5,5
0.057363137548486196,0.021324629496344116,0.31727005533627517,0.005114358570922407,0.017599106947912772,0.5462479042842145,0.00041209754480019676,0.00020077744592407042,0.0067436601471755125,0.027724272677945014,5,5
0.05005307475826068,0.0001751109807847538,0.29607431037670273,0.04139078665056152,0.008741470482522646,0.5855166673976099,0.0037430391771014005,0.00028990427269332724,0.004066099543810683,0.009949536359952299,5,5
0.030566844516754357,0.016465552294417415,0.005594998069620414,0.001599825519702529,0.4726871238012428,0.4515551209478877,0.008899339925854345,0.0017090983435715521,0.0001919005355104286,0.010730196045438501,4,5
0.008474810662015188,0.0002710260043196738,0.12525234831303356,0.1354867123833473,0.005789961848518101,0.6617645807577737,0.0034370027057022455,0.0027338652420357086,0.003010422909626851,0.05377926917362761,5,5
0.04926908331787844,0.0012451378801682494,0.11901045126086529,0.001625819276690598,0.01252090627139245,0.806829634961184,0.00012838814668645446,0.000470636559268493,0.0029732648492683212,0.005926677476597718,5,5
0.017290605104332418,0.010473448062603603,0.05403282474478599,0.005867792885829264,0.02813829720791699,0.8743164525933151,0.0070416754225949745,1.768505784083429e-05,0.0024978296075775187,0.00032338931320332817,5,5
0.04572215199104025,0.0017062329664087898,0.021037689362636322,0.008846722281869732,0.044466052324855114,0.8539119156920516,0.014146800416765071,0.0002452191723550125,0.0032626715880584084,0.006654544203959773,5,5
0.03210191911266803,0.0047485051624743665,0.16989814539408182,0.011061988591563852,0.018677579107743817,0.7332689773332757,0.005162050055217976,0.001179709286737862,0.021242784321337683,0.002658341634898713,5,5
0.08242911053029284,0.008173129343097947,0.04435905002847037,0.01899352308468112,0.0019003948520603681,0.8199263566928114,0.004832758674519269,0.0066931667853636434,0.0013289353679852088,0.011363574640717737,5,5
0.3100039548754826,0.0020592130995207144,0.02648219933702181,0.0030847958548741064,0.022907015563230843,0.6098752505486348,0.0008113004994780039,0.00046773598238493555,0.0048552641256455874,0.019453270113726676,5,5
0.14139152926961848,0.0019078068497452077,0.06624315841881447,0.0017365160475952554,0.045735121923165825,0.7278433436101948,0.0023500441903895816,0.0020630681703761884,0.004419550684649685,0.006309860835450591,5,5
0.3936346882114882,0.028438158733365883,0.2838148195494901,0.06802780445126325,0.009108753249904213,0.19006485745418403,0.0007974479138581109,0.0006575559607634907,0.00961810592080213,0.015837808554880692,0,5
0.12332134956803631,0.020449411877584405,0.13474865143054487,0.006970415889477411,0.012993640604655073,0.23905506620344077,0.0016668809200625523,0.006344400883333007,0.45195571590467915,0.0024944667181865305,8,5
0.15657567886468782,0.00025279727509925547,0.41968095767944547,0.03523599216035737,0.005043301755652342,0.31058469911046416,0.0016825606801277408,0.005886322674322393,0.0010737172582746912,0.06398397254156873,2,5
0.05279713627402255,0.001793166847030338,0.44442044002182496,0.001690610700764149,0.11677191182374588,0.3758583479032726,0.0003662065662442969,1.7752890750035156e-05,0.0036718135425828106,0.0026126134297624424,2,5
0.20307882239210678,0.0010756663803100869,0.04337333794646841,0.0029224794046319317,0.0007343154134916721,0.5304104212333135,0.0032565378594685895,0.15232738059804107,0.0007505659743361506,0.06207047279783191,5,5
0.008154343331947988,0.002374163344308185,0.0173364296920848,0.000997316739685433,0.2568704309367922,0.6991724083879284,0.010810671768550254,0.0002681598658483088,9.974268344180492e-05,0.003916333249412739,5,5
0.7463796084117408,0.0013169590530358816,0.015669951071631622,0.0008042292507022899,0.01142812532900539,0.16787634013063857,0.001115239191322606,0.011342165222103823,0.03134313783501731,0.012724244504801831,0,5
0.08316413940800096,0.0028972488736098085,0.037777804465960164,0.006548974784936297,0.2116106566660156,0.6001564048166292,0.0019556600876706534,0.0004496099568924531,0.0017797490769315993,0.053659751863353165,5,5
0.021039387685222316,0.0001816887378009687,0.051819912976825554,0.006696480090179198,0.006686550239800804,0.9084809802607613,8.295255148972139e-05,3.331039244685962e-05,0.003941936677487668,0.0010368003879857252,5,5
0.02754017609943575,0.005873887664418719,0.018258267496386264,0.03031570288723405,0.7633989045792614,0.07235816172735436,0.039235047712958715,0.0038980525752178048,1.5468086903056723e-05,0.03910633117082998,4,5
0.024555583535422976,0.004229235579640734,0.15106919108937822,0.005482840588254229,0.008466585546318607,0.7990307720547687,0.0006124515064535219,8.091644794727711e-05,0.0062412490468609525,0.00023117460495488442,5,5
0.3036947131870124,0.0007704123397302217,0.07067771787176778,0.09983873503253382,0.06047327686253357,0.4211117073716725,0.0065402568718701485,0.005973418016727855,0.0025289355253143055,0.028390826920837404,5,5
0.06791368381599155,0.0006816196689367613,0.020212572675787827,0.01962783538836073,0.011863013543560407,0.7998603366536904,0.006444275268389961,0.002068698288893798,0.011898252467902161,0.05942971222848643,5,5
0.0679639007139122,3.200135347856574e-05,0.008268827883712315,0.010142050797568608,0.001368836032440102,0.22771077395931102,0.0007961073593710273,0.30040417575332123,6.394651188626307e-05,0.3832493796349988,9,5
0.048113290337444964,0.001090519218661368,0.0147202772590615,0.00394614588363637,0.06841691474839698,0.6150438799704111,0.007865174141353902,0.017192477220948993,0.00027252736461642896,0.22333879385546856,5,5
0.025218328387129105,0.0012747579088531946,0.7959987991188611,0.011401662543533071,0.0012306036013532747,0.13581817889268422,0.00012841534190124418,0.0004148059071015739,0.02199620602203592,0.006518242276547346,2,5
0.09849198747092257,0.001502644009652515,0.3530591375517039,0.0010232533865587388,0.003814399508537418,0.5202830426682982,8.183347925441079e-05,0.00023183598308816722,0.020271861108277153,0.0012400048337069878,5,5
0.045217836235161325,0.0013990532201259816,0.037243463448185486,0.0034042973309383485,0.010407480536693207,0.8936251583761762,0.0031439317261973392,0.00020147624420992395,0.004068667352546867,0.0012886355297653535,5,5
0.06310096723639919,0.023423753537129614,0.014569829247299788,0.008766290546729581,0.3395241388684903,0.37285197339133985,0.03941496603334071,0.005810087981421717,1.530557587852696e-05,0.13252268758197064,5,5
0.02289140853868731,0.00098315085803435,0.00714103288341578,0.05534190771254969,0.034550068625393414,0.07865362516373725,0.013016106135471963,0.20915429841798203,0.00020399326417270842,0.5780644084005555,9,5
0.17840345882198622,0.011118554107138095,0.0576532665817445,0.0684392140372627,0.00966222694774087,0.6573225346847815,0.0014848023898051883,0.0035643774299715814,0.0032814640783988954,0.009070100921170356,5,5
0.22376390618803718,0.000777833542911574,0.010953729573216718,0.03338422412309047,0.005970853427477172,0.04420808249545366,0.002643752660806426,0.059420164859566846,1.1349272880224365e-05,0.6188661038565598,9,5
0.055410414681616296,0.028092691498626022,0.8073570698351926,0.0027154497167892876,0.01415868203032272,0.08707372571350017,0.0008077487029256802,6.586741223918265e-05,0.0040830706685342395,0.00023527974025405095,2,5
0.1958456915398879,0.01098515150563112,0.6557533599104194,0.004946586253419283,0.004743509437223665,0.11319256669348456,3.272998922653684e-05,6.882799235393478e-05,0.0082532186292926,0.006178358049061036,2,5
0.1278171903147331,0.010425292174118672,0.3730156174952574,0.05810234741013086,0.10113630206225105,0.2973434371601555,0.018345527255669604,0.0007166200680435902,0.009306605961341833,0.0037910600982984247,2,5
0.051554876802006905,0.004128866676646094,0.019560828594118514,0.029125191371131922,0.08512689329171258,0.7139163467946101,0.04506769949406932,0.006770982641071167,0.00032195107992724224,0.044426363254705975,5,5
0.0535067717582703,0.04380453423861005,0.035589040969215675,0.16298307912689175,0.06925374618897334,0.5784282192601311,0.026149572143233678,0.004392363709070261,0.0006244261096288081,0.02526824649597489,5,5
0.07739787409244027,0.003872422765313314,0.16121150004857165,0.012980393226587787,0.14633662253236268,0.5921971907391995,0.0010707770819092255,0.00011976834872072529,0.004027628404652665,0.0007858227602423695,5,5
0.08801205582594157,0.011583136466763542,0.5501914300729495,0.01912326398514587,0.004160974139557608,0.30653744113295733,8.704687378421427e-05,0.0010397756003008417,0.0072745405019686935,0.011990335400630783,2,5
0.09283188909524373,0.004217851411428048,0.16384504494329757,0.2712738460593223,0.01316859426424995,0.43509574493349445,0.0023688456312083257,0.000538223096588173,0.0010435253574180778,0.015616435207749479,5,5
0.17416843406733887,0.0020526887531269813,0.4973588026185918,0.007406647894603137,0.0018513056563547931,0.2531759431095827,0.00022778131094666922,0.0017547140219802094,0.04902075085985315,0.01298293170762195,2,5
0.4340210854499343,0.001120974409599398,0.160595826821288,0.06446968710202149,0.01120648028445215,0.027907450675381296,0.0010362643004338643,0.0008025837603866463,8.219296545529008e-05,0.2987574542310477,0,5
0.1474074386131782,0.005577270450956572,0.061680396836734326,0.002414917719861854,0.008213852151639679,0.7526927712323805,0.007050530665850408,0.004960924600757173,0.0022432644579920722,0.007758633270649249,5,5
0.10588520852920749,0.0002379034034209024,0.25597285715396273,0.02083089820317405,0.004653235247563249,0.5867188194372172,0.008471919035442279,0.0007005110637541037,0.004691292332261908,0.011837355593996183,5,5
0.7371993383466876,0.0012775041600299236,0.0031223774840785346,0.06686700750993534,0.03558143038793185,0.05562620496393801,0.005129517490875706,0.04767530312650003,0.0011562816970447697,0.046365034832978456,0,5
0.20662738059400254,0.00306865771527631,0.006509286360139765,0.0052170616711487644,0.0819207259422205,0.5018749931358042,0.09441073058745003,0.06465214852971596,3.284904235702431e-05,0.03568616642188497,5,5
0.012570713219035527,1.900923427614724e-05,0.0007448026096039997,0.003583250861769978,0.000463689272847513,0.026438406983952237,0.002154819421305256,0.9296483410144973,1.5329733377610256e-05,0.024361637649334453,7,5
0.08877321756140934,0.00472751496458855,0.12239385371362888,0.0029350479537870074,0.02602056183388893,0.7438549794527869,4.808511593988066e-05,3.840960849304873e-05,0.0094420930482239,0.001766236747253517,5,5
0.053241483500438044,0.00791704659564518,0.09092239987750765,0.010376424683940627,0.024812077353282423,0.7964665941013838,0.008735649566506869,0.00011342958956144278,0.005500236407776734,0.0019146583239574104,5,5
0.21507416344398078,0.005636222158310163,0.18909719741825717,0.016027819070205274,0.01948975743908997,0.5200659728302589,0.0022585234491907156,0.0017201768272304416,0.02504939870402066,0.005580768659456033,5,5
0.16061452088823094,0.012487498901508985,0.13830454467144168,0.02230493020646561,0.10920220400482882,0.5497184918834244,0.0016254548250905444,0.00030815624335743633,0.0033610702346674034,0.002073128140984345,5,5
0.0688199868830742,0.0021085980615809822,0.14460558900912754,0.19335500005301973,0.02064501038814469,0.5595140383262573,0.001838429714808743,0.0004083209465513641,8.884843701696408e-05,0.008616178180418519,5,5
0.08148553199018126,0.0034383237030406384,0.8606784579301174,0.00938901952508148,0.002709332453190618,0.032641669804286164,3.0259423208838806e-05,1.6911057734083198e-05,0.0069332619790407,0.002677232134118801,2,5
0.0703799731167228,0.00260146269375532,0.14059165444943944,0.067261343815118,0.10791727954408344,0.5854802060212593,0.006242863583234561,4.341869523188371e-05,0.018675329307368815,0.000806468773786489,5,5
0.009181357198181105,0.00020522250933413755,0.7004975115352979,0.0022668417610080807,0.0021113085700676013,0.2689659710008204,2.4430247134502497e-05,0.002419747040775238,0.011002570301033845,0.00332503983634733,2,5
0.8056478483812117,0.007352778295068134,0.04713088828335292,0.02066883908792894,0.02662318236412614,0.0763902659402382,0.0023105162340239884,0.001927081993720829,0.002300023887189246,0.009648575533140052,0,5
0.017713261693972457,0.0003087518864370412,0.045220989926129614,0.001544945700271146,0.009156998210130034,0.9062969296458475,0.0019556883785274265,0.006080086877827968,0.004697684913201305,0.007024662767655641,5,5
0.11094659472617531,0.0021646492535500614,0.0845400969710083,0.00937349726259336,0.026996702663013555,0.7531672476420306,0.0004144844410672268,0.00012208977274341727,0.008025928341760686,0.004248708926057676,5,5
0.48448285978688677,0.002288350220241661,0.03508178486812932,0.0013665623142833589,0.003711554509543546,0.27693031926226874,0.0030949839418305336,0.009814862296795753,0.011208352951427684,0.17202036984859267,0,5
0.20762999985704295,0.0008417554540997896,0.11325949160974547,0.005450192276556003,0.011091335843782,0.6071784065760123,0.0012176733842193031,0.029547110878910758,0.015996746125522626,0.007787287994108902,5,5
0.018242747931749004,0.009067841025982593,0.02878069399791655,0.0012081788138820736,0.004084520429302543,0.9273547862654936,0.0004966316995145864,0.00010969290417219197,0.010387414065428797,0.0002674928665580955,5,5
0.08033917806781614,0.0030953468386056807,0.6448359166785029,0.011630500904233416,0.0015531141919973381,0.2213779090218436,0.0008470018111569988,0.00043763364853165697,0.013522689631115475,0.022360709206196778,2,5
0.10976913424222846,0.003889841245063531,0.03359707384535623,0.0010229245633672488,0.05150041615635175,0.7797493200788355,0.009745067429967464,0.00625687619357786,0.001373333535289655,0.00309601270996243,5,5
0.29845933298124083,0.004187417773072254,0.01938620354324224,0.029544154176645868,0.15455458899264748,0.46770587184813406,0.011049198730470276,0.0028549180982900568,0.004140874326580596,0.008117439529676196,5,5
0.19600026026964465,0.012804632718255058,0.17934816012861654,0.004089716683788873,0.02561643278257037,0.5693485824970894,0.000654145653299715,0.00039719337053885546,0.011165482139916128,0.0005753937562802663,5,5
0.07296172686337396,0.015653338235316477,0.12543512848889984,0.007580611107617308,0.029404759115653628,0.7254667530330582,0.003726488682510006,6.867452131307292e-05,0.018524718481772895,0.0011778014704846352,5,5
0.5387405668923358,0.0019269010669144427,0.013966457470446125,0.0037047098160526634,0.033054550248555664,0.37673485171874094,0.0016371677628505715,7.25560481895927e-05,0.01947429867797593,0.01068794029793822,0,5
0.46686685017203344,0.0028364750650661107,0.013242215893536536,0.20151447643744533,0.07238549008873857,0.1667146437679627,0.002702729775977914,0.0005828717658194404,0.002418466312996163,0.07073578072042397,0,5
0.028904217424779867,0.004681144320928182,0.16774439905768468,0.008247477593969418,0.47958424434890695,0.2836025952688702,0.011882133230898841,0.00044497851295324337,0.0015006512917423549,0.013408158949266145,4,5
0.04286499304273625,0.0011046099846207262,0.029841393277736133,0.0007240982304327563,0.004556546875647469,0.915589737130741,0.00040166030123061817,0.0008717472220234039,0.0020171113947680137,0.0020281025400637333,5,5
0.6899420982838906,0.004905731197855796,0.0970159129185107,0.0035901053018269477,0.004353702329977448,0.16837662700642567,0.00033045830246923233,0.0021679670215654177,0.016744918299387873,0.012572479338090164,0,5
0.3618033333052644,0.005163650321211073,0.023685245312000593,0.006339406647289698,0.0063502219394396524,0.5005579165618106,0.011595079175003808,0.03578932388204252,0.005904833680180984,0.04281098917575685,5,5
0.22130231673173775,0.007470688201146364,0.2986430928252454,0.030638470055175566,0.0033112253140137786,0.39015356814649527,0.00011973639171721778,0.002747193473296968,0.025630163221969843,0.019983545639201836,5,5
0.07786407411922348,0.06968098355905246,0.11240283746607248,0.022535456453322767,0.29156712144878355,0.4116457167277395,0.00896730187027137,0.0010646359599045421,0.0022172661616271273,0.0020546062340027586,5,5
0.054726337918724596,2.9237495754952757e-05,0.18983696032937664,0.06405659308525066,0.0009330084569141413,0.6077060802224759,0.050837558207002795,0.003972935369960239,0.0014364685612110783,0.02646482035332888,5,5
0.14795129649576083,0.0007690667888966211,0.1375157548269893,0.10062199672662278,0.18928039399401558,0.35386014338880506,0.010691258375857382,0.0015118202655554996,0.0022730580266799635,0.05552521111081723,5,5
0.025615634284538967,0.02535353344520798,0.16167536982718553,0.01966560367111688,0.0440609237955291,0.7101440170911442,0.009520574791376949,0.0012436969785536939,0.0011217533283539537,0.0015988927869927522,5,5
0.1285624352951767,0.01768547671906525,0.21567318005766595,0.00952872811819832,0.029735295792658507,0.5889945631015795,0.000932335349693109,8.815896517383465e-05,0.00792335841299703,0.0008764681877918596,5,5
0.024229605921240308,0.0006879132438000922,0.15322674454398305,0.005727364341602817,0.04583756164599372,0.6890482536866477,0.009431167836206705,0.013098963666307157,0.011086369383106063,0.04762605573111235,5,5
0.0455884686728099,0.0020115039157182443,0.22882302638023386,0.0009021687486610606,0.008199961382220879,0.703436092186818,0.0007024982542345801,0.0006183297929669881,0.0063110660161039955,0.0034068846502325646,5,5
0.08385227768545803,0.0004991193033073728,0.01809060011628805,0.012577229567962707,0.006789090472559817,0.4003415831749142,0.015027038320574292,0.38263072633705,0.00010471912592572247,0.08008761589595981,5,5
0.09966763866061933,0.002912333629312311,0.03779695212324927,0.0059390231651324284,0.21761172333467316,0.6103734631147248,0.005776624509448438,0.0010650453098747068,0.0008784975390500539,0.01797869861391563,5,5
0.05019276648594215,0.005756542864746546,0.018751982641818037,0.01448937079017361,0.28717604744987163,0.5292422871130592,0.04352136201235928,0.00976435085153214,5.632661270006867e-05,0.041048963177797396,5,5
0.033181804398873804,0.004450000188214298,0.09074927610510511,0.009292711306879465,0.08919274328397017,0.6927253929452981,0.0066957240891893565,0.01529493325741454,0.02465353867199335,0.0337638757530619,5,5
0.12254145718302095,0.0030852198454755435,0.40802527071491074,0.05290781410837337,0.003735522930875698,0.3891501610254408,8.151111968237654e-05,0.00020215737616171846,0.01627134290414231,0.003999542791916567,2,5
0.016913769688576556,0.0008610452716623792,0.6054889007545452,0.017761562897806983,0.004300721541411541,0.2484943647422705,0.0005874226217751791,0.004036868837455533,0.010561202437968563,0.09099414120652768,2,5
0.07398953421807457,0.002299369999699389,0.8031623889707334,0.01332540583367307,0.001829770655111064,0.09657508465034907,0.00024818197803667936,5.2984004143019796e-05,0.001998650552475424,0.0065186291377042375,2,5
0.02219376976358238,0.02046234184230918,0.014807084634822418,0.002239459115009422,0.3279262453904364,0.6066897864775594,0.0005708319305813828,0.0006963614217098033,0.0005880202939448092,0.0038260991300447466,5,5
0.04434531596441025,0.002996092103205081,0.03134204839260797,0.0012145358582455472,0.009455069409797213,0.8407473166245623,0.05665130150106948,0.007703851934684154,0.0004806345847346952,0.005063833626683443,5,5
0.15678489269386237,0.023481878555372034,0.2664850568238261,0.04461775133920538,0.04433854600433118,0.43996331529093524,0.0012170446927046142,9.76567458506613e-05,0.02165962790154796,0.001354229952364576,5,5
0.03923814825702175,0.0017124062609075279,0.01618202971461644,0.08266732443683227,0.09249761283843279,0.671573055309608,0.009753544184604534,0.0008222374167028536,0.0009973202157265153,0.08455632136554748,5,5
0.006727570946045207,0.002773900765809001,0.010660499662473483,0.004170729402713606,0.6419389189576512,0.3210118772841334,0.009315252700817707,0.00021537951075336844,0.0011309437424163447,0.002054927027186636,4,5
0.09302739236090025,0.0031816202046385748,0.01098349668864652,0.1258014250654585,0.16551020838026864,0.17927504683613144,0.06397487953179241,0.006267990636498983,1.492862256486803e-05,0.35196301167309985,9,5
0.03308376418196305,0.00038789300250114864,0.011511036346147866,0.002626777918629008,0.030941666688798684,0.906996023660064,0.0008563271174081006,7.790379382656152e-05,0.001368600833999539,0.012150006456662105,5,5
0.07527391405085083,0.02961088565860264,0.36954847891805687,0.01138828637191208,0.07689715910659074,0.42212945547006286,0.0014890067665380483,0.00015514297795777578,0.012702795626003755,0.0008048750534244861,5,5
0.11304236343218466,0.01279935275135282,0.2302321017563407,0.032901271138058595,0.03354673094296708,0.5605243004352262,0.008880418186139341,0.0013284736834899178,0.0057339108916858676,0.001011076782554918,5,5
0.6044006971543847,0.0011601642118912554,0.036185165641018854,0.04871292192483478,0.03471026601090561,0.20308524314464294,0.004030756695468031,0.004344271612999799,0.0029900246313887806,0.06038048897246521,0,5
0.050830446695984244,0.0006679366538019794,0.1392269545982502,0.01000568223721457,0.015838439384715193,0.7618310952468081,0.00213092654664978,0.0004332399984045813,0.004393491186216118,0.014641787451954958,5,5
0.07099325081285113,0.0004975045983422636,0.6476181225168458,0.003406857845896791,0.015215038234005034,0.2076431233424198,0.0016945575365655153,0.003330500456145217,0.04206885386100613,0.007532190795922333,2,5
0.4330344551896166,0.005149829686967793,0.3296858565688353,0.0046360402771947595,0.004407856889836294,0.18487746746669617,0.0001927541714447634,0.0020523546623595914,0.025798585086642012,0.010164800000406777,0,5
0.15798956927055396,0.0025807837061935022,0.6275141340089112,0.06948497560967636,0.007333080990172039,0.11880413108867433,0.0009577876840433804,0.00028520099954546364,0.010908918531215013,0.004141418111014778,2,5
0.6384031833384542,0.007085725840183885,0.0357316781716967,0.004289047991629479,0.013855069579500754,0.20499308442478603,0.002708165407755468,0.01586313039271632,0.06398912180631125,0.013081793046965889,0,5
0.15561579223502056,0.00675660344092026,0.45239698558924585,0.009019492402324516,0.07527054450690145,0.29293634925356865,0.00036728277490643483,3.0992592912681724e-05,0.006158032779198063,0.0014479244250015196,2,5
0.13765467266023487,0.01636260299754799,0.17498660026464802,0.017116630585823123,0.003162064801109421,0.6287380595987615,7.874182365720595e-05,0.00013449496361374766,0.019058073882137868,0.0027080584224663954,5,5
0.028786561589469135,0.011108524819855277,0.026854040532961067,0.0021710615193785403,0.0661217227868753,0.8357475111443506,0.010665609615050156,0.007204700268837039,0.0009013617050695647,0.010438906018153338,5,5
0.08644130581019392,0.004090623222712289,0.12342192287631817,0.009375499402539216,0.061980198806438735,0.6976224752621029,0.0008225216596112044,0.000200932256184218,0.014109098932883642,0.0019354217710158886,5,5
0.003907264969757976,0.0045121390563409945,0.014809593451721906,0.0030443028578098896,0.7840179770027862,0.17613682828194688,0.011314230835419218,0.000135985918358084,0.001638676394640971,0.00048300123121801315,4,5
0.05054617419337766,0.0008554904323713924,0.27140705289123307,0.23160355822926504,0.012199752618136153,0.3904987764907007,4.9690499669564405e-05,0.0004313735181226402,0.040605083539303456,0.0018030475878202017,5,5
0.08213640483293956,0.0020936428323923935,0.01900231285829824,0.0016848352072043676,0.05065216387871714,0.7983957251884729,0.03134192439361023,0.009570230197989953,0.0002429076521141491,0.004879852958261136,5,5
0.02666847713399917,5.305198217957794e-05,0.7444265253448714,0.15932993461857886,0.0001309825067166042,0.056030044727607003,0.0007881154049638136,0.00016605462601135254,0.00029373114561665966,0.012113082509455706,2,5
0.5777894214672379,0.0005342766734581954,0.0722259149249477,0.004181723014717912,0.006778488112743657,0.3105111303769889,0.0004021891315886732,0.0010417195116528845,0.013299299408017422,0.013235837378646803,0,5
0.09785464724471914,0.002999220952658783,0.06957369135486474,0.0015447295840618797,0.016665420544134897,0.7954100919761087,0.00024335377011980373,0.0007083763131035781,0.0013827607016004535,0.013617707558628102,5,5
0.03843464011246789,0.0016620272622946356,0.15640351808423442,0.06152286836923659,0.006790937228024089,0.7247195606194335,0.002724322848354486,0.00013209510160778142,0.003647448752811141,0.003962581621535387,5,5
0.105183874829199,0.007331067198069086,0.24247400389086057,0.008775145747815566,0.003008197059812323,0.6112115085806794,0.0005746269082514496,0.0012532011043249274,0.015484601252482726,0.0047037734285048805,5,5
0.16190373602296565,0.00856353495978855,0.17635707711838333,0.03241285460001599,0.017150922741228748,0.5590395881427671,0.0001146053183066765,0.000618531419128208,0.03980789745982271,0.004031252217593159,5,5
0.08285968813912961,0.0014184855562288721,0.7694048718267781,0.012169025035540763,0.007536213351870267,0.11306501084717452,0.0001764995637324135,0.00012463490100821675,0.0038867927838153425,0.009358777994722057,2,5
0.10007785125405783,0.00583191412070127,0.4661896260093469,0.1915540732802015,0.028144323554635187,0.20135509116216163,0.001890529129802291,3.278607086000783e-05,0.0041240211631331705,0.0007997842551001773,2,5
0.06540016970416776,0.01781514236326324,0.2378474034307332,0.002023926755132283,0.004631474354019021,0.6451322340668074,6.590198212396258e-05,3.742623910929025e-05,0.026213941363364742,0.0008323797412791349,5,5
0.025413996261678912,1.950518843206236e-05,0.008341856611428904,0.009614654609193042,0.0007324702078743649,0.1829914650333565,0.0007036884440389034,0.5381335175771484,0.00013726518668735925,0.23391158088016145,7,5
0.3076127681173958,0.0027547620723123428,0.14600080092806333,0.03202475721751542,0.030602082937908982,0.32966971664277933,0.0036866372569398483,0.005098317314881999,0.0022361152862010194,0.14031404222600202,5,5
0.6223116662459106,0.011974148125424713,0.04357620214871946,0.009196233560311223,0.004628611121386661,0.21141438218313482,0.003178040696821543,0.05778645782595152,0.003926848328967294,0.03200740976337206,0,5
0.31699032688450285,0.02367415288941556,0.33569898053674885,0.011949781341329334,0.002884406372303858,0.277743644667085,0.0004906208082147367,0.0022550950330438033,0.011819616395916763,0.016493375071439238,2,5
0.010018448055296756,0.0072303068912591,0.01517063828710469,0.0021966838902233578,0.3016230987296577,0.6586849646639775,0.002827593873737207,0.00011139872213914267,0.00018519584156975706,0.0019516710450348832,5,5
0.011033457079903995,0.027193838019784346,0.07693805924608317,0.261114335765096,0.10769812658281547,0.4718575041743081,0.031678814831180936,0.005896859631552228,0.00024767594432663614,0.006341328724949012,5,5
0.20448352209624565,0.0011721102823748688,0.10742253696211393,0.008495951378257306,0.0018630923775026027,0.13290040360876104,0.00023124457115257017,0.0013364345551034828,0.005100977672115235,0.5369937264963734,9,5
0.6797536470746904,0.0010911399542008716,0.011573471682775144,0.02420855067283096,0.019631398732887783,0.16998731916847934,0.0013320649167190965,0.0017110420567864621,0.0009579556716722605,0.08975341006895751,0,5
0.010147596284332842,0.0003883689115927421,0.5271930053783361,0.008060923941116457,0.000995397172239335,0.32010886006192585,0.00040620485754138384,0.008730895243315395,0.013140312012738891,0.11082843613686096,2,5
0.08242894475813035,0.005315312298469846,0.3460596023294395,0.007689325662810196,0.0863564007843955,0.46943072744173364,0.0009056144487369674,0.00018454267032401426,0.0003878925423787894,0.001241637063581227,5,5
0.8367665754116815,0.001232353779840342,0.01020163813082415,0.0009342456866767344,0.0007143354424862286,0.06957675818184848,0.0013614539888631085,0.048824270809005046,0.0002340511057566384,0.0301543174630178,0,5
0.07813391572222571,0.00010773595149640894,0.2848105932939498,0.036888520244611984,0.005729909143656444,0.46743105265187024,0.008356970255305102,0.008735023334719379,0.0004984511011598873,0.10930782830100533,5,5
0.05705311620428407,0.0030501017143845146,0.07125432057552056,0.059372632174628084,0.2723757283538309,0.5096880362445917,0.0165182002933592,3.762314593799424e-05,0.00982195389165411,0.0008282874018087907,5,5
0.025870100985708067,0.00013202900767387085,0.14060202007553474,0.045831364981071536,0.0010021753015164165,0.721312128873373,0.005658660092650071,0.007928688046881202,0.004975668802299484,0.04668716383329148,5,5
0.08035223098489384,0.002882844425906016,0.1066746016083329,0.008255186268607538,0.08535073155269043,0.7111150284106087,0.0010451829845584066,0.0003296562302576002,0.0008299019827261308,0.003164635551418502,5,5
0.04396403946897877,0.0003853253242051941,0.09388488552729239,0.0008218214828255533,0.004953465818904006,0.6097716722264243,3.0617433768893344e-05,1.9589011155672677e-05,0.24597787574224533,0.00019070796419989774,5,5
0.18364224242886373,0.0012719866508480108,0.36983654786347153,0.0424843971874424,0.0064160773099910876,0.36054039796119314,0.0003172482196178439,0.0008551275422406046,0.021755308694162825,0.012880666142168713,2,5
0.12723424514953974,0.006104007572815049,0.6238505192048747,0.06040934545689426,0.0008653277159830148,0.1661475983389163,0.0001706877730213196,0.00030402133170999803,0.010670279268976263,0.004243968187269551,2,5
0.04007432417963557,0.0017210786606629983,0.004430857458083316,0.0015854937793265455,0.16585595995972985,0.7555602121343646,0.007276539984811459,0.00018779235383190664,0.00021276690207175679,0.023094974587481904,5,5
0.031104832522280038,0.003359196204057294,0.039400698547325315,0.004060432842930346,0.008034811158461058,0.9038001114764477,0.0008915303140307744,0.00011904156616187578,0.008993061063669478,0.0002362843046360479,5,5
0.23045620696083266,0.00045115562210461843,0.20901161854703504,0.4476163007076579,0.009889021397519175,0.08134529772658405,0.0020283216657698455,0.0007814498271923424,0.0015286971069225074,0.016891930438381907,3,5
0.056143746254343256,0.0004254735836417905,0.13718495063634584,0.004355929800749872,0.1965768422790387,0.5121092544124927,0.0018455273218897221,0.00010260959301768409,0.0018756629826148829,0.08938000313586551,5,5
0.05099703720417479,0.0063760795229304895,0.5981091806374765,0.001592055834719907,0.0375891354755294,0.29335251543874863,0.0004734887827377057,7.673749732891313e-05,0.011079311598369921,0.0003544580079836394,2,5
0.007802182020424919,0.0005652542100915327,0.003255917005147176,0.0006617906935175976,0.00820007541905023,0.9736757344666338,0.0009586851494090114,0.001477777384042387,0.0009256451561245096,0.0024769384955588758,5,5
0.04094386154801214,9.624526651058179e-05,0.4046271654684166,0.0343091230751852,0.0025575891139552787,0.46525212328887516,0.017529156410906403,0.001547882198421987,0.0022385509527070076,0.030898302677009683,5,5
0.39162803523940615,0.0013192515132091315,0.02268545981795643,0.0005285637509222036,0.014422503591131257,0.5329689813710903,0.01874996991487747,0.011144969867988356,0.001531599460754129,0.005020665472664488,5,5
0.166054054609909,0.004505322094407454,0.5696833923104359,0.014470883365195577,0.004422665589334894,0.22034612909920148,0.0002377600719733732,0.001217500137474879,0.014768226760608766,0.00429406596145881,2,5
0.13613094074911433,0.0051329364890729135,0.612621326445562,0.019855259240089726,0.00975639757917142,0.19503384995722298,0.0012811333305259485,0.00027077414325956653,0.006897486118120387,0.013019895947861038,2,5
0.2285813957292245,0.0021182353129412536,0.09136784772335196,0.0014061095746842629,0.0291241392671073,0.6205587951177785,0.0002933263593486431,0.00028744837719321063,0.023648007607544843,0.002614694930825585,5,5
0.1226899990038596,0.00010787306037807057,0.006281560363290163,0.0004210158961402773,0.0009130421936962557,0.1518798068295329,0.0026919933951566983,0.6908671381008095,0.00010238641725448876,0.024045184739882135,7,5
0.03254283499487487,0.00045356589733397336,0.17843597940406525,0.02658885338315949,0.0006823492470684141,0.7016841492762578,0.0008076623976470363,0.005115756511107759,0.006471630697173936,0.04721721819131154,5,5
0.4003478468419002,0.0014593228874602393,0.14935001278277413,0.07827315350223954,0.019504709754479,0.32002378035657814,0.001989312005995723,0.0007666997874535533,0.0011231362438447552,0.027162025837274836,0,5
0.025460077106403464,0.0034314552117799364,0.010071644981466584,0.002447415837519928,0.03421763079083365,0.8953695242289482,0.008166851042435551,0.00017602097175701788,7.663002910900518e-05,0.02058274979974659,5,5
0.010780791509326093,0.002534003825417845,0.056565720372177,0.0015082392079561668,0.2507698818125718,0.6677475276144671,0.00033759066579489537,2.0783289359161026e-05,0.009545427156111234,0.00019003454681865218,5,5
0.014324717478554724,0.005611474638132038,0.018177093510037108,0.0018538863645569596,0.009641081166280312,0.9226923618476429,0.021081181239259863,0.002960500471384318,0.0003208329314419939,0.0033368703527097963,5,5
0.00520848519776625,0.0016878040942563247,0.007334069671807988,0.0016852335390959779,0.039408189153415304,0.9331644626087061,0.0023419283220457187,0.0013251964111499412,0.006838714967060763,0.0010059160346955194,5,5
0.025619540577926057,0.0010048943370653863,0.19123665454221545,0.008904410320878086,0.00540680254264362,0.6720570026123645,0.0006127301599007713,0.0031485719449916936,0.065700011233576,0.02630938172843847,5,5
0.010121774409646865,0.007041336595435475,0.08060899180891365,0.13045259415200686,0.06282729061904122,0.585886422414389,0.11120518534903916,0.007400348553837277,0.00022936152735930269,0.004226694570331094,5,5
0.16359795283258582,0.0016269946120447318,0.055269667672291314,0.023405046962569495,0.032714028694366126,0.70482975988314,0.003028295140051568,0.0006505797056260731,0.002963676521943592,0.011913997975381396,5,5
0.15780046261111097,0.00041770572930368546,0.2041602616591492,0.06456978292658919,0.01915932030529431,0.5206884161678154,0.0003603240830982638,0.00012849839014255574,0.001922185707992807,0.030793042419503855,5,5
0.18285985650999215,0.013999328410804006,0.10490888030720948,0.025268426515798546,0.3840288413614568,0.27441689791274804,0.008976164058060693,0.00045873286120724045,0.00011771402027861325,0.004965158042444289,4,5
0.031035781856334703,0.0905532872255342,0.05075645803253631,0.002542822070787127,0.06455216865358339,0.7469097583388027,0.004659448818958438,0.00022498520279438187,7.924470604415138e-05,0.008686045094624704,5,5
0.14463178135763025,0.0003699432433645858,0.0055453100382214186,0.034997938364783585,0.029817524043271044,0.7352360863012056,0.01588046314737605,0.009249724887292293,0.0006991623826013229,0.023572066234253893,5,5
0.12356796441051555,0.0034157835305276382,0.19892539586990982,0.28798114082667037,0.027494615277084224,0.3459514506001437,0.00034176218004513425,9.382761636817241e-05,0.002823785243568173,0.009404274445167195,5,5
0.05482787248139559,0.003807644054786041,0.16656562003128186,0.0017698076253228304,0.00865286006764833,0.7472366526569694,0.00032814437148964096,4.638729463873724e-05,0.0158337855283266,0.000931225888141048,5,5
0.04361740092571544,0.00368026702502032,0.021275758290077166,0.002222615763129275,0.03868398094331691,0.8828386892197497,0.00047784090446496787,5.1174691968668754e-05,0.005137965726283265,0.002014306510274258,5,5
0.006431597999684102,0.0030611479297880557,0.007851572657044987,0.0009420552435370535,0.3116543338298199,0.03787817526638336,0.00172202540435174,8.22039601509798e-05,0.6301139331682609,0.00026295454097899465,8,5
0.13052031112295703,0.004811566774350611,0.06290985859040402,0.014019812670451992,0.0759081141758928,0.6942111735011918,0.007303511014193414,0.0013433340847744894,0.0018794116143774227,0.007092906451406421,5,5
0.09984768050676054,0.4727640273063071,0.32376755862811474,0.005104947473887149,0.0048094072382270404,0.0751271467455959,0.0001186368658538259,1.376886521217384e-05,0.01819758914231166,0.0002492372277299393,1,5
0.17642752565579825,0.005309801744403092,0.3554937977779697,0.16283954093178607,0.020811786906635904,0.2672398372946343,0.0007909471022861184,4.5328388485019304e-05,0.00898014071810898,0.0020612934798926374,2,5
0.01923489548841681,0.004961738161030135,0.21164986458909915,0.05722960801866716,0.36597644363105797,0.320011081955734,0.012801261818089367,9.151910008049686e-05,0.0024259039951351436,0.005617683242689877,4,5
0.08017066118984331,0.0006264922008997017,0.05060385660074294,0.005665191861528187,0.009598447295117538,0.7910309220751465,0.0026399788737505574,0.009454208060668289,0.0027243022160541117,0.04748593962624885,5,5
0.33043562401263665,0.010757939746679117,0.009334894777658007,0.0091399442472668,0.13420562135607553,0.4846366014494972,0.003406633774414561,0.0019214824587982877,0.0003584744519139146,0.01580278372506004,5,5
0.29566615615807007,0.018338914871021274,0.5747764699648955,0.0032477315619970585,0.004521030530128335,0.08410763238071174,8.15535287577966e-05,0.0001285401555316496,0.01237214873364766,0.006759822115239045,2,5
0.015351678011045543,0.0001248955571643878,0.026560005619043668,0.02626466526647822,0.15787724982433915,0.642920145862053,0.009145253908032214,0.005780919034155847,4.999300317512795e-05,0.11592519391451286,5,5
0.05121202159166904,0.0029042117387004605,0.0444134974330677,0.010670614798325631,0.008338727543068587,0.8710092979637244,0.0015287432749989738,0.0003949788465709019,0.003342977090537016,0.006184929719337335,5,5
0.037406101585382406,0.006856651379498067,0.23587891511565823,0.05511436553302311,0.2736906087647541,0.382437633298601,0.0019155348415202333,6.175059254107793e-05,0.005599844855859331,0.0010385940331625553,5,5
0.005544470673701932,8.5643880205923e-06,0.0017873073501989412,0.0021634618566235306,0.00010252574401373789,0.022882379569507273,0.0018128582021490784,0.9530236499760734,3.0268673316455067e-05,0.012644513566395222,7,5
0.02245865732311848,0.0007373640518492691,0.057602957562246634,0.03131123592341532,0.14970847044725993,0.7226171023941269,0.005485677230331486,0.0001128191682628953,0.0006827518558945695,0.0092829640434946,5,5
0.025132514163260206,0.01447940973344965,0.09408568627118893,0.000657643683387157,0.013362816011204953,0.8496679108063518,0.00021089067296952015,5.5613677788788884e-05,0.000994555265901051,0.001352959714497947,5,5
0.07269915436822841,0.0018395953562584273,0.0529489095417155,0.0457300870780998,0.010998974890962927,0.7904366692514877,0.002751503233526863,0.0004484525338744548,0.001701592136273679,0.020445061609572608,5,5
0.2466424387013271,0.014468112854779325,0.08222244565918752,0.0012118481673264315,0.01181406579653985,0.6331552070969749,0.0002985907239567341,0.0022089660443802323,0.006160090610602637,0.0018182343449251984,5,5
0.018486455402349694,0.0016184463788781827,0.21404546135865762,0.013207436619530385,0.024870015590836785,0.7068107125362677,0.003689059580375793,0.000149363328987181,0.0060903501960364054,0.01103269900808028,5,5
0.024918127110047716,0.007383661346322066,0.07765215551799667,0.0018960212592328191,0.051633646395221486,0.307782954408984,0.000965023527472772,5.8934119591712335e-05,0.5273459286336623,0.0003635476814684882,8,5
0.09377311842435818,0.00822257475102332,0.42584000950475975,0.0399784286340273,0.005360763930607902,0.4100019320654153,0.00010896032629933265,0.00015092519209604997,0.012073536628142416,0.004489750543270413,2,5
0.22684410906745492,0.00865415349424277,0.11713807489157177,0.007400367628502172,0.0036440745539051437,0.3717939638599899,0.005790002568215444,0.011972574308515224,0.003590881390258699,0.24317179823734408,5,5
0.08916380735065141,0.004832941506626609,0.008035474386468709,0.001466877056918793,0.004639125575346679,0.7146419584644507,0.08572838918141658,0.07908384379975643,0.00018509497896645284,0.012222487699397844,5,5
0.011840692952165362,0.00016664879735049507,0.5346467847727906,0.0401226700226791,0.0007551571555653696,0.07622166499721765,0.001728727327165503,0.15686009426028064,0.0004963503518717414,0.17716120936291369,2,5
0.10273205078980897,0.0014127961445771849,0.584622860964046,0.01518721060019745,0.010669895441147647,0.27271208101828665,6.956649477297613e-05,6.610310489049054e-05,0.007352322025680881,0.0051751134165918386,2,5
0.02832485983464989,0.00015774075211925513,0.6789767772706463,0.06405849691074486,0.0005853541809116134,0.2058200026749594,0.0033041782430112175,0.0009053898167125653,0.0012988315268386012,0.01656836878940613,2,5
0.17178463088173865,0.0039057590611021936,0.015700962336828127,0.2226879548093814,0.1259355686798506,0.3529570411376294,0.033008564259754,0.009479903506944247,0.0009264882386879439,0.06361312708808353,5,5
0.40055768130782426,0.007421400500930909,0.3756272619945782,0.026527512742467476,0.0008626576062516643,0.1324742468296056,0.0009027035778216164,0.0012200901309115902,0.0016899930344420945,0.0527164522751668,0,5
0.2600467910124325,0.05294319306197406,0.2872325934774398,0.016672169507738064,0.028959738222960163,0.338998531870814,0.004079270766358864,0.0006509856078439343,0.007553305680390988,0.0028634207920475068,5,5
0.3653261553481705,0.0027598310367054377,0.009651846789884788,0.002547365188288792,0.03320242179056491,0.5520219481027661,0.001680573276923046,0.00051499778122847,0.015976426675798454,0.016318434009669695,5,5
0.3695505676930949,0.0005453862306540856,0.4476560741673047,0.006496442840873345,0.003847991324091714,0.12457333844096795,0.0006498940198197429,0.0026878210131689394,0.00708846401294046,0.0369040202570843,2,5
0.0683835322765603,0.0024373180707094014,0.45650146768188093,0.058156928268208855,0.005574155664672829,0.40185830755824953,0.00013077679018158204,5.2993584263823776e-05,0.005027767028335276,0.0018767530769375528,2,5
0.019821962147611207,0.0033445777161068566,0.4095316538057853,0.0050498471353425944,0.07358737166584328,0.47957572801724774,0.00440781864764815,6.14714686300778e-05,0.0034489485443304647,0.0011706208514545803,5,5
0.2060047780546606,0.0006047913988752291,0.23766665072051507,0.23581847574012813,0.0341907530028061,0.24426256173635288,0.0028801061934934096,0.0020869662259685538,0.002118397504408002,0.03436651942279218,5,5
0.2104907056751138,0.0005086855921721748,0.043462084880305125,0.34314250505418065,0.06054534812681064,0.3032960549665159,0.0065370043021677334,0.000783289653390207,0.000962219513892053,0.03027210223545158,3,5
0.2153022402973851,0.012878258906439878,0.4173110700615529,0.02553710374879173,0.009367874407543785,0.30562085771747677,2.882331257922495e-05,0.0002122055107942391,0.006812675160154589,0.006928890877281865,2,5
0.11287045313073737,0.002729462019553947,0.04185963332493011,0.004310761597868028,0.03073134348667826,0.7316015831890386,0.0040871935720931535,0.0004941946206954744,0.00046320926100602074,0.07085216579739909,5,5
0.06496467765207065,0.0006069537735433307,0.006093635121166559,0.009053148934830606,0.169296893349283,0.17536699651389442,0.03778446919866908,0.4408451795031576,1.4597682804858365e-05,0.09597344827057996,7,5
0.022734346254888273,0.0010951442621707655,0.026792190163625492,0.0007188371437148261,0.001044082958303795,0.9424131468980534,3.592263009589738e-05,2.5551873855091237e-05,0.0048061933432483155,0.00033458447204413205,5,5
0.07035364537970926,0.0046911858544088315,0.37671986428573523,0.010707775837306041,0.03504352089663127,0.4917398839195454,0.0002123660673855484,3.308370217316874e-05,0.009617492639740051,0.0008811814173651298,5,5
0.1952066779766181,0.0035211030647211024,0.303075548269743,0.031262995414440255,0.002130723370731813,0.4387676024476702,0.00031793570098055353,0.00035438114082407047,0.005957459314584209,0.01940557329968673,5,5
0.0746575774182505,0.010999098266136154,0.7472972569562606,0.04038468874176339,0.0049526734221108865,0.08995301914648673,0.0014267248557595174,0.0001015399625487031,0.026230248115609547,0.003997173115074139,2,5
0.06229565115330335,0.017981529167593553,0.12214685147793108,0.019212483982678268,0.28757038305811616,0.4681037286188696,0.01918075945841951,0.0015785037802584954,0.0006400563370135352,0.0012900529658164159,5,5
0.028939387117917784,0.0031821045851148843,0.07491910724415755,0.003955548267811975,0.001088439832522246,0.8802984483799373,1.7871674826290333e-05,5.786911564702584e-06,0.0073683660657648045,0.0002249399203823456,5,5
0.018225329004774266,0.05346533904400601,0.004815842474860676,0.003080972785257944,0.06487167334398977,0.821072812615663,0.02365854651171463,0.00437401327940182,0.0016828440424683615,0.004752626897863616,5,5
0.3575826806454529,0.005482864578346505,0.1190461114662679,0.002970415143645634,0.11187785280829951,0.3876159841088579,0.0011843762424981756,7.775957443689596e-05,0.011585113252044067,0.0025768421801503835,5,5
0.0365360834369239,0.002094573826781159,0.050387682550480255,0.7526636530796775,0.02252180276472941,0.08761872108293493,0.003516681153474823,0.00115753322308735,0.0006141125699782858,0.04288915631193259,3,5
0.03191594837040124,0.016427696268463306,0.07885875152832583,0.006607121779858091,0.03310316238121638,0.8056832324132037,0.0008788259025444554,0.00025916648479468553,0.024456754922977754,0.0018093399482146703,5,5
0.04170942820633858,0.003344092098079776,0.022136874604369368,0.0011466451118884516,0.08970332481262788,0.8265711995319365,0.0028495902730618387,5.0448909797673554e-05,0.012173036724387026,0.0003153597275128977,5,5
0.042491843504594555,0.014495047168737259,0.02582126894660549,0.0022267781460992607,0.22426401509017102,0.6855689712922122,0.0006972823656909423,4.236170279685538e-05,0.0010309940986885358,0.0033614376844039325,5,5
0.013998390007420421,0.005513834504522386,0.21615859743960888,0.002759258788936362,0.019385947817458837,0.6564137134284671,0.011714294504110651,0.006287477158707922,0.003556504734966637,0.06421198161580076,5,5
0.005597554275384387,8.338180980798634e-05,0.0339326183495865,0.021632574043196844,0.0012777719278693658,0.8203904786179256,0.0038773815729605567,0.09405508031703895,0.0013445218091719172,0.017808637277057972,5,5
0.14624302753587348,0.0011411995006713742,0.08419288501728175,0.0025759438209988343,0.0008968026653029462,0.2883944803234796,0.007880013528454594,0.2724241031938613,0.0018795588512539863,0.1943719855628223,5,5
0.049567830080553495,0.000389371783033242,0.4120793817439414,0.15365978712815204,0.0028472710759480805,0.3621029331347491,0.002323504218744965,0.0004859911487090337,0.0015311530917316721,0.01501277659443686,2,5
0.14969240781625504,0.003984391703349613,0.5792733406430761,0.04581396413191321,0.01831768488595868,0.19467716083964481,0.0001349515111715673,3.2088582295813443e-05,0.005194174109231248,0.0028798357771040286,2,5
0.037372718290950104,0.0004660573641695521,0.18909935878580458,0.015714959192406647,0.004164596846290754,0.7431549953494373,0.00059954813803995,6.838442110166373e-05,0.005187457637404002,0.004171923974395549,5,5
0.058708285290208224,0.0028634352554683124,0.018761279939257823,0.010666868961776765,0.06800078204389373,0.8109718017972433,0.007829148238701124,0.0009902823690753424,0.00026645605484975287,0.020941660049525815,5,5
0.002365873772070555,3.1714622468108804e-05,0.0009475088998211373,0.004066998916255601,0.0005610884922733574,0.15823648236937354,0.007172930699355304,0.6953743761528541,2.9560518265101507e-05,0.13121346555726326,7,5
0.03231177339800949,0.00695428652708998,0.11826737116749791,0.006080326692933478,0.1288365216805344,0.6926313472022603,0.0034705918632881648,0.00010240054641397434,0.010615758867524708,0.0007296220544475997,5,5
0.1629739015990912,0.06996465935390683,0.24477629557443376,0.02509206203322661,0.21335849286960715,0.27478769993126395,0.005743668758729358,0.0002964799230481946,0.0007484123791843163,0.0022583275775085684,5,5
0.00919349724360927,0.004641006252048562,0.010720037983245398,0.005779420764917038,0.03687218657997413,0.8438133536738233,0.0019921574861714564,0.0005704047253419972,0.0862052237631554,0.00021271152771362467,5,5
0.3743273377273948,0.005684984466003197,0.12332606930582848,0.004813713159021314,0.0023641597309892676,0.47180723772898964,0.00047699107415854114,0.00022855578151207182,0.011002151532271895,0.005968799493830902,5,5
0.1834027936799284,0.00544680518423906,0.3246619180594865,0.13727304312154992,0.01538923100794667,0.3236897060333278,0.0015812324416059375,6.849526809148074e-05,0.004081173641553371,0.004405601562270862,2,5
0.046426191163354884,0.0024744348181872074,0.01616036156703791,0.000900984413831778,0.006824240709377597,0.9068419619732776,0.0014201448396871533,0.004176515107030102,0.0024533481829941226,0.012321817225221542,5,5
0.36514235618883817,0.000689933219152938,0.2188134226901447,0.004663661815343357,0.0005980542713118422,0.30665195274307433,0.00041525067110334334,0.0014985468944369949,0.00511138811127608,0.09641543339531823,0,5
0.1431671488573519,0.011223933540903161,0.04557767879077021,0.002256661898451945,0.01731903647801947,0.7680280319288223,0.0009996546373873632,0.0017587253779690329,0.0063166300795284265,0.0033524984107963516,5,5
0.019589822793165793,0.0013883839211499065,0.010450283460150655,0.06250604998667054,0.046966523572372104,0.8319392158144282,0.016340091854036398,0.0005071018848275696,0.0005802381109763376,0.009732288602222564,5,5
0.019118286311544906,0.0018701309833910303,0.7249193089650556,0.04287187291608212,0.039121625484927904,0.15365493162472718,0.0005754978768621339,4.78358959125644e-05,0.007996016176320314,0.009824493765176204,2,5
0.03775622317038049,0.00018087583616851585,0.19802417317854598,0.03386354039132275,0.0016344569676650764,0.7152275850521163,0.0025838672609132174,0.0002724409384778143,0.0021006534448881837,0.008356183759521667,5,5
0.17031750304468415,0.002257227261065023,0.4023343562325991,0.14175219046898271,0.036432414117335936,0.2368214842735809,0.002995680781416327,0.00010545984621218295,0.006137668848166277,0.0008460151259574751,2,5
0.16352131820220964,0.007227015843243554,0.6648292986519961,0.06398979413175135,0.001546173734007953,0.06789194691622262,5.5619954844251346e-05,0.00010056397524783897,0.003082036346296982,0.027756232244179793,2,5
0.026020602657426027,0.0001116483446873623,0.022554474120427825,0.03869394149047449,0.03842908628175107,0.802521697965341,0.015342648898777431,0.007772130434545292,0.0014262798898922277,0.04712748991667755,5,5
0.2761756077529862,0.00036053982630776727,0.07847058899108394,0.05536516807344586,0.1112616516863408,0.07586940668740579,0.0045859683367434935,0.06820659352218625,0.00133245078182384,0.3283720243416761,9,5
0.0536819238327932,0.019594843999471364,0.05109215808393255,0.09636833288543993,0.10749265635970137,0.6419600199740118,0.000946036591613536,0.004404545937378752,0.0038549304468802415,0.02060455188877736,5,5
0.46307500223816705,0.0007697271281152422,0.049614937120564986,0.02385768043426055,0.03455472610179431,0.39868675318470664,0.004838004821105069,0.003477029594288324,0.0007497543899881665,0.020376384987009603,0,5
0.02901895623861512,0.0009581124285255803,0.5934319860845227,0.012780184767207398,0.01452549483475182,0.26962343193953486,0.0007960072338543721,0.0021450566589957857,0.056626549629457734,0.020094220184534793,2,5
0.03436651081455751,0.002110365500286825,0.02153540936428995,0.17159167137510145,0.023095002219729526,0.4054530157498468,0.003774386371189118,0.0030741320335858067,1.4487093639686107e-05,0.33498501947777337,5,5
0.08577836940219451,0.0001533635146523684,0.3567987769873498,0.06309086084185282,0.0023216195315821247,0.3647642095299364,0.0935352652528065,0.00444247092214845,0.0028748562064587974,0.026240207811018323,5,5
0.14300761715282292,0.001301239624453942,0.10511058258970674,0.014964423090842591,0.11078353288552105,0.6033184444421601,0.0012990528542470262,0.00032108018866437645,0.005025568100826493,0.014868459070754868,5,5
0.16672293910848526,0.00017185595176935918,0.12391143601741211,0.01922635699258881,0.014056199586004344,0.6575084559352784,0.0003586438533984596,0.0005853488254523793,0.007090117284955257,0.010368646444655434,5,5
0.014913930020798927,0.006469023069152018,0.024199441921622232,0.00480800430090239,0.13195604642609607,0.7702222854103796,0.0014800570020996543,0.0002980737996675358,0.045481966346456376,0.0001711717028252874,5,5
0.03877420119378857,0.0025388561595844693,0.14206368516570317,0.008147956354288055,0.05244193024677353,0.7428837014794278,0.000904463823563752,0.00039110577426684583,0.007777754065400788,0.0040763457372029735,5,5
0.20555336132782312,0.03709029162924562,0.20504499743240642,0.002793903970914946,0.016597074086827437,0.5237225208890446,0.00026705785302299514,0.0001698322351908614,0.007644234821505848,0.001116725754018121,5,5
0.06355640489932475,0.00023422216728066764,0.5246310228158586,0.00836683303252924,0.01844233901951741,0.32139280231634026,0.001712357314422095,0.008899359180936622,0.01672928325191922,0.03603537600187123,2,5
0.013080332482329874,1.6579440182385345e-05,0.011964017862748142,0.0004468734964119707,0.00015875438855179522,0.8560055772741709,6.077514113843277e-05,0.032279070892061654,0.0008504231517659102,0.08513759587063913,5,5
0.03452176617660413,0.0006367365266686168,0.04092882283175378,0.005591360996063322,0.037769628105007585,0.8448320152095137,0.0028374408302242996,0.0007132961176042875,0.012977872410955677,0.019191060795604575,5,5
0.012295614385374982,0.0038939318614559957,0.02330590104357977,0.008385028357877654,0.012454961901949698,0.9329673212647928,0.0011215609744206524,7.459649072799931e-05,0.003365868319608485,0.0021352154002120404,5,5
0.0450962621766606,7.959001596421074e-05,0.5104063417940565,0.0038209281929485663,0.0011714894328686489,0.23684302860483014,0.0015470305051159194,0.05347089328577195,0.009096587049635159,0.1384678489421484,2,5
0.023851458386192237,0.00010136035559743677,0.8041351176852141,0.03987585079295845,0.0005212489077916049,0.12246873344456019,0.001967803164846519,7.807153568517038e-05,0.00033927785901953885,0.006661077868134848,2,5
0.0376801056291993,0.0375547009637061,0.2164424930844678,0.13579546422658445,0.05645278094570444,0.500777101352689,0.010157533533947558,0.0006089170502093103,0.0030852652124632508,0.0014456380010289722,5,5
0.47673099814070874,0.020231123793467677,0.03227851517588424,0.005776698128039461,0.0020579705584251725,0.21249077015793677,0.009656109171348575,0.06948298850522044,0.0027786988019732474,0.1685161275669958,0,5
0.1355754117325657,0.012451363744384963,0.22385467460814265,0.14736816640873426,0.04103059734068511,0.3648524060826809,0.0012880607995296813,0.0021419099994847753,0.00657528798505347,0.06486212129873861,5,5
0.6777294516946772,0.010454595870153901,0.024690389655343804,0.008277413911944056,0.01112450071311222,0.2451402396098175,0.008479030385127734,0.0024717614626300695,0.005414914590696475,0.006217702106497025,0,5
0.013009538031037503,0.00260240459019314,0.012831723252646256,0.001302075331979235,0.004081423572062659,0.9484111488558268,0.0004479344136307274,0.0004419134171843841,0.00526478109984865,0.011607057435590694,5,5
0.21893138373244897,0.0022916609041153347,0.03059554473458918,0.016652080050811924,0.03638118619532601,0.22747949146444166,0.0032271351287066923,0.303495037428009,0.00040498273770842063,0.1605414976238429,7,5
0.11207576271806366,0.0057557465232746605,0.07614406470964052,0.17298073873012523,0.14134070922476188,0.48016148690042915,0.004985881826315554,8.064829343148982e-05,0.0009968459204853291,0.0054781151534726135,5,5
0.08877814149567496,0.0040352606825253936,0.22784624315766927,0.12481845579500601,0.026038630242587756,0.5023515892234015,0.0017439838148724318,0.0002128291895654605,0.001054687010206773,0.02312017938849033,5,5
0.010731392380049143,0.00011896745102804091,0.1084646428565909,0.01825045190799213,0.02459212377261729,0.8104988175865381,0.00044956992462252257,0.0005357680191466764,0.0075904903477644016,0.018767775753650847,5,5
0.13908268997889747,0.0003846784712442644,0.04932057382141976,0.1030900322154494,0.04340047022865622,0.23821888829349003,0.007847037124319388,0.003437028374569901,0.00139153714160403,0.4138270643503495,9,5
0.22658360631144353,0.004823921378172977,0.3082409442967612,0.04463063467941455,0.03933661808617715,0.35649811473916465,0.0013131051567422396,7.182986045797453e-05,0.0157993106908386,0.0027019148008270997,5,5
0.3999180158302656,0.00234808486992373,0.22745595901598015,0.008278582413775134,0.0006440954978271684,0.28370676385089716,0.0004360958023482452,0.0013857288811736528,0.013027298712190865,0.06279937512561837,0,5
0.058892019964138606,0.015392647126392371,0.36937367920848063,0.0027136143799864664,0.00536918424668294,0.542880045035477,0.0001275534078694831,3.056048597235936e-05,0.0026314544909141436,0.002589241654085969,5,5
0.04672033478096823,0.001729507049393001,0.25415637826432885,0.15584157475949972,0.0567523107446222,0.4671417377743013,0.01242209292493969,0.00011290765853575564,0.004015423020270942,0.0011077330231404926,5,5
0.037337517249553635,0.0005532217015104665,0.13232066454663277,0.016350520320872145,0.021805945873982244,0.7824576124660091,0.0004451888577099721,2.9531077594955867e-05,0.007055238399032473,0.0016445595071021926,5,5
0.18651546397617355,0.009072083153889531,0.4321053633041337,0.012118517928205957,0.030282400236911585,0.31847100651175986,0.0006547401650238772,0.0007636863710284504,0.004536793869640135,0.005479944483233298,2,5
0.10420337214495065,0.0041514360881540115,0.2891500994646811,0.044407415709521794,0.05642188891806486,0.45169051694984996,0.0005513074932455229,5.789421276979506e-05,0.047301610018041396,0.002064459000720843,5,5
0.07430216505057348,0.00012264868822290948,0.005366151512484435,0.08287655787640164,0.026675959800984785,0.7762611016329574,0.0072172611837108425,0.005801466931005898,0.0004243870698915256,0.020952300253767313,5,5
0.1328084890374693,0.00994651678176312,0.03494541336707899,0.0011309334786208524,0.006063094551823205,0.7247325004408023,0.00019527980798199568,0.0003144817542004158,0.08949061227050925,0.0003726785097505792,5,5
0.018452882878114862,5.285141453671629e-05,0.0030029372143644765,0.001224091618125424,0.0003195033277745386,0.005947140959710605,0.0006037520210807478,0.9599188098475826,7.886187076032019e-06,0.010470144531634093,7,5
0.1478310042869301,0.00016619807440558938,0.4302418839140259,0.03962772431825127,0.0024469117120351903,0.3524976792718603,0.001744446458742366,0.0006571853800572841,0.006488875122694526,0.018298091460997375,2,5
0.054548554543244566,0.0070950768051754095,0.006713490626034099,0.0038215607249482424,0.19396463222548438,0.679635492128555,0.032468889334100456,0.0035628158620035007,2.4371556637671304e-05,0.018165116193816624,5,5
0.13289570353981844,0.019032454935320436,0.03465074504090496,0.02454319179454173,0.05663885514703933,0.7028475020132534,0.015337565513482419,0.0019245910423465681,0.00803392580825991,0.004095465165032914,5,5
0.0572690529526995,0.0031307430915938246,0.39177670457717534,0.007291217933452436,0.04676415146991324,0.4790035474232753,0.0018008433252020496,0.00017760519476616755,0.0026520056287649444,0.010134128403157182,5,5
0.024908926704030877,0.006200280821163339,0.1111467296353925,0.0015703078453995567,0.03712276845477781,0.8108349751876919,0.00020963924612070017,5.631097867761504e-05,0.005141589034280577,0.0028084720924650476,5,5
0.02783419953172823,0.003764061236359252,0.033442897561261384,0.003496725894346372,0.010023318667978318,0.9140224480859699,0.0013097191737837838,0.00014961286312025393,0.004320940704105194,0.0016360762813473506,5,5
0.01404007640561126,0.007423616490733391,0.1764211431465325,0.0009658488080801718,0.0042777243876224,0.7940656664572681,0.0004652953987516694,1.7323548987574852e-05,0.0020593293713662792,0.00026397598504660695,5,5
0.02806977359898428,0.0008925011244842513,0.060749118992447115,0.0024701138551964626,0.19974900355353428,0.6986895599297613,0.0007825462288161158,6.411919302694446e-05,0.00787284800672983,0.0006604155170195397,5,5
0.17185521137277393,0.0005134268064951999,0.03298773645094825,0.045453434190513925,0.02325362436297683,0.6834538286724261,0.006975554313175858,0.007334893744444563,0.0016653605778989404,0.02650692950834635,5,5
0.031121854398335955,0.0002822800075526571,0.45281806109420286,0.015796941219529303,0.010417638591455215,0.3907451021086173,0.0010528254807913187,0.048918095567140975,0.01616808806021254,0.03267911347216187,2,5
0.017084759468550235,0.0030921937095945446,0.08053261942906953,0.003648878253240301,0.30844699889077726,0.5827286103080194,0.00034486447389160235,2.4392317206679346e-05,0.0022587713524765346,0.001837911797173962,5,5
0.12350846196404451,0.00415119194661672,0.44690079191103094,0.03858973091865528,0.009876491108218194,0.36642653564650873,0.00048322672358582484,9.849656767719593e-05,0.006781023256967764,0.0031840499566948687,2,5
0.01220900881177946,0.0008810225024421404,0.008755769732805715,0.006319367737934125,0.06868756426996367,0.8430162338619278,0.05360210176131617,0.0017851696957899418,0.0012840861359205444,0.003459675490120528,5,5
0.027023617048214817,0.006236647496484611,0.12116396704224665,0.3736018254186571,0.106697904311732,0.3155672258649129,0.01836465873379111,0.0006790053913097404,0.0004404484238237729,0.030224700268827245,3,5
0.03156339733823242,0.014877701016769796,0.026245743358080238,0.029260072696662302,0.10890507449871774,0.7782128460362208,0.001421232923114593,0.00010022725376830879,0.000770719406880686,0.008642985471553111,5,5
0.022852875872282408,0.001547193740422004,0.0020420200938154427,0.0007247186201576586,0.003464112134473115,0.025836898833466432,0.015533833727103798,0.9125275477258492,7.504679438772691e-06,0.015463294572991303,7,5
0.06624800762248527,0.0054272750016721855,0.04549772725875363,0.009314497296571819,0.045214511414899024,0.746353458390924,0.06645558081226244,0.00022530829457544446,0.002334910155312858,0.012928723752543142,5,5
0.1367665375784109,0.026037197034596504,0.2708963002187864,0.012118576733426801,0.03877819918197286,0.4924532521793361,0.0005940899086219103,0.00012250541147172908,0.019656357079449266,0.0025769846739275965,5,5
0.0426143914725266,0.006680491565734614,0.19841978730780754,0.003592846329349314,0.162386054424752,0.5734602446394061,0.004625124752187752,0.00016499452725027842,0.0042275511530990555,0.0038285138278868662,5,5
0.02400816304573098,0.001010789074492198,0.058936306226299966,0.12624012674159843,0.051064446263371,0.7036263843526467,0.02984271714273092,0.00025201049875300113,0.00137807380931732,0.003640982845059395,5,5
0.14294751047198603,0.007181968936775845,0.09928544346375792,0.004515411942929275,0.03492951518106276,0.6911000650811916,0.0005828731848963036,9.731423203666321e-05,0.0027326176800094503,0.016627279825354155,5,5
0.02043411169525277,0.003034743282487099,0.03177294970146803,0.004531774882249981,0.005323098492515102,0.930664108986236,0.0001606744850637503,1.1950247661534729e-05,0.0036897832116503724,0.00037680501541525736,5,5
0.03886401096225521,0.0005891735116687257,0.06118200741929081,0.02341960284362909,0.020895728355190858,0.8448473493436908,0.00043017402582408513,0.00017228720032856626,0.005306690233590787,0.004292976104531042,5,5
0.38282272051578264,0.010840981666747415,0.0712001065018503,0.009513026075883673,0.10608990804253354,0.3943398188859135,0.007426364676482276,0.0023447434983350965,0.0026723232278833596,0.01275000690858822,5,5
0.051479157917169685,2.560412848736487e-05,0.0009724981715671284,0.0004877672691699725,5.299744239159408e-05,0.0052041899241468,0.00023773754754658686,0.9285489439208532,0.00011878246323728018,0.012872321215430178,7,5
0.019094753972229803,0.0003953809392957728,0.003549626815267712,0.0008268796827659716,0.005864920465280757,0.9513829290436481,0.015926805395453908,0.0021144575636759724,8.023895260785175e-05,0.0007640071697740641,5,5
0.0502728130993797,0.00022481466278953757,0.046417792613349634,0.0025807351168637043,0.002362091379714186,0.14197161842777054,0.004597710063321795,0.16672665944828846,0.0004363097979555862,0.584409455390567,9,5
0.03297445380808928,0.0006633059672542757,0.16119632562647412,0.06625305525065303,0.01840980652374552,0.7073635992691527,0.0013231499391844937,7.383947249284592e-05,0.00897704237927852,0.0027654217636751233,5,5
0.012846397668882702,0.004770033634247383,0.0036248362175860236,0.011438163421086656,0.37944523048446144,0.39323757817212207,0.19273624550483567,0.0003098706925568833,0.0001120584495936788,0.0014795857546276,5,5
0.04924096175810785,0.0007552882238715512,0.07620276228380046,0.06042057904282282,0.037651668455542214,0.6818397057483668,0.009620019873101533,0.013925080305898207,0.0015081067057815985,0.06883582760270684,5,5
0.02338271876486646,4.754596337909652e-05,0.16250570310313764,0.0016341482313329194,0.0010114923338813884,0.6144224584672644,0.0034938197088253543,0.03732489518383056,0.0009198884503099792,0.15525732979317222,5,5
0.07197402363931318,0.008115828617155332,0.1426048091178388,0.004797376779262612,0.00716908138653477,0.7477391175418918,0.00016479850506228932,5.832743045557972e-05,0.016217121262592074,0.0011595157198934342,5,5
0.060968596738595705,0.0013611013022533792,0.16356439509888848,0.0025033494440446615,0.06867377584026277,0.6974702576815719,0.00030462155552166234,9.519984724261639e-05,0.0022549218157708684,0.0028037806758480525,5,5
0.05700990850588278,0.011780349314530102,0.08553358881300564,0.013582630996206754,0.5719317425407382,0.2421046925769984,0.016530119178622592,0.00013751230853302599,0.0004781785468919984,0.0009112772185905005,4,5
0.6454632639263329,0.005997303184124562,0.12477727292714177,0.0025161767514286356,0.0035308403085650697,0.16070703486401272,0.00018943867419046975,0.0029301815888044245,0.014716435784218915,0.03917205199118058,0,5
0.08815865507104646,0.002564847999640535,0.07448527808879182,0.002165842704517854,0.018110945836239505,0.7603895201797631,0.039027671480989054,0.0007686470967458363,0.005831176470228919,0.008497415072037044,5,5
0.007129275141901313,0.0032415051421736717,0.026533160143926596,0.0006855649445149836,0.7014714104013913,0.2485902652083795,0.007448494159747668,4.5022433976818556e-05,0.004503333928021464,0.0003519684959667705,4,5
0.03283865994863072,0.0033702729776219987,0.1333838604694482,0.12080316875202621,0.009530694199058908,0.6698519865372562,0.0023554249928211387,0.0010409590373157622,0.0001069305987786591,0.02671804248704229,5,5
0.09607398314995687,0.003662022073310579,0.06900864950337818,0.18146184921905667,0.14900701983717907,0.47192142923790614,0.010986233896312942,0.0004902346503290059,0.002185411696146611,0.015203166736423928,5,5
0.059278541667605364,0.024774685248564507,0.042843495598828614,0.06665645928913116,0.17267362881519022,0.5904214645910948,0.02843509384053003,0.006808131279145726,0.00018701682880528794,0.007921482841104279,5,5
0.024938042849695058,0.0008208663638629358,0.2194948608255862,0.016513334160686247,0.004460156342343562,0.6810303979635218,0.003272998174105776,0.002282195231115805,0.023935884285165465,0.023251263803917118,5,5
0.029037795003959185,0.006156352548963896,0.25851462828010063,0.004625827888282471,0.1132254873597453,0.5719816439892049,0.0009882509639208821,2.4547383401245546e-05,0.014464478709279017,0.0009809878731426318,5,5
0.04889108927807115,0.006488868825886215,0.0679576995542671,0.020037463112484062,0.1294858297366613,0.7145817680157812,0.005427562850693427,5.238975569455349e-05,0.0010078926564323126,0.006069436214028667,5,5
0.02540192097665924,0.007730684587517167,0.008946854750178384,0.0022172736222090955,0.08830713420533168,0.8625910774049054,0.0005197022557862726,0.00026950214850287056,0.0001837293456153401,0.0038321207032946656,5,5
0.04664272409144743,0.004096133935209099,0.03705144375983406,0.027684828608453435,0.03359028109712331,0.8403000947062844,0.0014651034422437624,5.007868509758101e-05,0.004508799720562638,0.004610511953744257,5,5
0.06716169094385835,0.0034188532564895426,0.10850618256286977,0.11537786511969655,0.014031632684572975,0.6772961255849184,0.001578190480992194,0.0004637470052892179,0.002763463525124386,0.00940224883618886,5,5
0.014771333867502888,2.2559441465076835e-05,0.16163484696680813,0.08400281838214822,0.0006654104703219027,0.04546962033113617,0.004106504658472971,0.01359270069223667,0.00234994086373889,0.673384264326169,9,5
0.33807315085228945,0.0045548779810328,0.08566127203712107,0.02096746812967374,0.026927064280344915,0.30733912663256424,0.00013355564349967896,0.0002404224967052911,0.009331310600369992,0.20677175134639883,0,5
0.017116648889054644,0.001302124950361559,0.014012960521952916,0.002216780483363668,0.05347788747174109,0.8932948133022239,0.0160734181907443,0.0004449411270683631,0.001003175080552486,0.0010572499829371372,5,5
0.037806927050866045,0.06886886996679968,0.5615379541297302,0.013019807198736438,0.021543886658041297,0.2661094911869913,0.02303158295319524,0.0005138183475810182,0.003112049362464373,0.004455613145594317,2,5
0.021408052525735397,0.0027140892567962386,0.014892295713862662,0.0027296029728431158,0.18421035637717015,0.7680533231528528,0.0010189443329116559,0.00014794833563947494,0.004641984852144234,0.00018340248004438363,5,5
0.037314316962447316,0.0009688464476389184,0.292605782109332,0.007617698292936921,0.0019069311135340452,0.6284599462538999,0.0006840369474969302,0.003987668059824026,0.007069559318045719,0.01938521449484423,5,5
0.518275674370306,0.016797482033633064,0.025157378910614717,0.02425642733831698,0.07951440061423916,0.2975391680244487,0.014128614992869614,0.009750049793361413,0.0003171391211912505,0.014263664801019205,0,5
0.060157259392642624,0.0042641876583995935,0.05517776817858644,0.001672503531374759,0.014431356938135565,0.8572952276504282,0.00015746199700387262,0.0005136145223289476,0.005159150061395847,0.0011714700697041495,5,5
0.30977702985166305,0.00019497699680217674,0.0759987109901225,0.01618333303993882,0.003521730854791778,0.4772623243444331,0.001535893998640154,0.013072490639016422,0.0014994716137777765,0.10095403767081436,5,5
0.0631344951944285,0.00782551136937913,0.08924489012651785,0.0010031794862108774,0.01598277096857347,0.7972329681331801,0.0017470454985498481,0.000125489509265771,0.020443106360780616,0.0032605433531139013,5,5
0.014473389337515092,0.00021717716380544172,0.44815431302727593,0.014294839581920902,0.0011028717813271831,0.29560290724459753,0.0010578456388559603,0.008407920064822114,0.005450036666201973,0.21123869949367788,2,5
0.8286384840217662,0.001513463207243257,0.012602238778370446,0.0010861043901577486,0.001603909086953118,0.09644359123683391,0.0015635311644051847,0.047797192353823986,0.0016502880979959603,0.007101197662450183,0,5
0.04039150831928962,0.0022650527987988956,0.23455647679316463,0.020043695020469515,0.007753347005875137,0.4758925594009786,0.007242784404636108,0.020921982940683936,0.002256059665651156,0.18867653365045228,5,5
0.1788990669371619,7.492315103263578e-05,0.035512813365139305,0.000912431822277819,0.0024557716661354314,0.537511678647173,0.004205694979762784,0.19828338658393085,9.381640611651543e-05,0.04205041644126979,5,5
0.02968995711453928,0.00366805508634254,0.02693952723652999,0.003993199673354388,0.01983278156657699,0.8951694062891965,0.0063835318259250675,0.0007509833275233197,0.0010592750764057918,0.012513282803606342,5,5
0.013431687335196917,0.023420831793208842,0.002387773075900376,0.0038500593637939566,0.09957891765241199,0.8487800403602686,0.00465321609738092,0.00022067445892346826,0.00012432403285395503,0.0035524758300610987,5,5
0.011211135675114205,0.0009661022070473553,0.015466988208873133,0.0009022450960546068,0.0070455093649696085,0.9576143608628791,0.00023812313951641103,2.7860267168216635e-05,0.005657070874812303,0.0008706043035650408,5,5
0.03157864348489366,0.00016571634930128703,0.6668382439407082,0.04631601913000994,0.001082609595666428,0.20968567575902525,0.0029093962519205568,0.0014066571445024698,0.003248291839393638,0.03676874650457869,2,5
0.3416016217652423,0.0038215273684536247,0.21350495999730348,0.013509229833858912,0.09385203013339524,0.31377033937692456,0.0002943093632101257,9.089120051706258e-05,0.011118709180782796,0.008436381780311933,0,5
0.13084839245019442,0.0015242795822726174,0.5869731525462936,0.021915140039640228,0.02197396950413972,0.1964588039881734,0.0015162112399681267,0.0021829009805964823,0.015643405648608957,0.02096374402011263,2,5
0.05353342378932775,0.0006616061831409244,0.04690722658169014,0.0021281096728001576,0.13135084074225076,0.7075258119395299,0.001682257518910799,9.454715570872402e-05,0.0007496813951253807,0.05536649502151537,5,5
0.09679757730302976,0.0006741369078004504,0.043422944514556805,0.05102007872648284,0.11320985498040138,0.6642316834087819,0.004285846505873685,0.0027991830692226487,0.0033425648507648966,0.020216129733085588,5,5
0.002522543949561081,5.257404569918124e-05,0.04064640139586008,0.0008786515511257967,0.000679085491800094,0.7756148983937795,0.00016557394278061274,0.09165640244011014,0.0019212567370771787,0.08586261205220644,5,5
0.02320000926301309,0.005519871200074904,0.01772407297615588,0.0024858366358484147,0.4781673304154169,0.45653071571795495,0.011675815822665272,0.0005758872300238129,0.0006785110883282675,0.0034419496505185016,4,5
0.15268047732080928,0.00039514542496613174,0.2003629752358094,0.1885853842815882,0.027416118379442862,0.40015671410143006,0.002421727335565016,0.00038065028316281607,0.000476122051295529,0.02712468558593068,5,5
0.13881980922989184,0.0013174231981800844,0.5794886177313489,0.03511284744712746,0.008215814679199018,0.22337077638105113,0.00015929631786117262,0.0003457142286412243,0.003667947081415419,0.00950175370528378,2,5
0.17376675788711626,0.006710212553659244,0.6567559490599026,0.0012540064202996534,0.005885602441307376,0.1490891435545016,9.924040836333485e-05,3.520594530114835e-05,0.006162355314563804,0.000241526414984911,2,5
0.08594914753647764,0.07141796285978742,0.279415453453575,0.11824541304071556,0.23065229046799895,0.20346541185902578,0.003671943984653477,0.00018961981775966118,0.00319177648609242,0.0038009804939142786,2,5
0.0332409407347032,0.0186947752300424,0.030419555236313105,0.007520181993632821,0.03300374643794307,0.8660979182555526,0.00028757354812522826,0.00022975750206286522,0.008515614677301933,0.00198993638432292,5,5
0.020829730619613622,0.0029020431155087887,0.005000531984357049,0.0015373113359592042,0.2688021158978074,0.6624891885430099,0.003763838543397572,0.0006727754251382714,2.402913509471068e-05,0.033978435400113506,5,5
0.057956278835529534,3.93081931497786e-05,0.16635277203852328,0.004194368161341258,0.00607773522854527,0.7176489946467518,0.0007204955213288269,0.02118623335466402,0.013079711138812313,0.012744102881353974,5,5
0.02476350928689973,0.004583850900483196,0.07162968972669399,0.004085053571134659,0.10613604992881658,0.7836022815177299,0.0011765683921730178,3.393288289384964e-05,0.0034836083307916285,0.0005054554623832801,5,5
0.15017831774214752,0.00236512565628773,0.4842186791525406,0.027337897935096334,0.012925727698697353,0.30594777287155234,0.00023383299358313147,0.00012601018298377616,0.011695091827350242,0.004971543939760942,2,5
0.4619175588370965,0.12627741213984806,0.040436936133346375,0.040610592699151266,0.011316855875433214,0.23728290275196934,0.0019910536994718086,0.004588297671880419,0.0074409943325539065,0.06813739585924913,0,5
0.007016555482560154,0.014841618310798891,0.014562870645513978,0.0022734013784994666,0.2158209271799497,0.62635343076561,0.08962156598112118,0.00035152932407032255,0.00015750611359688718,0.02900059481827938,5,5
0.03631665827344952,0.0011533490112790937,0.1754859837067984,0.013087451637735515,0.015301244630634774,0.6971185958750804,0.017175666250673002,0.020689039689381208,0.005150660935165447,0.01852134998980265,5,5
0.07748554782522878,0.000661820555256626,0.09797765433156519,0.5732588863428343,0.03717397903553081,0.16273530558732854,0.006120473538163521,0.001587841962653153,0.0002327163700533672,0.042765774451385755,3,5
0.05765059508397386,0.0029719838947403912,0.02705041945275959,0.011539150086092905,0.016179340585653984,0.8711506273921134,0.000557668537297679,4.352947884962082e-05,0.005885263137390995,0.0069714223511277,5,5
0.05532403945844774,0.0012862514048645258,0.047300949395696554,0.04153712681581208,0.05344445481066592,0.7769891440535645,0.0028723756407533544,0.0002880497709722284,0.0022419040255434956,0.01871570462367969,5,5
0.036310088104870214,0.0006886754347997879,0.10640059559337517,0.09379408458217933,0.0054153058815077865,0.40529219193939214,0.0013116522096570697,0.005546442628929999,0.00037951025769814223,0.34486145336759044,5,5
0.03680086094966373,0.0032083519717413973,0.026895286890473203,0.0025066925313688283,0.0199881297381039,0.860764935116174,0.0004327995099193693,0.00017061032548558032,0.04565350630026855,0.0035788266668013236,5,5
0.2687399343977053,0.00910553176947479,0.4675704978835897,0.007509954069312003,0.0068204017852609156,0.15505640714408017,0.00015416840836266795,0.002981848356165614,0.002556153503599151,0.07950510268244981,2,5
0.01019437078187067,2.833802982685768e-05,0.005636024938523211,0.000255822773139317,0.001336417926978802,0.5884931456827377,0.002308033583694365,0.31640529464404943,5.479528283044329e-05,0.07528775635634917,5,5
0.049649580630052106,0.001095755160433797,0.007010852459608131,0.0042004134493033125,0.009123287188594951,0.90838364332956,0.003062003078607699,0.0009749969474114009,0.0012851463392206494,0.015214321417207868,5,5
0.08024495063572165,0.006705036922666266,0.4816501878142602,0.009545185996359444,0.03328937036361673,0.3819372019294436,0.000457572181191492,4.817283328808481e-05,0.005334810034643437,0.0007875112888091839,2,5
0.3334740606998784,0.0024799368943612546,0.26854755830811816,0.01982335975067417,0.020452586353137604,0.2559905072463725,0.0003980214428055997,0.00022571112186692488,0.015394173749454912,0.08321408443333048,0,5
0.03228117532138664,0.0004206598366871717,0.0016449380824541198,0.00167453030706359,0.016333793212618887,0.43072623462767506,0.12919640336267596,0.3687726441948336,7.790821864570107e-05,0.01887171283595941,5,5
0.7879421464344782,0.004670020365773712,0.035012797996793674,0.00995722760466454,0.008873876039285543,0.07712665014351042,0.00016508204881983315,0.0008993357315780293,0.008390859377358383,0.06696200425773767,0,5
0.12480418320450115,0.02702730206198809,0.16262376487992733,0.003447780579690825,0.027290670860898585,0.44605612487724194,7.344687442736221e-05,3.542344273625964e-05,0.20840644786420626,0.00023485535438209242,5,5
0.017585653192465987,0.0033350684882247628,0.012078407536890247,0.0011160902392517104,0.04041350484892637,0.8146413408027133,0.10716770931058542,0.0012952580294017762,0.0012869856561225552,0.0010799818954179427,5,5
0.11987305640759544,0.016887209358867256,0.14816223944936668,0.0024177529322431976,0.06208217294333733,0.6424663527285013,0.0005058548385849148,8.064925696405578e-05,0.006092075004235866,0.0014326370803040677,5,5
0.27446546885204726,0.008387159899747464,0.1202480503176436,0.012710061423394295,0.0038860141814950006,0.563583711800708,0.002476221113995368,0.0001930744531023962,0.009727050735522273,0.004323187222344328,5,5
0.09926616214106007,0.003714365624964868,0.08665585305808828,0.103052537234248,0.3253303726568543,0.2560416184763193,0.017023803437911846,0.041580000416727825,0.0016294511814488404,0.06570583577237682,4,5
0.39142805428857586,0.13998853718499335,0.060453890167563654,0.17153272830143135,0.0059450848414807885,0.21152696557604947,0.004008918901726653,0.0036875759559666654,0.0020721120648853845,0.00935613271732702,0,5
0.06266869756392328,0.001101951751374088,0.0578427848716957,0.008692619711506309,0.0029713839806805513,0.4805076143255834,0.00028264593386747694,2.8142549060176816e-05,0.3851545626861249,0.0007495966261841143,5,5
0.2416569512927024,0.008512648513403324,0.5484497244603889,0.06206184376800546,0.035207339620887054,0.10186309674140401,0.00012459475064032773,2.7254252277077375e-05,0.001702786491854473,0.0003937601084369332,2,5
0.15275727487632124,0.013564078415582279,0.040425655954222955,0.002835722441349917,0.012975869944125275,0.2810259006288443,0.015100257372598187,0.472371399379754,0.0022014986763636635,0.0067423423108382485,7,5
0.36864983753318953,0.03773700256754205,0.42949550654792845,0.016784910632610874,0.008097197622075867,0.07738174025028229,0.0002006408886745528,0.00027087175645856804,0.05941280624089683,0.00196948596034107,2,5
0.35988755834080377,0.0051371993855594865,0.1628220194714735,0.05405961499749119,0.024339484745821482,0.26924367164236174,0.002985423456861441,0.019350574669427873,0.0035451440206157245,0.09862930926958387,0,5
0.03238890720075603,0.00018162122731271485,0.23304059767483642,0.048632739829787164,0.0022776782768489344,0.5500385088162404,0.007056990440321483,0.0036228256142005113,0.0011972416671740128,0.12156288925252244,5,5
0.6216958625004877,0.004954158353543616,0.12194099234483792,0.02388716486540418,0.012460006333817811,0.17813586040247895,0.0011879142976411782,0.003568232973992891,0.0037252154074714455,0.028444592520324587,0,5
0.0809159421510616,0.00017620801921023753,0.00805644478384001,0.08712153989913646,0.030427599232225315,0.062459330941192825,0.002111574762259677,0.011204410129200055,1.742273861187999e-05,0.717509527343262,9,5
0.17773507554660112,0.02214278863237875,0.20458178146359846,0.06877761777075488,0.027141054464737302,0.4871997667873748,0.001731817888357857,0.00011905159912452261,0.003505215783773342,0.007065830063299099,5,5
0.2421655504196395,0.0036835180859093883,0.11600841983374917,0.1712191305219249,0.01616345146261113,0.31596179403549085,0.0024758055172695425,0.012731082817927356,0.0026978865615055036,0.11689336074397275,5,5
0.16530855141832995,0.002416729192158079,0.013435222649938367,0.002423885951479354,0.11825182587537114,0.6914301033574491,0.0018510724885478463,0.0001628531005357527,0.00089895369087653,0.0038208022753138606,5,5
0.02729626558424573,0.00013840775921628335,0.20778562408830004,0.06247800908364538,0.000531501225724133,0.13006269798849324,0.0006695222559179315,0.0001486652008627356,0.0004374056525440697,0.5704519011610504,9,5
0.18724902086967563,0.008957555848410993,0.09816665373475708,0.048666388396689124,0.027943546397905382,0.5914709679316774,0.0025787425267485503,0.0019698596480459698,0.014817857498826113,0.01817940714726355,5,5
0.14902355253998903,0.00011136769238163016,0.011869089442353414,0.011676676261997693,0.01642865308960519,0.7434936028265776,0.0014022694242345043,0.0006133526049726179,0.005004601131375495,0.06037683498651286,5,5
0.04152532200921075,0.013883473626119906,0.10740487332783591,0.002955699507095069,0.007452893496099563,0.5907732538836403,0.0002819057248780615,0.0002603694354927445,0.23538303453568402,7.917445394362081e-05,5,5
0.29242662285877974,0.06856132873042455,0.28058380684516504,0.10599908307107983,0.010818290398778043,0.22156717527308942,0.0007767482811783899,0.0005680380798752175,0.008408902636620391,0.01029000382500958,0,5
0.058246618847574066,0.005323270100561838,0.02467289531879869,0.00897238669296773,0.36667542068113235,0.5224313877710138,0.005405343347414887,0.0006882079808458963,0.000384582461007642,0.007199886798682986,5,5
0.22206665091826056,0.0021129935495012987,0.03314315583670633,0.0030691229498529915,0.014068544088799395,0.6306706289884567,0.022379635126777875,0.005047189527102366,0.009937729394797989,0.05750434961974467,5,5
0.11496812193307815,0.00044468398001277007,0.03826892845749601,0.008910706961383068,0.04615420022123139,0.7582778750386523,0.00454847589244689,0.00020283715519692533,0.020059365918749926,0.008164804441752743,5,5
0.13217483414797696,0.0025911795208476084,0.02907836509942488,0.008836484994118092,0.008803503383983339,0.7999064595597599,0.0001315247868394264,0.0005461251188796091,0.010317651659796786,0.007613871728373477,5,5
0.0711256702634621,0.0004281493495974489,0.24568168427730258,0.029933603039543618,0.03743969294058273,0.509576578437391,0.0019311795790340537,0.00011462659018861292,0.09976186475919495,0.004006950763702975,5,5
0.16268261555336094,0.007882527305586522,0.014410304320319948,0.11756672740960247,0.2065047996744354,0.4514171721993113,0.013226092398751318,0.0011417789192003996,1.8192699893396986e-05,0.025149789519538036,5,5
0.08723163879696813,0.005265789623901407,0.7432727106958529,0.0809170334031163,0.01984411166876559,0.05131402451405647,6.921019360187862e-05,0.00013541735191840076,0.0012343371340785105,0.010715726617740472,2,5
0.03561589522752809,0.0012886835344208328,0.09000148870944272,0.032770321527050686,0.03938206229562261,0.7184984476012191,0.010636081974599625,0.003543161075577902,0.0020137025255521487,0.06625015552898629,5,5
0.050523974585293334,0.0004408248305090907,0.05502542832632902,0.012797895960370854,0.025724969588118183,0.8446240628646643,0.0024508396243699358,2.4451933872462092e-05,0.0064636570624628095,0.001923895224009974,5,5
0.09730635219956339,0.002014986050342344,0.3922955604400128,0.0074634243301979816,0.07295937229723506,0.39177258078859645,0.003032596868564805,3.595275411208961e-05,0.02553476505604372,0.007584409215331416,2,5
0.4472372539115203,0.002302642339279466,0.4284610995673316,0.00472703384691946,0.0037723485023033743,0.10389622329949315,3.778959280902636e-05,0.00014239193005345535,0.004559611388751113,0.004863605621539153,0,5
0.14784736144730554,0.001176526127076225,0.6788639134159199,0.04748698680297845,0.015488099441706945,0.09042392421369978,0.0001533182520636355,0.0002746696374196539,0.0013003632243489386,0.01698483743748103,2,5
0.01126280278800661,0.0020596544081501263,0.013013767826178507,0.00440126490303933,0.7264881432262772,0.22471998348500552,0.011477016451368742,0.00018856300452979968,0.0022260500775430616,0.0041627538299014305,4,5
0.37535687765989256,0.00502672149512715,0.1966345084675301,0.03569380580033923,0.014766444458347867,0.24178583549943325,0.0002464807779669645,0.002638888620441762,0.005133000248334257,0.12271743697258693,0,5
0.08576411946544393,0.0033325571603805898,0.014342530733296093,0.00862088823943509,0.015171750549165159,0.7545244612962576,0.014610355585431733,0.08586344959714223,0.00011607877453184934,0.017653808598915795,5,5
0.30564534284089695,0.002317051781679626,0.017912642902020253,0.002145743375522941,0.06889672482570713,0.3484969477908181,0.04251011335175775,0.1324431326514447,0.00012181197311419452,0.07951048850703829,5,5
0.10309898852336503,0.0034910487316714076,0.5301867199925029,0.031850075122249674,0.0068644208060395775,0.3116490859690055,4.098970321654824e-05,0.00012588483470877526,0.009149883231007759,0.0035429030862328265,2,5
0.01625211120079306,0.003281810864299498,0.011704508385104685,0.001979027722706478,0.599778975809999,0.3541543406922718,0.0017635673771174182,8.470313751902251e-05,0.010367379908980815,0.0006335749012081836,4,5
0.021065790788987515,0.011166588390615491,0.06016161277477543,0.002602323059483495,0.2643926028452035,0.6299018227704503,0.0005003574134452514,0.00012665192914373144,0.007016746528691642,0.0030655034992036244,5,5
0.4633196266482962,0.006563367046551709,0.011603825889672886,0.0017364787652077013,0.0014235490456077538,0.4699021077858952,0.0005060136829953568,0.021376051540871542,0.013875411973870887,0.009693567621030907,5,5
0.15869062626465813,0.0023824333942952846,0.141616241916611,0.0022343618380988835,0.025357781984626192,0.6361511078528463,0.002609533280259001,0.008483747603373452,0.013867766547520827,0.00860639931771092,5,5
0.009994125892297074,0.007262738871737751,0.006419132800752025,0.018752073966990395,0.399166576444882,0.5204730680949223,0.03633721893067069,0.0001363688805829788,0.00028305491812296457,0.001175641199041596,5,5
0.04007923770597945,0.0023670182069500255,0.049587706060124095,0.0014953103168051066,0.010493086362352659,0.887705526690209,0.0001622339345683974,0.00037493779918694784,0.004469939521264842,0.003265003402559517,5,5
0.2423228480697522,0.0009571087780430353,0.10233638739827142,0.01834073216028024,0.0008175315967719548,0.604787900163995,0.0015896881847125752,0.0021354570611212564,0.00885926979251249,0.017853076794539853,5,5
0.1941079770774982,0.0035800402840189087,0.15638377112851426,0.17359908448959746,0.0037632539077298846,0.37016997862483747,0.004993300848855834,0.018776419904649184,0.0007236235814198757,0.07390255015287907,5,5
0.18490634315610854,0.018031098244720392,0.15080451459738123,0.034148534952688235,0.0065429349538656655,0.5427078330780764,0.0015418583253434892,0.001371493262967984,0.00179184722449655,0.05815354220435148,5,5
0.14382196463362354,0.00913535724815022,0.2731552658597662,0.03635819079793989,0.01947700375474491,0.49833697859241916,0.004287377270733388,0.00039876916380157743,0.010513011736807538,0.0045160809420137105,5,5
0.26547431360141593,0.041150185937883284,0.1224516510626443,0.10231809650762054,0.013588812760507713,0.4424639306078665,0.003779937531253275,0.002434405766534885,0.0005369685393321299,0.005801697684941418,5,5
0.00836339414336362,0.012809807449021885,0.017200045305530827,0.0013898826925417484,0.10991140924734938,0.8477839084690393,0.0007044597853965337,0.0002027723675966327,0.00028925536639192866,0.0013450651737682772,5,5
0.07247153493679878,0.04465491139896165,0.5573252137357029,0.015459385212978915,0.07117939767920559,0.20973416083904028,0.02159127122846484,0.0015172485927247047,0.0019982164152977967,0.00406865996082473,2,5
0.17777051962704205,0.0029973858539449,0.15335814987977386,0.07117203578344754,0.01393335854296591,0.5677158369269263,0.0006915513824632809,8.751815020342844e-05,0.007676683779294636,0.004596960073938179,5,5
0.12166713022500028,0.007748101073722273,0.18976066916996798,0.019894314371184475,0.01340371670800169,0.6244007289757876,0.0025668839349428786,0.0007664529112338754,0.008080230838095939,0.011711771792063027,5,5
0.01080134621620118,0.0011871821290861382,0.03407906977444656,0.02647150796853975,0.21336630233698714,0.6904240192487203,0.019795782989659366,0.0001368307329327813,0.0009246176780186768,0.0028133409254081122,5,5
0.008229661184076326,0.013020151419037833,0.025092593797444475,0.0004996749078946629,0.003686800904452006,0.9396517769718546,0.0017500178028218836,0.00016493937597827487,0.004970839398277183,0.00293354423816278,5,5
0.010082977663703082,1.831817920902326e-05,0.04444839743734334,0.0004453300583384741,0.0010346057618445962,0.908881859942552,0.0005534213703957401,0.006656997801942829,0.0047348129369623095,0.023143278847708608,5,5
0.06951367627580789,0.007853417246022149,0.11684017351104574,0.008702206296183184,0.034908413342022174,0.7495789850495849,0.0015726177309213591,0.00017753856528253056,0.008360280697075407,0.0024926912860547155,5,5
0.007672574714639042,0.006205587282412764,0.009701381275785962,0.004333791340802374,0.08210023590557256,0.6635530045262678,0.21168689306893418,0.0026236293115826457,0.00028521341662246546,0.011837689157380234,5,5
0.1439821999731714,0.029341164137561132,0.5558621675796218,0.011603483910393017,0.020977697063387056,0.22803101446404325,0.0013285839294495884,0.0003513726344500465,0.007107937800594768,0.0014143785073280075,2,5
0.010235662108283564,0.0011141633837783514,0.3173038013082213,0.007826511425897506,0.00044201735631237225,0.6201676154932791,0.0009510700289923407,0.0027819505901807992,0.008419406292022638,0.03075780201303209,5,5
0.10329066706575687,0.009558504431732843,0.021790500253242216,0.0027558640220788884,0.000554113906038759,0.0987127101172092,0.0016733207555119079,0.052523982693652785,0.003215809448736992,0.7059245273060396,9,5
0.08380836351974089,0.002444051470243464,0.35028058936508877,0.027623287441935755,0.009419557628023507,0.5013147946268866,0.0015794130507757985,4.7159642198102314e-05,0.008894528215943057,0.014588255039164121,5,5
0.10588613644102984,0.002397189103124449,0.08014694430427419,0.010082958646664591,0.12961855297869315,0.6451366768156879,0.009065469232466764,0.002475531498386108,0.008881765812901534,0.00630877516677165,5,5
0.031618120954810716,0.0037239310346552394,0.1442096097809593,0.007027179496148461,0.0006142633305473848,0.7592086156720975,0.0016712804399336087,0.006309299744668685,0.022374665403461648,0.023243034142717504,5,5
0.048869913644594996,0.0003260425910663092,0.128236984577102,0.41544369066287,0.1020750471333811,0.1678861260376563,0.006694190193994981,0.0015428269163534894,0.0006836458875143488,0.12824153235546654,3,5
0.08679900755080769,0.007362728029665634,0.42728600503801983,0.009743022200914497,0.009938839756851416,0.4420437125414454,0.001201945997449478,3.57123723271885e-05,0.014022598803081196,0.0015664277094376772,5,5
0.08217773062203468,0.002741431423410296,0.02132197627883231,0.0015913407839144608,0.011611122080963359,0.8477895379828202,0.004043260996611514,0.0024699966593514366,0.017199624391071134,0.009053978780990643,5,5
0.08045107530165108,0.0011586025960295184,0.20811117926686495,0.5002861505387148,0.051249590870612524,0.12229406976231322,0.00039095634992959043,0.00019185083282497711,0.0011932441665592844,0.03467328031449984,3,5
0.05149163868986888,0.0001786661717510223,0.7598273047745375,0.023700688821076822,0.009342077477256912,0.14865811627367845,5.095183688757216e-05,5.984821413228601e-05,0.0039180337114888796,0.0027726740293217175,2,5
0.0838966014295317,0.000719175218347931,0.073913464983123,0.011411491414624176,0.06557916335470176,0.6469587254162426,0.04368734668749796,0.0319091687646867,0.0006468296386617512,0.04127803309258246,5,5
0.0031861740501558664,8.403492637092512e-06,0.0086436978445205,0.0006147863794262348,0.00031637211695267247,0.9651998794832977,1.5716683450595282e-05,0.0028727724683780547,0.006526398010138358,0.012615799471043087,5,5
0.09421969453634223,0.0011874958893213171,0.4418924411067709,0.09248132941118394,0.11436101409153121,0.2280290533580066,0.000586740213359938,0.0001861747187727197,0.0011860953376267417,0.025869961337084503,2,5
0.04730986972341333,0.0024518177027904836,0.46535209495843394,0.15336404561626107,0.03231261257680913,0.2876231337535572,0.0024342415201711867,0.00015418964065045784,0.0035989161312300656,0.005399078376682947,2,5
0.005197472000097599,5.746087082298225e-05,0.017650129951542828,0.0006742864442639576,0.0022256791550150376,0.9616923884961139,0.001222972314733712,0.0011930276856833765,0.0015463288755740638,0.008540254206152521,5,5
0.024487055329825543,0.0004051226302065024,0.02635170189539085,0.029760912138721403,0.00620358981536008,0.09558654936866319,0.005376186808589671,0.07870579363346848,9.029012320069738e-05,0.7330327982565736,9,5
0.04579080685909841,0.0029208301731856057,0.031037636827569527,0.07395904562066806,0.09020837399354652,0.6632737144869135,0.05402699001082853,0.0003507629994287564,0.0009387142729791574,0.03749312475578205,5,5
0.02788750557748461,0.002863507581619696,0.0062734603433245995,0.003209729022918989,0.31720599011617373,0.5841597427808394,0.002244623690849122,0.0004992210510095821,0.0008455199126721834,0.05481069992310792,5,5
0.006272028764471112,0.024465284568399775,0.02157374085781393,0.00016490238853232147,0.003743956340211014,0.9397882576288826,0.00031754203902542447,9.660596298174669e-05,0.0018297735472577932,0.0017479079024243995,5,5
0.04317967310962044,0.03467089244511793,0.2461845506629543,0.004359254739612757,0.04910662962147822,0.6122143361745012,0.0012769161284520172,4.657302880342383e-05,0.008398972391108518,0.0005622016983512914,5,5
0.09681896542276149,0.002450022436859621,0.03739295831237404,0.00728874925559028,0.001650909609776349,0.5783967775545283,0.0017835430671931732,0.05624253157146957,0.0019350555307435812,0.21604048723870348,5,5
0.02057606565926735,0.003528924670927841,0.08672473384412212,0.1194961200766832,0.2894975270374185,0.4631801569820527,0.005801505806707415,0.00016477503485260085,0.0010826843382821113,0.009947506549686144,5,5
0.1563023014551607,0.00364055033187258,0.09213965959053921,0.013048769533183475,0.05260577320951975,0.6700374302463569,0.0004479855381036783,3.8737645487901626e-05,0.009178962684349017,0.0025598297654268022,5,5
0.7233946825366547,0.0009041274977643902,0.0033907863318844707,0.019012017658663328,0.02634717220163443,0.01918077182024733,0.005955606710905217,0.1634605441007555,1.2330131113393568e-05,0.038341961010377346,0,5
0.023785451791876307,0.006598399732775506,0.021993056656860008,0.014496716315344929,0.5603972902843005,0.35079416709662775,0.01794578393447102,0.00011746899569929253,0.0013440467552059251,0.0025276184368389315,4,5
0.13713858920934835,0.009715588973764774,0.0174172065355585,0.0036690390819827503,0.10523408257062744,0.6686183870503974,0.016204401792000084,0.002528908240145933,0.00022185203347822115,0.03925194451269651,5,5
0.03937679495493666,0.0007421744482352803,0.02512535320457948,0.001038625608558024,0.046377375418159714,0.7956313495086408,0.0014132198914294384,0.0002199974408472412,0.000750199555430486,0.08932490996918283,5,5
0.07037615845595518,0.0013599212986020784,0.04005881226765885,0.015654884937834738,0.005919785986706317,0.587320985797176,0.004206361950965961,0.0013209209024894345,0.2718870409988005,0.0018951274038112539,5,5
0.177738437172924,0.008670330737525104,0.5080970297987293,0.102165887743986,0.009677808515751302,0.1781111139345252,0.00046316497424554954,0.0010198260187113922,0.0022612072547003705,0.011795193848901745,2,5
0.020395990429759293,0.00404194762772099,0.047373131171837536,0.014356430725802855,0.025725040225418327,0.820181245629899,0.015391938687164385,0.01385536975858453,0.018693116160261734,0.019985789583551232,5,5
0.3356204558228147,0.0017216110330110588,0.13277737738403664,0.00900167124319479,0.030775582870314858,0.4708642199631457,0.0022834402295414135,0.0011967372759254013,0.00648366937947167,0.009275234798543905,5,5
0.08791756326004753,0.0029130400224524795,0.2775156974221459,0.09402829263111989,0.017504444257191824,0.5087873215866955,0.0006714970189866162,4.755521973950614e-05,0.004848751817152626,0.005765836764468178,5,5
0.05547843176716122,0.10188765542585057,0.6791812195799689,0.018176207119991558,0.011161132035988768,0.12945303999795746,3.8669125518637475e-05,4.5584516106733084e-05,0.0028839009584225757,0.001694159473033421,2,5
0.6214193887180552,1.664117392190324e-05,0.00224786126803283,0.0008825189137569739,0.002023456216394979,0.05039781902421549,0.009731495218210342,0.28418019266936306,8.019923687302275e-05,0.02902042756117633,0,5
0.0842519421426221,0.0008346907528922125,0.6352251730043827,0.04543790077978318,0.0015800905701860877,0.06695805323085254,0.0009820740889005001,0.0018731765457475113,0.0003029746324332044,0.1625539242522,2,5
0.18246953294466556,0.004444708504622011,0.030982849109203302,0.004516945242636461,0.037863643713900774,0.7313343689443923,0.0009161356540539178,0.00032620835162625505,0.0031013934842112215,0.004044214050688314,5,5
0.04569495699636146,0.004625460189313147,0.07776924327012617,0.005643214955582178,0.06112057398727866,0.7983086016139941,0.0014471937080340975,0.00013126256296871317,0.00303849696676879,0.0022209957495728334,5,5
0.10524924522934502,0.009258606750469455,0.617017023066906,0.03416311954400128,0.006443034866406853,0.21482741027435132,0.00014425665487710496,0.00011222378799200292,0.004900163310012384,0.007884916515638721,2,5
0.10359897569055905,0.011433022131840803,0.0777366870238513,0.003077869576161519,0.014092241055323581,0.7833914474272413,0.0009780612724654063,8.029895149214032e-05,0.0046524229700356245,0.0009589739010291212,5,5
0.02308952091560736,8.24694828005652e-05,0.006499118974648111,0.0004701931374357851,0.00026223585845195035,0.021780894328395552,0.0004380613687547563,0.8651283337937438,0.00019941632614590288,0.08204975581401634,7,5
0.42153169983547395,0.00551952062642679,0.13306549350420474,0.03649313059519315,0.005284929914723626,0.3454838918946854,0.0001635802506945619,0.0002609637375503883,0.015249016997011228,0.036947772644036245,0,5
0.030620215813671213,0.00800761221099221,0.055735088585338384,0.011869795709934466,0.06111608365864089,0.8171678467902971,0.009477957760273497,0.0018429957078630987,0.0015758772465708651,0.0025865265164184354,5,5
0.07794657341292642,0.005027411564186933,0.050289425307662255,0.015331398154546474,0.022565780447028214,0.8132073616398864,0.0006529612107467315,0.0001343940870126185,0.01263916401444248,0.0022055301615614715,5,5
0.00276370347358861,3.304951421848206e-05,0.019381442065264008,0.0007273783606163783,0.000865011448763301,0.6739069831360477,0.004141379740272926,0.20125233946946192,5.3794752516127855e-05,0.09687491803925052,5,5
0.038732674884772736,0.007217149876110739,0.29849528938317693,0.003630798476962324,0.017083117572047325,0.6258243959458316,0.0006858211510530525,2.633251753350407e-05,0.007229323701538124,0.0010750964909737935,5,5
0.020009159788807785,4.2823680595854515e-05,0.06416894578840134,0.02024361218169504,0.0029471082031077467,0.7520588783297274,0.0005409887268340313,0.07546925650992971,0.002304278824903268,0.062214947965997774,5,5
0.1332817374069422,0.0024398756869141096,0.1268550721213157,0.036527689651824555,0.030010635602058487,0.658665664479663,0.001804909929842568,0.00014251220335685847,0.0070896007896063505,0.0031823021284760594,5,5
0.04481375317650792,0.0009016538031940027,0.17120293286097696,0.022333985987823143,0.02415028380799688,0.666667109473381,0.05545251656926279,0.002350052746415993,0.0018445727540818734,0.010283138820359394,5,5
0.105335330670003,0.000492769539459419,0.016426489199964554,0.005325705742013438,0.02599574334422565,0.8243995582836147,0.004744637605491874,0.0007217756142490423,0.006910662162786503,0.009647327838191824,5,5
0.5483698522784319,0.006655588564414486,0.1430952153426578,0.0051231416234885346,0.001637858308835033,0.2622398966449901,0.0021380724332517955,0.006053225736355235,0.00832989300587571,0.01635725606169922,0,5
0.08758596178385049,0.000579470631384529,0.6041310033028239,0.05446848555516668,0.00025335926397818755,0.2431390371746457,0.0009969224234131218,0.0012363184973275367,0.002771878880597316,0.004837562486812689,2,5
0.014357989101865021,0.0008779615912406887,0.0662614117095431,0.001218469615755759,0.5979422337469242,0.3152611563595202,0.0006745138834091996,2.3432590835547637e-05,0.00267993378554034,0.0007028976153657618,4,5
0.08043566906438329,0.0014005228297592172,0.06149833642074988,0.04811617616898156,0.06300090138439879,0.7221548268055036,0.007442376255661997,0.0003596798058593864,0.0055431092042491316,0.010048402060453217,5,5
0.04844221455906175,0.0049402648100082165,0.0177461424394697,0.0055069550378211585,0.3262420038379724,0.48798839326672916,0.02036163840147523,0.00386233302792428,0.0002280267352757487,0.08468202788426223,5,5
0.07707582870758081,0.005929739584678862,0.030630704083933653,0.012365902413755736,0.010457243241542404,0.8519925538005764,0.0017057517827843694,0.0006605190140052609,0.004902395283481112,0.004279362087661318,5,5
0.06612481051512256,0.004706895285750353,0.08591746191413918,0.003968050358922269,0.007601432781973108,0.8212166331995936,0.00019422778368092386,4.904248362861316e-05,0.009270951578881897,0.0009504940983074015,5,5
0.14172740083694407,0.004167761809286213,0.04731083378904395,0.008985604267726974,0.07801535860502247,0.707047285470172,0.0017345462669012312,0.00010292214053858705,0.0019861091368359356,0.008922177677528457,5,5
0.08969564616907649,0.003278873610322793,0.6121097554115148,0.14762375817718298,0.009198655198010502,0.12585846509184592,0.0006770347245304243,5.319482372563338e-05,0.0054553596784579945,0.006049257115332643,2,5
0.0697047946646468,0.007835081412236973,0.005446456240637184,0.005381037846735188,0.35799303883658384,0.4690292543258604,0.05925445573153601,0.009276150965062164,0.00012631547121769906,0.01595341450548373,5,5
0.02057648097095539,0.0006790361521025289,0.5134152740311005,0.05255568913654997,0.0034952968973353845,0.38087503333008355,0.0004720214651777788,0.0005359552125294022,0.018117295182878558,0.009277917621287149,2,5
0.022416826303046807,0.0024371577676391342,0.40596702762129067,0.040714565882110594,0.17719334213580798,0.32945603105727206,0.0019002799089947548,0.00017534233473299123,0.008815571995424095,0.010923854993681079,2,5
0.06017799526049495,0.001741489265394163,0.13409335293537375,0.056731017752218275,0.007394552408966992,0.6677767966910185,0.0005412562053395452,0.0002017372770140591,0.0604631799230506,0.010878622281129104,5,5
0.0207067309223066,0.006473575694734127,0.0433799170435214,0.001880425795668049,0.12458257623406667,0.7989992422941412,0.000113703562205441,3.1216317095962146e-05,0.0009179703634641569,0.002914641772796555,5,5
0.06804185768001283,0.0012486166082053404,0.06658134511004817,0.056273525933535413,0.05227779833697638,0.7155748492466835,0.010760723289087372,0.000985834423995158,0.024814355538413456,0.003441093833042477,5,5
0.0943502117798245,0.0001773197164952889,0.08863495740558455,0.012116240420327537,0.003139189529726417,0.17983103786619237,0.0017082324835922028,0.0026593746118942557,0.0036056918909730066,0.6137777442953899,9,5
0.04216904595513979,0.0020416891047297814,0.03587181668830151,0.14483315919581605,0.08648604606616084,0.19435370191288506,0.00957780909289326,0.03697506918460157,1.8011580876229042e-05,0.4476736512185959,9,5
0.08956870181443356,0.0016738528512614571,0.608371037157904,0.04177990378183351,0.028529405549319466,0.21910152498359303,0.000564753551558323,0.00013398407108447318,0.0003391171904984254,0.009937719048513725,2,5
0.3540094996822132,0.0018413086209238204,0.03522967769764433,0.006745157613225076,0.017695639050549213,0.528547761312611,0.016280071334709836,0.001076344230851323,0.0012183236162868786,0.03735621684098551,5,5
0.022622725920406647,0.0005577618575934116,0.6731278377780869,0.04859203332011664,0.03289249190758546,0.16977575484519014,0.0022250126926764446,0.0005777484815354611,0.0008225320315095339,0.04880610116529939,2,5
0.10380252048704913,0.00014706891938056548,0.4545256095864078,0.010586318328047732,0.0013572569707270934,0.2678282434086941,0.001122370693095602,0.007083199584197378,0.0027645248304776424,0.15078288719192307,2,5
0.3721465556855953,0.001530959465401984,0.036584831343697014,0.012399744712718727,0.006969721442880256,0.5198170632396507,0.001320467459916008,0.013563643212165927,0.009086502311182016,0.02658051112679221,5,5
0.0793885288437304,0.0039648781653996035,0.5782092161698724,0.0071355217462303906,0.036300359631751954,0.27901991193959014,0.0002649448356078838,0.0001274870449855616,0.011343055255170535,0.004246096367661149,2,5
0.5534856333689011,0.01026075958818936,0.06310148633696623,0.010288071821504135,0.015408995559380889,0.3155529074767425,0.003942357296576854,0.002407270218273936,0.0032182819516806804,0.022334236381784296,0,5
0.008810390855572881,0.0005861522867558876,0.005897550142721357,0.0008985406117041114,0.11731552758922457,0.8377846252699956,0.01703629433394006,0.0008974530025338122,0.0006764464588900076,0.01009701944866169,5,5
0.035070582427129085,0.00107811177929944,0.004112847305061959,0.0011662760774897286,0.24470375428942356,0.7041788871156351,0.0005761178553475029,6.098636945135616e-05,0.00015106086962676573,0.008901375911535461,5,5
0.033930432623458955,0.0003175624997379134,0.12061803984001043,0.02105904978764482,0.0170909983072526,0.7883584551011084,0.004011461462532985,0.0005386432762760714,0.006881551623864704,0.007193805478113055,5,5
0.04038292103075595,0.0036166929329868344,0.32184487821229624,0.05050118700021387,0.14395356888937583,0.41990339808871935,0.010218066246531909,0.00040492857881096306,0.0007056729986878651,0.008468686021621222,5,5
0.0005612467183764682,7.985276680559188e-06,0.0007662498913599586,0.0017713630108847581,0.00011230278275807821,0.03261253290583832,0.0007548744024256612,0.9501850312260629,1.7545029958281172e-05,0.013210868755655185,7,5
0.08002462563954439,4.372017755618078e-05,0.04233437281212425,0.013257520683401159,0.0007976877660217584,0.3222234060149116,0.011665828662849417,0.046309517499943026,0.0006000862969976694,0.4827432344466505,9,5
0.03445190689386593,0.000979276933685421,0.04311249882981032,0.013760908753090679,0.02880342093398722,0.8123135945662816,0.04879015011625887,0.006219463816214693,0.0019856465760139915,0.009583132580791418,5,5
0.020930310178303713,0.0027611282101840193,0.004793363524345264,0.0038564047961155874,0.04500450570718393,0.887751434876576,0.017005929333764293,0.009417774032645543,0.0002709707479348777,0.008208178592946836,5,5
0.024598518936593504,0.0004219949269549425,0.014625127227094381,0.5401190560691371,0.032590247582711826,0.04490094300845085,0.0036488229344534065,0.02712641205451198,1.615089992158343e-05,0.31195272636017024,3,5
0.06374514633973662,0.002708367863138513,0.16689201668799009,0.00518136078767891,0.061007873528017835,0.6855418849254301,0.0010761132517178255,0.0015880928746902234,0.00824312027428693,0.004016023467312975,5,5
0.041494869173439496,0.0016056456271359334,0.060070291325033075,0.007952737735261197,0.0270193707643028,0.8532634616378768,0.0008520347218995167,7.144087314496113e-05,0.0017970991262973696,0.005873049015608993,5,5
0.07413697887362244,0.0011930755750597642,0.10566904621022641,0.006308183747950028,0.004901082575990929,0.7851174122077529,0.001085819161963628,0.0027709692840710933,0.015428096683677422,0.0033893356796854913,5,5
0.005431983125494451,0.002794039191187104,0.0024497206545916294,0.0012374053157622176,0.020457585376857233,0.9648744038011183,0.0003630804897880089,0.00021864147122323426,9.52544554008758e-05,0.0020778861185771873,5,5
0.3127854504171885,0.0014380209888089873,0.015331290434145904,0.032909767705168215,0.15736758102524803,0.4129459807464333,0.00923323991636452,0.0006080397793516381,0.001995997699497933,0.055384631287792994,5,5
0.025973697310956625,0.012769026641579667,0.08839899004289643,0.0054082088281439,0.014699850647206341,0.8340202168362661,0.004006275728791295,0.00015980944762413772,0.009701733606131035,0.004862190910404584,5,5
0.0685926067453447,0.0002670724778974374,0.4441573983407618,0.048846590701056763,0.002539456364225754,0.2846109507503136,0.0003378373856917825,0.0012761481377353227,0.0002468862868301197,0.14912505281014274,2,5
0.0674280448071216,0.0012939094840746772,0.04420082717748142,0.002309896674444464,0.07048350940978215,0.7978879465175165,0.0013654855938242127,0.0002686300087232576,0.009942276443611626,0.004819473883420256,5,5
0.016594655163937204,0.0022517425256097937,0.02897810107439632,0.0017004588083483056,0.026003385952483565,0.908713347003155,0.0004798898705606328,0.00010401131252376392,0.0076070308177639216,0.007567377471221364,5,5
0.11847173177003556,0.0011990445173451578,0.0633832012018227,0.01695738060988508,0.005743584419310451,0.7757579428710023,0.0008756938084259863,0.00428054567271608,0.007476513494437424,0.005854361635019251,5,5
0.14676745819325096,0.021241662135413713,0.04162667984603442,0.007222677456427255,0.018876493141602203,0.6692467998293705,0.012440803785784854,0.055380781344769515,0.0007428814252197804,0.026453762842126857,5,5
0.24769022179545302,0.026373672063591348,0.21731393231967844,0.005720070258141877,0.020780640541462628,0.4613934108508441,0.0028745073902797227,0.00037881179768024093,0.009274280839283656,0.008200452143584907,5,5
0.04032274818823121,0.0027731884504546196,0.16886337839396126,0.0019046939393679684,0.005937182105130041,0.7259347647954456,4.6731397548362296e-05,4.129457141714469e-05,0.054028169767078416,0.0001478483913655009,5,5
0.034346086555445694,0.003417364585917544,0.015772732274189193,0.016815276105469523,0.02046346375583803,0.9021102331070041,0.001800774688195268,0.00014533315700953353,0.002786270761453412,0.002342465009477806,5,5
0.5148130663447325,6.651194462803458e-05,0.09481307641328257,0.0007526207609356532,0.00020037886203898612,0.3099220427035247,0.0007836922586241301,0.022985803068153537,0.0019859708805385116,0.053676836763541624,0,5
0.04658485401114658,0.0042085675455093615,0.014635629128348081,0.0011929172114174607,0.01185676312943092,0.8631325478535986,0.01855483106576448,0.03264587868973551,0.001073347624687976,0.006114663740360991,5,5
0.23090524692983116,0.0020228094249144417,0.19757436786901003,0.027778975691718305,0.022014029634067515,0.4888678691218288,0.0006215856990008804,0.00011121639177095392,0.0224406275761792,0.00766327166167885,5,5
0.01824193089645567,0.014050997743459845,0.024239765417537116,0.026678733934357157,0.307906670292052,0.48716853073855226,0.110445996787521,0.002215897242934939,0.0003683514848564484,0.008683125462273563,5,5
0.03499254653706199,0.005658406886368876,0.023210154479115376,0.0022762980456066924,0.0019365417452984507,0.11604448248167154,0.0010616302108025226,0.00011009401072279356,0.8130048823610108,0.0017049632423410987,8,5
0.032877596328314565,0.0005612896924500029,0.26570383589446495,0.04487331344196291,0.0009558810022986517,0.5781022917932369,0.006398926077097914,0.015044239352443117,0.0022869804101794686,0.05319564600755164,5,5
0.09077184142551198,0.00018859315961854673,0.004008459599560116,0.010385111658798667,0.005788759837757506,0.843659531695712,0.012892650844869988,0.002589345719412884,0.0012044492546626443,0.028511256804095667,5,5
0.021253318800982475,0.0017407490733230184,0.027960571494565052,0.07425053035919214,0.06859646732133515,0.7275986525858296,0.04582581397546431,0.003794023157243335,0.00043591363073137496,0.028543959601333536,5,5
0.485076707240441,0.0031546161914668574,0.11622453650288189,0.10019612073718885,0.018543422113255287,0.25419136571523887,0.0016487928776297454,0.000876720286303318,0.004492429640220697,0.015595288695373412,0,5
0.03766308141100347,0.0005223345064547577,0.21599510791228183,0.02371183306505132,0.03214283090908598,0.6214253525041015,0.03406003363673615,0.00042793748822594576,0.03075558097603725,0.0032959075910217158,5,5
0.1237814501075984,0.0004267984774327334,0.025800411359555374,0.004398109873856414,0.005552505893090686,0.7393412533808849,0.004440002278318612,0.007783437912537298,0.03909120984444242,0.04938482087228312,5,5
0.010358169120215904,0.02227676803166532,0.4421832139673749,0.00895520925748241,0.011313552091238539,0.46646462526268173,0.007355037290555831,0.005900465023500945,0.007286387188594881,0.017906572766689506,5,5
0.054385239625706516,0.0010498454877333097,0.04963125336282904,0.010264238401200434,0.052384713985627794,0.8247631889623556,0.003618844718807578,0.00011830536924901582,0.0013564512812987337,0.0024279188051922764,5,5
0.06460240730655871,0.00907544674282049,0.05826548399042538,0.0022103838707621705,0.009669968646348328,0.8046193550610685,3.465936944243887e-05,9.812727879972132e-05,0.05124744905377196,0.0001767186800025299,5,5
0.23301713162315238,0.012758061786683265,0.6088142131042533,0.005952121134668117,0.0034394386790227672,0.12548639966271782,7.347788967159769e-05,8.665663574444788e-05,0.006871693002792643,0.0035008064812937136,2,5
0.1671389448772515,0.0037520629431200517,0.3766284548794566,0.07352207036697514,0.006255646309473375,0.3225919141896736,0.0024619414720706144,0.006513961865494878,0.021678803574127867,0.019456199522356436,2,5
0.04396520027539591,0.000603368985352415,0.021605837009586536,0.042432330028706736,0.0034811435852667018,0.688013937008989,0.002700888712217909,0.1412577150915678,0.00018745988150859594,0.05575211942140839,5,5
0.07338536823038092,0.0002932944009742686,0.03331270331488968,0.061525022237746245,0.10003323694363882,0.6931326293112707,0.006896996856648651,0.0007879422149590505,0.002199084819806801,0.02843372166968471,5,5
0.028868729014369682,0.0009326855528602027,0.1874660559033851,0.011139490683202042,0.005174485663571724,0.630379507903213,0.007519842701619723,0.008283563567005079,0.0034819403371924,0.11675369867358115,5,5
0.14075304937274963,0.004709192507968903,0.799359905021817,0.006226014044163256,0.004354088139244139,0.03105266691320899,2.551232012983058e-05,0.00012394127504180592,0.006772157795561444,0.006623472610115001,2,5
0.4018130514341949,0.011588996732567271,0.25069835810709135,0.03476656173366781,0.0015809350610549054,0.22913802872447392,0.0046531509625339865,0.008947227616050178,0.017051384944651263,0.039762304683714486,0,5
0.08924300051397809,0.0680607530513972,0.3123412338510046,0.0019196865345526724,0.012017171140692891,0.5086131361833988,2.5236392085412464e-05,2.1737785958280106e-05,0.007674413177399824,8.363136953243968e-05,5,5
0.04799808068140077,0.00014457771615725398,0.008391547658333639,0.04276126959900052,0.009228831831333172,0.12228784302773207,0.010336121607331637,0.23813915078677278,0.00024237446013843683,0.5204702026317998,9,5
0.02707947148691532,0.012165645066855923,0.02950335146498444,0.0051571330242740476,0.23023518552250571,0.6536984362072917,0.025570846216923505,0.0008670828434313921,0.00024334996438422842,0.015479498202433608,5,5
0.10836585991186129,0.06898478338450627,0.16720304139231623,0.0013937831665279104,0.008824433528927013,0.6326793273964779,0.00011893061086300959,3.3949413492771744e-05,0.01159247302277163,0.0008034181722559982,5,5
0.19778136621149206,0.0005015449723931753,0.462359699985933,0.03922498461065018,0.009896041351227389,0.24735659140093005,0.0011475863690220073,0.001121714637502009,0.004819328016818651,0.03579114244403153,2,5
0.29603752598107647,0.0012716525455309308,0.16991277274197011,0.00550492222904257,0.009048576062697067,0.41642238558606887,0.0001723604115233865,0.001278772291302143,0.0780744285118572,0.02227660363893131,5,5
0.22930755550059917,0.005165504277397362,0.26294674367328097,0.0016648163852344105,0.00527700887888104,0.48001887255534864,0.0006388289927981294,0.0008975517431455048,0.010258131510418288,0.0038249864828966834,5,5
0.08315018865213011,0.003445900581994418,0.06406886206476427,0.0009591345443446856,0.003434936872616724,0.8342164715210183,0.0007886239113720169,0.0005703345834237425,0.008589225823736907,0.0007763214445988432,5,5
0.10522986664025909,0.003933719081390905,0.09324359914855988,0.02594870542675503,0.026100658246557436,0.39322626596048926,0.01859294756343876,0.08078405380664204,0.0012914068314914331,0.25164877729441626,5,5
0.01546734333449995,0.022038441491969617,0.013857219730296723,0.011366163219063162,0.0279392140461927,0.8687940030323169,0.009224513124254125,0.00045787098611321624,0.029629548314304668,0.0012256827209890116,5,5
0.02905549318549776,0.004681956192516079,0.023971470036055625,0.0011919660476917917,0.05413043646507164,0.8791812414958076,0.0017277789353500705,0.00017045946138344445,0.004474787243858829,0.0014144109367671626,5,5
0.03484421210491273,0.003879980299119226,0.02116387895665044,0.006190281869977923,0.021326580805525595,0.903665450836828,0.002058071405290055,0.0003125965517612145,0.002848571360177034,0.003710375809757604,5,5
0.18982843094496615,0.0006430004222312331,0.01991089396883502,0.01856480608564464,0.028744372689578017,0.7004409371754958,0.017169114023223218,0.010061681772706886,0.0013610017516816572,0.013275761165637372,5,5
0.014319534838201461,0.01944654254472641,0.01372610116858251,0.0019091005716797725,0.039003466149692086,0.9052119414611308,0.004781458678830456,0.0002423094226198094,1.1196712387819346e-05,0.0013483484521489104,5,5
0.023347955768108702,0.000521461838545129,0.07305206833975544,0.0416361535535969,0.023139060789332467,0.7655433709239421,0.011082756668575415,0.00346469786502684,9.84571336200537e-05,0.05811401711949714,5,5
0.06314162957562477,0.004923428565927666,0.5738167549500968,0.03540262964885964,0.06706576283111121,0.2329878417564283,0.0021341915476517106,0.00013056379975012535,0.015245476521482238,0.0051517208030675615,2,5
0.022189681796510412,2.0532181381146406e-05,0.014273371946221573,0.03315951456610859,0.01862978703236128,0.7012765605843032,0.02677509389289623,0.006456381772799323,0.00022692039811572008,0.17699215582930244,5,5
0.09233600564209485,0.004509773749070649,0.15658416181591164,0.5391937024440423,0.0625391008956454,0.1329993721692284,0.0006274533242783144,0.0003759926378984101,0.0026190054602041623,0.00821543186162603,3,5
0.014075980754580553,0.010526744986088306,0.04004305251505554,0.003306503066868285,0.11221925977895718,0.7392753006735074,0.07770875397327531,0.00012233751381518935,0.0005161415482586738,0.002205925189593452,5,5
0.20498622796276306,0.0030204811871688527,0.05350214905767002,0.013863760668733571,0.0051002792950546,0.6589684432697838,0.001692105397027802,0.017358431825354865,0.008702232241658817,0.032805889094784754,5,5
0.16272649514459467,0.0007463442122292459,0.08361350749501702,0.0059432115101596735,0.008905300054491685,0.710329698992638,0.00046125510580184075,0.00034734792402485264,0.011413244431892249,0.015513595129150782,5,5
0.0835381263877204,0.0017179751989431292,0.019278190631349057,0.0009877680104874386,0.0057650662653125195,0.8583316954256777,0.005711181101958524,0.010833036744596998,0.0010111598133102126,0.012825800420644103,5,5
0.011247606508415105,0.001859961934454544,0.003754867844999194,0.0009281370289965019,0.009339009769106899,0.9635095856305359,0.006510002180989535,0.0011876918320929686,0.00018709222091510642,0.0014760450494942254,5,5
0.25075693148133105,0.03125315430550669,0.10346102687631241,0.00413050531477467,0.006675463148057986,0.28676680210421474,0.00010358884798276665,0.0001582928292889509,0.31605910757413763,0.0006351275183931355,8,5
0.040415928760475145,9.191459959307723e-05,0.01170660617361984,0.001537076570860521,0.0012745774259769404,0.022281109960641504,0.0061099348705663595,0.8575592459968564,1.4859723864640237e-05,0.059008745917545555,7,5
0.6582058676706523,0.001586403059794793,0.03251332949380287,0.08937230292500564,0.030212803011227182,0.14539836216102608,0.0006925640282831758,0.005167279252853836,0.0024907312299851103,0.03436035716736917,0,5
0.004400127127908026,0.001327133193564693,0.001824933652938279,0.0012833580881906747,0.004730906635981155,0.04221153948759173,0.15325187225376288,0.7874628093885276,0.00014175459824647353,0.003365565573288363,7,5
0.006508525236699551,0.00280678935214192,0.004205010719863457,0.0009114860573027322,0.6369115944462255,0.0863770047536615,0.25955990918705646,0.0006579687225007494,0.001438125467504718,0.0006235860570432286,4,5
0.06681180068498403,0.005041875118031466,0.02459478691481545,0.00269376763569171,0.17726317639681213,0.7077211337351547,0.0040982108624224136,0.0010288399688392817,0.000421779752353523,0.010324628930895445,5,5
0.19784847094591823,0.0021890693216930373,0.304375667361105,0.008014553126266312,0.010328198342704332,0.45404153896552985,0.0002797458963877948,6.16036953479815e-05,0.022408418220302262,0.0004527341247453845,5,5
0.04475484141813696,0.0008190117717397606,0.08793709498782418,0.007331599955715755,0.016446039064977366,0.7495998721769803,0.001576639662668591,0.004765134213036622,0.06368617031589886,0.023083596433021727,5,5
0.02309714116943775,0.0074522851981523,0.0496868061019443,0.0014689379793918981,0.040748929033960136,0.8679945739959177,0.0003885577962223488,1.672985445119365e-05,0.00894921709944018,0.00019682177108224996,5,5
0.08397527622088792,0.002529938155307478,0.09372316296837876,0.012160171417545029,0.14927640186025343,0.6371547175226911,0.006901663222945769,9.159883450390694e-05,0.005840087188685278,0.008346982608801375,5,5
0.03370650138763017,0.0011648060486332409,0.01498675602502242,0.0012813261419598878,0.015024032593858191,0.8901539678105704,0.002264970001135319,0.0003697705467983237,0.0020602959284265507,0.03898757351596557,5,5
0.045807905469785824,0.00423799879414678,0.8946649882068987,0.017949706029415483,0.0004608268063659457,0.028904373703854756,3.9798436831504875e-05,0.0003818680309768692,0.0009260619028784809,0.006626472618845766,2,5
0.14751078441284726,0.005987204131250713,0.0764569464243672,0.0040503131427553464,0.12095690925560594,0.6327525566255685,0.0006477796656772195,0.0010667231862336642,0.00475811583312422,0.005812667322569794,5,5
0.1340267825696445,0.009507568425202974,0.5065830473452813,0.030373876078622644,0.00884404837010573,0.2694599141305108,0.0002550860565365917,0.0009093528661279115,0.00806927570371342,0.031971048454254164,2,5
0.025411451076269836,0.049119555808215094,0.04659889294940289,0.011057389248606688,0.7264753236356121,0.11815142501897034,0.013529336234070408,0.0007088154222428253,0.0016904195737315456,0.007257391032878549,4,5
0.02254164088021481,0.0006567599301577109,0.7155786947320824,0.01254673009821974,0.0047721099309009155,0.17144317167599166,0.0021460365692452243,0.025936614971268424,0.011612183970863006,0.03276605724105609,2,5
0.017154145459429095,0.00039459791086803795,0.006450780410343181,0.004279914292905971,0.0003867541211990391,0.07099332780237244,0.007475132445773301,0.8154387230132631,0.0007262569548260792,0.07670036758901984,7,5
0.40828173728356665,0.00047765896521268517,0.11539614125064396,0.026321622426700594,0.008863557754567427,0.3279087370824918,0.0010793597093698782,0.0020078011660289927,0.0027627972680133294,0.10690058709340475,0,5
0.019969769820130916,0.00200263847270354,0.15324167702815505,0.002326926844546858,0.04671994508569002,0.7695361691998939,0.00010011596702906255,1.2527013087972743e-05,0.0029014555720039146,0.003188774996758825,5,5
0.010477755195474014,0.0016938432564399739,0.005268838175605815,0.0004937347579168374,0.13269642481547966,0.8319616391054173,0.0031140549239070036,4.2301265044530404e-05,0.0004805387736674715,0.013770869731047427,5,5
0.20017812108288163,0.007638160667288951,0.12749087383404406,0.01224206509106762,0.002203484422733624,0.5584894854669298,0.0009950773098309914,0.01723138906847297,0.0021739487761087495,0.07135739428064142,5,5
0.02161368377230064,0.0015282112177666066,0.05078674466397759,0.01857844292012265,0.05076888112675812,0.812267396216698,0.021424278148977974,0.00010348812563231337,0.013205941969653018,0.009722931838113116,5,5
0.01142950175375408,0.004984198560931761,0.012381313031622768,0.0023737769099322218,0.009797021893081084,0.9537014261390875,0.0008275132802456626,0.00017302453431410875,0.002991653167861745,0.0013405707291693051,5,5
0.021281850347672653,0.0013290968737355018,0.2196526964594258,0.01277929971000636,0.0025438769276639297,0.6942342585504253,0.0028547904688001847,0.011826307045495997,0.004232142776889984,0.02926568083988436,5,5
0.22549267233306033,0.0012082653120981516,0.319790380263029,0.009066223054138633,0.012711759913716671,0.40023750784732176,0.0006990635850095983,0.0003187964733749448,0.0042402454775780024,0.026235085740673007,5,5
0.3730586782445831,0.00394286241883963,0.022632296054823246,0.022945255397048638,0.10329877037287537,0.4530676889437308,0.002418560385570114,0.00022186083241524144,0.0019346516058136123,0.016479375744300417,5,5
0.027643741636890023,0.0019651817254892896,0.01724446254110815,0.0032046925578421764,0.39681798516203315,0.5440356571834101,0.0024542179225999564,7.295138498141877e-05,0.00046144896486460135,0.006099660920781062,5,5
0.05280914760285503,0.025121483409869076,0.08847903463028642,0.010909356985369576,0.007397490027523506,0.7844427238236567,0.003479429120655046,8.301716030950158e-05,0.023679813843520216,0.0035985033959551106,5,5
0.12212366139843608,0.003923034552764365,0.6604453071091234,0.11338674387840342,0.00531075749851178,0.08275639915281849,3.252722146564937e-05,8.048592725721127e-05,0.003800353351903797,0.008140729909315787,2,5
0.2850354772953702,0.004649468526399192,0.4269958511400942,0.028126623684809914,0.04073840822767396,0.21044331560059326,0.000112994231542154,3.7355285174882194e-05,0.0022151323812317817,0.001645373627110472,2,5
0.021375966206620627,0.00030957025189499695,0.3348432071753444,0.0802229195851459,0.032266110043482066,0.4853011075937594,0.0015826511123016329,0.0012432556095474815,0.014082526580995436,0.028772685840907957,5,5
0.12386645933480046,0.000654857597961568,0.3273116108425194,0.06138286371737531,0.015663909023389905,0.4489079295879581,0.0002994869546845604,0.0002937746983980063,0.018400347701271726,0.0032187605416408214,5,5
0.04263480838888013,0.012084362921109128,0.15184534043537856,0.004048747753554965,0.01702652857752411,0.7695041555845297,0.0007514845821066688,1.6728737606291546e-05,0.0019274136952999793,0.00016042932401057588,5,5
0.03494832878958114,0.0005781304332932788,0.22359333565525571,0.03378131710835484,0.015092610859254752,0.6777042080897493,0.002120093472468653,0.0004170134352318864,0.0039051521550019248,0.007859810001808513,5,5
0.009225956978438,0.03480035326854047,0.41589714508096143,0.06875905625113185,0.11273630675224387,0.34788349047179423,0.006564673907245505,0.0004209857950731678,0.0030205744879018047,0.0006914570066699381,2,5
0.04328271281781136,0.00029058938082506675,0.22092914377947762,0.005890397784353758,0.00506198151621351,0.6179953730013518,0.0014245635632665718,0.003085104981337865,0.09589758052489983,0.006142552650462806,5,5
0.04891421336688285,0.011921180809570265,0.05696116607434233,0.0019358118263137496,0.03044817998372775,0.821665408360375,0.0027431789130789924,6.348310842392843e-05,0.022839063999543763,0.0025083135577412662,5,5
0.7890434051244637,0.005785399408608557,0.005443743843588271,0.0019094980023643005,0.012921052349964917,0.15400046265390496,0.007174729406482766,0.014882445659125082,0.0006955668111138865,0.008143696740383495,0,5
0.05328516922355392,0.0020955142895896705,0.003177732856982017,0.0059920417508086575,0.46761506609245607,0.12099054681072761,0.02126415053736983,0.002370294312477993,1.2307088498389665e-05,0.323197177037536,4,5
0.02041701532781333,9.119369446824816e-05,0.9478036689431237,0.002938239133538264,0.0001322877866720872,0.019775722282487775,1.0040558162655773e-05,0.0008125869512230988,0.000292111849948008,0.007727133472562613,2,5
0.08516300666149113,0.0006679498232404725,0.016014460990636737,0.03419405148080051,0.00763550765826952,0.8317552350502441,0.0024856381224575477,0.0014721823042813588,0.0014836774265500027,0.01912829048202867,5,5
0.04580758942926107,0.000399444926316355,0.2749674065773427,0.06246459409273712,0.0015130632265438863,0.3521916905304154,0.23850317305359264,0.0026644060930492686,0.0015606113688078807,0.01992802070193368,5,5
0.09868604247655301,0.00291039161391478,0.07029050550849197,0.005501690937639183,0.005300668580521063,0.7565398571823244,0.0010924808009936766,0.00039047719043531256,0.05611625209802691,0.0031716336110995946,5,5
0.1786815162635189,0.00865689277552381,0.11000108273027823,0.00780754285141671,0.00558460223602046,0.6327942707544518,0.0017687197246505513,0.0014344841222058728,0.04368537909673034,0.009585509445203377,5,5
0.18761877054767345,0.015209161183662227,0.5884054704016111,0.016122806122972216,0.03810716158547199,0.14814172359775699,0.000255499670736752,3.088958092351547e-05,0.00563890407297989,0.00046961323621173823,2,5
0.24145304752218005,0.004786130370479511,0.356209992075976,0.04890568393291825,0.0026796423260291653,0.26621673096776644,0.0007729894035158923,0.005543483180802404,0.04994498011486388,0.02348732010546858,2,5
0.03611119874976545,0.006220063468082827,0.06994451540200956,0.0035399223700557894,0.015823590037892306,0.848161640774285,0.009607899723848557,0.0016299926950714264,0.002730534394397677,0.006230642384591657,5,5
0.02122462909069672,0.01122957257244488,0.2501034575229727,0.005792557627738154,0.032278408174894524,0.6719493620590578,0.000571580801580728,2.8323681215686507e-05,0.0061307202269225685,0.0006913882424762121,5,5
0.34963658517311863,0.005467075413783384,0.08612364316656708,0.015390505156787054,0.010617396430871864,0.48309591195390844,0.0011082915444417087,0.0011267870666675402,0.026422482541920207,0.021011321551934067,5,5
0.32564488984280177,9.895411830961832e-05,0.008223311744303213,0.0011473731224146268,0.0013940083452910431,0.145998024819063,0.005083181664361211,0.0662254665497308,2.3007827685735537e-05,0.4461617819660391,9,5
0.03550182935754461,0.0009278077048299517,0.2619551269711321,0.015146636672804487,0.05987325937387779,0.6040871549680061,0.0001904441614851533,7.795106347694917e-05,0.0109347549654368,0.01130503476140601,5,5
0.08224543716779906,0.00266545506725087,0.6080059213491317,0.00082811086902317,0.010043643505197899,0.29415370576468625,1.9962560074369562e-05,2.6671257792848523e-05,0.0017824927580474335,0.00022859970099667185,2,5
0.7226824574875798,0.004195711789192647,0.04857927791852954,0.004786115112923711,0.008638656581464352,0.16397486512296772,0.0030537994431005166,0.026587781450713888,0.005136674585665707,0.012364660507862328,0,5
0.03985251625963289,0.004403156283669661,0.3189153112110316,0.001820614330825282,0.002823655326622365,0.6246917090756294,2.2052445682835098e-05,0.00010492816475865047,0.006185937336838954,0.0011801195653084655,5,5
0.016784919319631348,1.776105300422346e-05,0.21623708757040233,0.0029325864201711384,0.0003918156266175402,0.6562605342396843,0.0004570578822533413,0.011481480977729937,0.011593264042505613,0.08384349286800016,5,5
0.05283159470816913,0.007324852600465103,0.06929284671451469,0.01067176487890844,0.12770214175524097,0.6932241455880683,0.028785375124153946,0.0004519175754597004,0.007646915938671283,0.0020684451163484985,5,5
0.011530386290083457,0.0007840402965315871,0.0015148401179881808,0.0005933004813587318,0.01915988620560006,0.14551651538100505,0.7787613285040944,0.028326112075299222,8.627789575891123e-05,0.013727312752280198,6,5
0.048308561287221274,0.00257712713170574,0.06657971397641302,0.007503129961540371,0.01061229581846775,0.8405974947864545,0.0011856121716707644,0.0011185023074680946,0.016235961788215545,0.00528160077084292,5,5
0.022922618504128713,2.9843830168341384e-05,0.7301023791065225,0.04707835797245269,0.0019036376554014643,0.1868001565225053,0.003978195487418668,3.0231503781822667e-05,0.00047748755397562743,0.006677091863644999,2,5
0.006523081992573525,0.0019561656353490183,0.009917048262567507,0.02193779984574898,0.1305202978761851,0.7214766565627307,0.08507333108818554,0.001912200053767445,7.470701607745193e-05,0.020608711666814727,5,5
0.1904896966667705,0.004127579049516772,0.012379833332165864,0.013508181159393541,0.22291033303923602,0.18075093369842754,0.017664640206583326,0.3413618895453828,0.0006927018315357003,0.016114211470987978,7,5
0.03608277429582571,3.9090691574514446e-05,0.4593041443681889,0.036931469702173654,0.002280445725721444,0.4512714217902112,0.002050757205052584,5.668575980720816e-05,0.000552050502710945,0.011431159958733846,2,5
0.3616003286978934,0.020877895535764072,0.056047868448974913,0.010678641019982409,0.007320180201857852,0.47718844042608644,0.00216128457337816,0.009695285132047695,0.0047649159458924275,0.04966516001812265,5,5
0.021433923110789187,0.0022740078072165533,0.006246253004001017,0.007225922768429568,0.11000875092663376,0.23408238148273416,0.5617727236807355,0.018609301641021866,0.00021042125580796557,0.03813631432263047,6,5
0.19190366638517392,0.001611990273080884,0.5266766595032988,0.01434802936423137,0.005436464832143986,0.21952028860946277,8.404736612381391e-05,0.00036070643448123086,0.03246557842051159,0.007592568811491786,2,5
0.3943159551977823,0.006621657578378731,0.2824505349951007,0.007131266953487104,0.006701162394970412,0.25919967718566295,0.0016737140776370164,0.0004378147777331755,0.023772292089726248,0.01769592474952147,0,5
0.08338389285044642,0.002791716857810667,0.6783180069635631,0.03614483152882174,0.06384824170557117,0.123919358373349,0.0005166966498751705,2.836929122037115e-05,0.003988193197958275,0.007060692581384031,2,5
0.3121061633685621,8.481097190889845e-05,0.017111215309750214,0.017957339826429546,0.003290971201741334,0.5539470404806738,0.006371944550636612,0.01789923214988821,0.0012224968931536147,0.07000878524725568,5,5
0.00815772821313286,2.3882471176300287e-05,0.001088756450227717,0.004051743320366798,0.00031407446947572166,0.03969315130637696,0.0018689754952611155,0.8929436194082647,1.3526974748889549e-05,0.05184454189096899,7,5
0.10137040533358244,0.0022523908565838806,0.011859731353534174,0.004166893937577135,0.008583177089544206,0.6514958595208119,9.469275175504312e-05,5.127619533418801e-05,0.21960234186701963,0.0005232310942575684,5,5
0.08709640830471428,0.013831629195046645,0.07165147419031886,0.009199676385537786,0.02957739171643772,0.7726151136764007,0.0030972332253329606,0.00019348758012878602,0.009619889489431006,0.0031176962366512542,5,5
0.034203035902245556,0.0002822948894434632,0.31000656917153735,0.01037805125510083,0.013009208281922181,0.5950059458472702,0.0008174424068678295,0.0019656357315689906,0.023339532103768854,0.010992284410274803,5,5
0.20647382760601482,0.002206193381732055,0.5340902133872013,0.05630874035142938,0.0024341557575556227,0.17414964010320852,0.0012208866005006132,0.002389433832103157,0.00698979205233435,0.013737116927920116,2,5
0.028438756886659075,0.0005218867319523192,0.0670724740887996,0.009033821209245216,0.0034279911868148223,0.7659567001054539,0.0041151005168122015,0.014925581821930869,0.01836179591400281,0.08814589153832927,5,5
0.020349739488998868,5.085805784134851e-05,0.23063349017093004,0.0009386665378533995,0.00015236010269376645,0.6266332410892883,0.00016569161395192325,0.06077312057278216,0.0008768807840222083,0.05942595158163813,5,5
0.17712312674489372,0.0015931701740762652,0.49376484607075977,0.04338529580202885,0.013637879226381707,0.2597853896420571,7.910788919836682e-05,7.684532481534556e-05,0.005366620183159455,0.005187718942629422,2,5
0.018015220909877033,4.0439754745409295e-05,0.6489847185063924,0.0031171323804829567,0.0016459156833043172,0.28884588428377117,0.0004568109374688611,0.004891745473175089,0.007690871797537183,0.026311260273245714,2,5
0.4773147926328386,0.001993551824153777,0.03728954971927604,0.003443363543235903,0.0009569077801857985,0.10172412520892818,0.0020854478393834397,0.29976246043201754,0.00509084332063486,0.0703389576993459,0,5
0.014878774188062653,0.0026382163221502857,0.5953062102860799,0.007831648737205462,0.001635394273534312,0.168890226058366,0.001414861938297549,0.005446772098330121,0.1871454333483617,0.01481246274961193,2,5
0.058107205555130985,0.0008067733382551825,0.07569530850267693,0.03297710625006121,0.029415377826429535,0.7489684024123531,0.005173707872603897,0.018589858003763116,0.007057576066999248,0.023208684171726807,5,5
0.0143150162554525,0.005488707715941455,0.07196223800273882,0.005781724851772734,0.1384204721785853,0.6773510063087619,0.0053409710746973905,0.003402420632367213,0.0018487921282693137,0.07608865085141353,5,5
0.006459830569499592,1.336693356425875e-05,0.007357171407170851,0.0009335091528041178,0.0002433088834760661,0.937922543655372,3.874229420425511e-05,0.028719908636925133,0.00031792038063129126,0.017993698086352598,5,5
0.017886723385502994,0.0002533921442351346,0.049975669943225415,0.17142920719608157,0.11343668781269468,0.6120972357276726,0.005982377862760175,0.0004645655654591515,0.0011176186453418979,0.027356521717026513,5,5
0.08365325605441624,0.0014248345591400635,0.5620811164950301,0.0032275389695425962,0.013446102422673141,0.292113767821111,0.0009842866975425513,0.004423394238029886,0.03478625827104543,0.0038594444714690045,2,5
0.08029587515995901,0.00023110903025223487,0.3057310993202362,0.06692374878061957,0.32608456061234853,0.15900108788552175,0.0020122392264501038,0.0005399257864813066,0.0028570674616847326,0.05632328673644658,4,5
0.03752746044062041,0.022930665885949136,0.05550448322918595,0.1240253308967316,0.5940943533021911,0.15059784656326317,0.009437377956470625,0.0004956759873127116,0.00045878884984299867,0.004928016888432408,4,5
0.05891255056537723,0.00038277157894953654,0.723561681815929,0.012089989989870119,0.005281453628452441,0.17163509797951723,0.0002165660383204259,0.0027663176848706636,0.012514911176634889,0.012638659542078455,2,5
0.23394275354015612,0.0018087624252980073,0.2033137260097855,0.0083444192325072,0.004213364057825946,0.4653042018040514,0.0003337267001789534,0.002943459826257857,0.07117525477017712,0.008620331633762043,5,5
0.12141606852637891,0.0030703638221928234,0.25225162976971127,0.0005273130345881363,0.0050305982791885836,0.5937565241925773,2.5760084636851415e-05,2.629330307093202e-05,0.023437085483481175,0.0004583635041741411,5,5
0.008924928593539928,0.00034440867516463073,0.008758161851761148,0.01326804816783208,0.05554219051858114,0.1599570995854774,0.7456199089775857,0.002003791968314245,0.0008800359035451683,0.004701425758198662,6,6
0.006846998965236342,0.0004119766389701317,0.006887828066646952,0.036728845035005654,0.004116140463906473,0.026643424818542122,0.7299675099606396,0.13792279206060157,0.0008447530812702762,0.04962973090918074,6,6
0.08978485915029714,0.0017057179406862464,0.020596274373826343,0.0048506536460135585,0.47247953366517603,0.37484995766702317,0.025524857554247285,0.0006704614588313493,0.000797933975032514,0.008739750568866278,4,6
0.015196529081884218,2.1555572699840445e-05,0.0038701231744372616,0.012255561631631814,0.004370727641307836,0.011100608908829433,0.7922299148958546,0.0009378465765094163,1.5365021741158627e-05,0.1600017674951043,6,6
0.00985505383944817,2.4910359809369345e-05,0.00015410925789436568,0.0001290885922414264,0.0003485486481713762,0.0022883367862140073,0.018721822633423688,0.959861353391351,2.8825114775355608e-05,0.008587951376671142,7,6
0.5831514969874876,0.0004949956617313408,0.012948581674696199,0.014764452158840292,0.04327083019496124,0.21791487809385446,0.014450926739809689,0.009015043843664087,0.003907355727042353,0.10008143891791291,0,6
0.010824453801354533,1.7026024177429697e-05,0.0019452096828287651,0.004818803951945008,0.0007565595270838033,0.029470766720961827,0.9150269546548344,0.018764153580458326,0.00037813012337338775,0.01799794193298275,6,6
0.02890108045951742,0.00033126846352247877,0.004347302951369795,0.07124446765126886,0.06428869316233107,0.03292175662711017,0.7362639467086712,0.0009521794368578372,6.877575239127774e-05,0.060680528786959675,6,6
0.0961812730770552,0.0001271908318707662,0.011962686925912597,0.05325360102868582,0.01466634991059219,0.0549538250153509,0.3989708389460636,0.0005010915496010121,4.717779903149261e-05,0.3693359649158366,6,6
0.013736753828527393,0.0026371915968701545,0.0035249321148060585,0.0033188640862623674,0.06265005919551694,0.31102135605964004,0.4541559100046824,0.056191182453949856,0.00010398683837460661,0.09265976382137003,6,6
0.0022486166244855255,0.0005548709835537355,0.006943038607854909,0.004702322549362127,0.01545368131995298,0.03787528563730128,0.9317503833192217,0.00013498153431572583,1.1668296592986705e-05,0.0003251511273590776,6,6
0.0022943442413393455,0.0003335238262779729,0.0021720169081339445,0.001686018975183428,0.5385611603132693,0.014107879527166191,0.4287088082295105,0.011706921630370973,3.5403331607914996e-05,0.0003939230171402678,4,6
0.001959824096198704,0.00014913834224907532,0.0011465832256143528,0.001092466337277131,0.04858848132403259,0.012422570404759567,0.9074265525417085,0.01804952128743586,4.6727259486203434e-05,0.00911813518123806,6,6
0.002011032298425528,0.0008802696065967285,0.0011330173135805925,0.0009264779204068573,0.0598852032875568,0.052260916770773,0.8660892278468711,0.010089953548588779,0.00022490347838878416,0.00649899792881194,6,6
0.014230914182465403,0.0049510411508534155,0.012583850327031592,0.011826458340769288,0.7653580254738672,0.07422006514580325,0.11085320085818387,0.0014728978530780417,9.14370364840438e-05,0.004412109631463866,4,6
0.014387273113758429,1.7101639504270507e-05,0.0029996277186345524,0.12585415018428478,0.0011779641921390396,0.008987692083228844,0.01438369962860318,0.00551136347741148,9.063699601316094e-06,0.8266720642628341,9,6
0.0775865505590729,0.0014083720406939896,0.004641512736695443,0.16359411654908673,0.29243025081040497,0.0830976262329774,0.031039904728093707,0.006380945597502318,4.690167235574967e-05,0.3397738190731167,9,6
0.0033656643505950196,0.00018232210849949016,0.000521043952209104,0.0003236454438186021,0.025555473786565242,0.012365631073638804,0.957601024546755,9.923160815217401e-06,1.694856230387537e-05,5.832301479977786e-05,6,6
0.009059259669385918,0.0025081518330478643,0.0035791062617022895,0.005066844158112936,0.11536419375474932,0.0399794720782463,0.8033724307967426,0.0006155796903374127,6.540788673322781e-06,0.020448420969002026,6,6
0.00042617950242698587,5.7122572968183766e-06,0.00011798963734078511,0.00013309867018784758,3.1470332646411605e-05,0.0011741879816360911,0.7557267809295731,0.23604104236026924,2.7948201534991646e-06,0.006340743508469346,6,6
0.3465559615093085,0.00031543401587624505,0.009122359953042718,0.08895262104245133,0.06695255850879485,0.06639751394939275,0.10050362079730729,0.002110739017659433,0.0007509859445788909,0.318338205261588,0,6
0.04254449884716114,1.1598392645826376e-05,0.00789264189045226,0.024241417297020267,0.000987983287086726,0.07295323248265925,0.006676849856427665,0.05084810497555391,0.00035655362049025137,0.7934871193505026,9,6
0.12863188493083635,0.012547478103474683,0.03493903138068301,0.07861689355584067,0.5345509261977124,0.14817104013076982,0.02475174868663261,0.0006250720645382154,0.0003204658520619399,0.03684545909745046,4,6
0.0077553416001501455,0.00014799670026965556,0.003232045397143273,0.0013324161835522469,0.006415326272852807,0.0686080121172332,0.8697292152283769,0.01930995180161273,2.0311162575072385e-05,0.023449383536234148,6,6
0.01090875371896742,3.5642784026896325e-05,0.0026222058873504412,0.0009271284470926776,0.0019204982711386446,0.03598062876574606,0.7340068547197218,0.12855142774653014,0.00012373975227420705,0.0849231199071518,6,6
0.018730181876444145,5.7657987906121675e-05,0.0023135355778820823,0.015910182599946098,0.0012237379590523776,0.016824403489125273,0.4026698600732068,0.29894768331487187,5.785221296968604e-06,0.24331697190026833,6,6
0.0004295273422975326,4.2641736764341395e-06,0.00010389587215794413,8.984813274086959e-05,0.0008028664002405804,0.0012928142706969264,0.01068612740458117,0.9843216556024914,1.236715094082796e-06,0.0022677640860228896,7,6
0.14778908007520783,0.002137869425217821,0.0019723822123569284,0.001924843175283584,0.015156864705568316,0.014778662024717264,0.015307715549234916,0.794754845902669,0.0004017443714754721,0.005775992558268831,7,6
0.04661702255332349,0.000592653289115572,0.013587501188409429,0.0022478074536330574,0.06334103558134363,0.2988352885245589,0.5262152126026597,0.003024469788464768,0.0006383830965305073,0.04490062592196084,6,6
0.01962198327685239,0.0001031641384561906,0.022144120444793775,0.0026491787582431777,0.001434034470209795,0.08174070444397,0.5787089859182634,0.14537489398894213,0.000451958086360109,0.14777097647390916,6,6
0.025907402701872896,0.0853301910025475,0.6085165905819822,0.011252506776380993,0.07357827401253116,0.1431302113623249,0.016576360045610358,5.8197726176262194e-05,0.03530241149372556,0.0003478542968481679,2,6
0.0023665599618289245,0.0002829768009854089,0.0004975518502619503,0.000407219428974456,0.006110994278676149,0.013197051011943434,0.8905951419736197,0.07777982986709822,5.1929005274947144e-06,0.008757481926084333,6,6
0.009327327173512623,0.0002980601028443738,0.009493263579262171,0.020464420914421428,0.04479378154744512,0.6849204974648297,0.22433389552881078,0.0009867678130190218,0.0004705437893765391,0.004911442086478313,5,6
0.03723031967351326,6.07503348765803e-05,0.010592431487927068,0.0049030441965794026,0.022129863736526537,0.05615683371358025,0.23091289454718522,0.6168620193320073,0.00014263592030792213,0.02100920705749639,7,6
0.5492268040341852,0.00026654728284621857,0.013114342243923107,0.018236112318838472,0.018771933454930976,0.20730012000888076,0.08112413119503604,0.028621267191567122,0.0007620358164907843,0.08257670645330124,0,6
0.1347411677469764,0.002890849634745598,0.006096762718445405,0.001937019304649616,0.0736477272970805,0.3458472185864617,0.38201118213166735,0.0020646949873895674,0.00041837088819746105,0.05034500670438642,6,6
0.5673034377790311,0.0002941897838465775,0.007933089530463507,0.005903897834894205,0.031965471012698886,0.0866972081193622,0.23523588335846943,0.053119016358967444,0.0005557335645166029,0.010992072657750039,0,6
0.011607195217035028,4.3020769794502026e-05,0.018990694570525508,0.0023320129970111495,0.007081517344859749,0.08530263850327241,0.11095110349842056,0.7511547187240766,0.001260411899034402,0.011276686475970039,7,6
0.41220140786539194,0.001227019051049632,0.004642224148257101,0.006228728366803909,0.005219040382875953,0.07762696757233256,0.20350674330186486,0.25615462209540163,0.0004603815360497808,0.03273286567997262,0,6
0.0051486003641582016,0.00027528176435913815,0.0006954617197662631,0.010879219734060332,0.0067336721350923405,0.004729078941358234,0.9238925169699584,0.00364240310243115,1.0462586502812359e-06,0.04400271901016571,6,6
0.0007497396827882121,1.219072609700733e-05,0.00017531580339598502,0.00012586351074433147,0.0007020066175208928,0.004275059344167212,0.40016386356304157,0.5837838137658311,4.9587075731524845e-06,0.010007188278840461,7,6
0.0005190777522554646,0.00015865902521375913,0.0015197441524801248,0.00047391103360671706,0.31759228929028926,0.0044575985217024695,0.6749887319464949,0.00019865822449213657,1.6830082002320742e-05,7.449997146294338e-05,6,6
0.008472829982362626,0.002823150998521456,0.0022121038708178774,0.0004717891253209058,0.008637418599553711,0.004625203856562131,0.924516761790694,0.04224127370040867,3.030118058183677e-06,0.005996437957700563,6,6
0.04740612394086356,0.0014696973199874255,0.03248159625802553,0.09041144261956116,0.05019508723121739,0.10491709520604099,0.08897966323867612,0.0003327687046377421,8.445534663525829e-05,0.5837220701343548,9,6
2.568242335571512e-05,2.0830118413380613e-06,3.119932967531535e-05,1.6001180620906898e-05,0.0012909372621013537,0.0012809593969744966,0.987387508984714,0.007366620494588126,7.208530400907373e-07,0.002598287063088813,6,6
0.0014424110285866842,0.0008716597466993239,0.0004944817504264933,0.006198141304884496,0.009617563193624997,0.0019610198573594205,0.7495292927828896,0.00233029145682647,3.3940624403250154e-06,0.2275517448162624,6,6
3.746229633275055e-05,6.018887091160146e-06,3.0279345919585463e-05,3.479472368501134e-05,0.0008627534562598179,0.0007706188145043383,0.9941276553012204,0.003914817870825806,1.7664817516306594e-06,0.00021383282240962338,6,6
0.0005963448741922229,6.887067914569207e-05,0.00046393354625635073,0.0001339346331345814,0.006809281592575678,0.009855784933797535,0.9807687398728144,0.0007793854546387307,7.403962412921267e-06,0.0005163204510320734,6,6
0.019104448475265642,0.0006409163163274726,0.003614797308924129,0.0004238467509426753,0.25708292346518985,0.039041778612441694,0.6598794078013893,0.00030492720080863304,4.8369466865069166e-06,0.01990211712202414,6,6
0.004123057984686523,0.004131811322747825,0.001525154421118971,0.022747454952367224,0.03220447048638764,0.00941922738800879,0.7095750331228354,0.0019364739445803956,9.892492712365391e-05,0.21423839145014345,6,6
0.6541938247919407,1.793225399023659e-05,0.010038334960928905,0.015432290417567805,0.004759637643892008,0.010804941216135393,0.18669296702491212,0.025390715591929784,0.00013686849521698925,0.09253248760348595,0,6
0.11426048403577492,0.0007537735866513381,0.0025782679349070966,0.0031215085697983065,0.29806103280426816,0.3477501919867698,0.1293271918541782,0.06707230179128394,0.0007806984067700283,0.03629454902959834,5,6
0.0212085976843101,0.003243593771985435,0.01595822639945607,0.22037620315569528,0.1022097606499828,0.49790059714299995,0.1368264542329676,0.00050057604993822,0.0009440712342397574,0.000831919678424684,5,6
0.13077200956939225,0.002047585642815661,0.027215882216789035,0.002416711961338407,0.02335431413992636,0.6768042738456226,0.1195894227698484,0.0069093608701229535,0.0016975519069915832,0.009192887077152963,5,6
0.02130847595866011,0.0015950960811751441,0.0037235543740955584,0.0024045283667486943,0.015482419424444603,0.06974033164298453,0.7173709898477191,0.1529957861043109,7.8707217581592e-05,0.015300110982279798,6,6
0.3183332952568094,0.009268786801470945,0.03161663803043929,0.001070199438144376,0.0024257052727515685,0.5587877463202598,0.037790840422712406,0.0060062639357237445,0.016651152913421775,0.018049371608266748,5,6
0.010736151267369907,3.994833480786412e-05,0.0003276546975995249,0.0002532210100603774,0.0204612299305844,0.0165815270959454,0.9369798130948177,0.008750010126616192,2.911989121212952e-06,0.005867532453077597,6,6
0.2983722168288693,0.00021865504824348196,0.04028900489990963,0.01978318735671317,0.009249681183791107,0.03265515584559763,0.1319289653923007,0.0292446035199145,6.792228347868256e-05,0.4381906076411819,9,6
0.019741643124364074,3.0660098966300352e-06,0.0010175759939337146,0.006003774411075395,0.00037652541312435835,0.008082511913860495,0.018880771498920278,0.06553580003086093,6.452261631472087e-06,0.8803518793423327,9,6
0.004059547839060241,0.0005134693075272908,0.00011910186926035403,0.0010285070365509124,0.004851360197316635,0.0012101517912956616,0.9811641781428979,0.0019197597072501968,7.976154088886362e-07,0.005133126493432253,6,6
0.06171837248582693,0.003602355310233072,0.011219444049539099,0.012050225343362971,0.20257404008767177,0.6457157297494772,0.04947977600615733,0.001799165679209435,0.0012669524493633495,0.010573938839158779,5,6
0.005214340646741705,0.0002155646464212856,0.0011652471162610775,0.0047052668998278195,0.01290722721740881,0.010762268247022574,0.7527157062203796,0.0022223525688988143,0.0003382862855675,0.20975374015147075,6,6
0.02358108857597798,0.0015285096860496786,0.01808045106633863,0.007823453226535193,0.001011357937064438,0.013612229367976876,0.8351468752260864,0.033339474660495194,0.0019766980956627466,0.06389986215781288,6,6
0.6928171572581334,0.0005450153801351672,0.01018134520416394,0.012911601619211711,0.006259213404208961,0.17025299777092667,0.07261617032612214,0.020369000177924503,0.005667287250491078,0.008380211608682709,0,6
0.00030162217919841406,5.898790839240356e-06,8.018534750760798e-05,7.764404389616931e-05,2.9899799504133263e-05,0.0003066769197189159,0.9546516740657247,0.04207584486885578,3.4687606748920947e-06,0.002467085224080124,6,6
0.07792608850799415,0.0018040303256511118,0.00605531183034967,0.007761966129479946,0.11874940211664722,0.6499288765342734,0.11972518627273679,0.009116921459804434,0.0009113870284418867,0.008020829794621216,5,6
0.0021812184742582468,0.002612983530329409,0.03252356157417053,0.0003135109055875502,0.052579855136914974,0.03611416052834817,0.8721718352445305,0.00015937875944419823,0.00097180343959432,0.0003716924068223814,6,6
0.0045497623221358845,4.244155924249253e-06,0.0006806005408435995,0.003167761479886528,0.0025010563824508147,0.003065066222066653,0.9586334021446781,0.009147734288298936,6.818212053274157e-07,0.01824969064251005,6,6
0.027363851545758128,0.0013043847471785601,0.014340418517125673,0.010501530126012577,0.06425735158990561,0.29594719306052913,0.5837711454110817,8.776917118489716e-05,0.0012966567595694915,0.001129699071654366,6,6
0.01381740524938432,0.0028275919375387007,0.0071802726118910375,0.00040926618189330845,0.0037501522348349914,0.07703002613122517,0.8888419815189811,0.002337386702875926,0.0008857743316075132,0.00292014309976801,6,6
0.009425150577803557,0.00027629373179194474,0.0007955185945476654,0.0017931773595829012,0.025877812027252985,0.02470733193683508,0.9112932272899308,0.009507006455276197,4.987008956660125e-06,0.01631949501802235,6,6
0.36766633154681094,0.005990984618558552,0.003601318962008789,0.07028307911500603,0.30404372255979084,0.039833358328919474,0.09530774552545318,0.06156856947731574,0.0005813978813079639,0.05112349198482847,0,6
0.0277443182264139,0.0005054708406361577,0.005401499412553237,0.00765356295142482,0.007785762275470384,0.01216191100003454,0.8606021769765221,0.035090114203341946,0.0015556689631426905,0.04149951515046023,6,6
0.03559286405686191,0.0006268812587974027,0.019111242627350762,0.11945480185200676,0.10473741855068688,0.1084576830673666,0.1790841975072001,0.0004858594998991361,0.00018056523178699857,0.4322684863480434,9,6
0.006103566416210733,0.0004368735951107153,0.0015901864708703895,0.00423926426839815,0.016536200840551317,0.009061656079587551,0.686338896431971,0.0019537277519686507,2.8441010108505046e-06,0.2737367840443206,6,6
0.0012191144630038318,6.022561450454172e-05,0.001990962827652685,0.0007888083504989495,0.0019007411684653641,0.014322273471734875,0.968502899727181,0.0033046713341368435,9.709120945867093e-05,0.007813211833363606,6,6
0.006409847888532166,0.000624572793904833,0.0019706604435465696,0.00022678261615724577,0.012057450280265534,0.05908593415329085,0.88267740942128,0.034461033252809074,4.069737159373285e-06,0.002482239413054451,6,6
0.020842714135078957,0.0009894507551508076,0.0007799925369425954,0.00023467798864508946,0.0010550122242595,0.01597504743648214,0.9053236682989747,0.043542673677822406,9.338974179100503e-05,0.011163373204853064,6,6
0.004072434586745638,0.0008052106569940249,0.0003226296784589853,0.0002777202423708357,0.0010237712031390931,0.01167195512016667,0.9560653295788368,0.022024808607023844,4.123386951356535e-06,0.0037320169393123114,6,6
0.14708554836918197,0.00021597431169416293,0.014682326500780031,0.01014544174947035,0.003656021381181586,0.23563272540507846,0.3868536652126994,0.15734684641194124,0.0003412342332568764,0.04404021642471585,6,6
0.024942009933043435,0.00016641662613819504,0.0006690487321042392,0.0006993681290459302,0.029553042044777246,0.013519686174612456,0.8182138605493101,0.05382880797842469,4.492766529348955e-06,0.05840326706601433,6,6
0.011352443590700114,0.0005743576068991206,0.006046429697534635,0.003268554184519955,0.007206105848579702,0.029833778550486946,0.9034344823647202,0.021245532908930706,1.1578587115660413e-05,0.017026736660512947,6,6
0.004245625151768838,0.00013473837565843066,0.0011238656282676416,0.0011496190605142106,0.003192626547644913,0.0022348670935082903,0.9403871845485732,0.03532957987763727,7.022306675217612e-06,0.012194871409751937,6,6
0.060983639208975184,0.0005325595041551718,0.004730117754368597,0.011239524523115687,0.013576709956018182,0.014316559096539828,0.7381104805594744,0.0316748449147679,0.0008545170600050362,0.12398104742258016,6,6
0.3153290011652235,0.0006457717035809249,0.2480208923286325,0.13824585781179932,0.0030590253675859378,0.17694990107045486,0.05513153448853441,0.002572677945857161,0.002982812610217062,0.05706252550811435,0,6
0.009425722918053688,0.01624491743878572,0.06102788611046117,0.0022553170995625593,0.028541646057596466,0.11749620179046123,0.7597100193827852,9.441633733333237e-05,0.004072839289629707,0.0011310335753311207,6,6
0.37719646198381396,0.00012463106746178583,0.011054922706768673,0.049755007962911234,0.003834088339444231,0.03241295354635138,0.017318220780763956,0.027875699960251528,0.00013368021148207437,0.4802943334407511,9,6
0.018284937132126176,0.00029694467683512267,0.0013022700481469987,0.0017494195737872064,0.0005793155261964041,0.013570367611480068,0.9004782551894108,0.02427889454424553,5.336387380775649e-06,0.039454259310390795,6,6
0.0031733311406832937,5.367630758370139e-06,0.00014216130679701124,0.0002476831036257377,0.00033998026707588813,0.0019573806608892924,0.9551813444797926,0.03478439155317854,2.3668236114771986e-06,0.0041659930335877695,6,6
0.0038118556926286557,0.0004553662524437071,0.0006242385347352599,0.00015819750613417665,0.0012410218492476595,0.020094120042238733,0.965070587173319,0.006972527716278784,4.613532074740761e-06,0.0015674717008995183,6,6
0.046938088935898806,0.000652422447594312,0.04665356305401751,0.02402781948914586,0.005995417316702495,0.7009876306847813,0.01597483122975958,0.04336119348636881,0.0017059448990788969,0.11370308845665238,5,6
0.000731400907865895,4.10630245948059e-05,0.00021981102697900303,0.00014954372957876397,0.010980124155283714,0.004133647129724053,0.9736783226933682,0.009766305227552941,1.7137839951182537e-06,0.0002980683210574803,6,6
0.15726991298194248,0.002795782808105442,0.01073699688412469,0.05313915385025702,0.21154785221844424,0.3223127469887986,0.1655945833007616,0.001318558378399369,0.0028964839254605463,0.07238792866370594,5,6
0.00022972351492598188,6.375008005888415e-06,0.00019131905884352173,0.0001440439815929732,0.002017007251600842,0.0020955381238038206,0.9912597772501416,0.0022787505896706066,3.10557032093357e-06,0.0017743596510937489,6,6
0.010328736841469437,0.015454922834392622,0.007958357106809925,0.0015194617983432098,0.015415372496181867,0.16090440554401958,0.7782182570150838,0.0049011312828073725,0.0009067858650903573,0.004392569215801494,6,6
0.001984703727003028,1.2797618995663603e-05,0.0002563096415507188,0.0068542594907509274,0.0007798002676124365,0.0022206869031046583,0.8194918853985758,0.047935852798421844,3.939037905356676e-06,0.12045976511607949,6,6
0.00039969600425715675,2.1435100621271436e-06,4.929989139057048e-05,0.00017471904693873853,0.0036710587512539753,0.0010406617007825355,0.987806189566466,0.004133250690179815,8.704631676747367e-07,0.0027221103755015524,6,6
0.05657914636051564,0.0022877709234012298,0.005389564281191913,0.004197856349366149,0.003941635796162309,0.05063028232402897,0.8105080740062558,0.033249922477067845,0.001406728683691464,0.031809018798318774,6,6
0.013050214770009134,0.0005464585441529654,0.00023117214443346484,0.00017704835946046797,0.03298260423075747,0.026260655419924474,0.8794396445102232,0.0396709208421347,0.00010043995335473106,0.007540841225549474,6,6
0.044027797330829996,4.320471900888377e-06,0.0011497407140236794,0.0001765296946351714,0.0007783320833092712,0.013498454065191082,0.10085855561974669,0.8180110186037151,4.217953814288707e-05,0.021453071878505328,7,6
0.0056485215245134345,0.00041807235065925756,0.00672425073370812,0.005530446285933429,0.04826654971247551,0.07855326904406554,0.8506429287850927,0.002064218315412421,0.0010659422614175335,0.0010858009867221953,6,6
0.010945061332184806,0.0002871511360799181,0.0025657985077437726,0.013021583169044493,0.013830978323079984,0.004921480390068941,0.7517896177995181,0.0710884640858088,4.475534323033404e-06,0.13154538972214816,6,6
0.5937688950496018,0.004429362788239493,0.013741696239314755,0.00990577607928949,0.010879890189900186,0.27345876280706116,0.01890056814099382,0.04994811158834456,0.0014895759606131207,0.02347736115664163,0,6
0.0016342012544028324,0.00016184868075974328,3.072708260999135e-05,0.0005267610236693417,0.00034243517098457116,0.0012268568058895475,0.9891409636690737,0.0038658358541312594,1.3373846886409986e-06,0.0030690330737907683,6,6
0.004893073196731209,2.6495071993269308e-06,0.0002360127637504816,0.00020021856694987753,0.007456982681917471,0.03302261718139585,0.952826632362658,0.00025295742165925064,4.435870867693207e-06,0.001104420446870798,6,6
0.05071419369463907,0.0005739258057475165,0.005839301075276863,0.13597102726060642,0.16201641907867642,0.07077352585081093,0.4936355243951456,0.0017592984348294776,8.683907730798426e-05,0.0786299453269597,6,6
0.12858373336075563,3.569600002480107e-05,0.0051290056105244165,0.010616546582463537,0.007301034236978288,0.010425680631805531,0.37772334717174055,0.003170262391389607,2.564817946423065e-05,0.4569890458348535,9,6
0.22052085388761195,0.0051019120428851174,0.024058297083970604,0.34431010120955263,0.050217607096026545,0.3140973845366457,0.008370702886969507,0.004532649607948205,0.0006510950786986509,0.02813939656969109,3,6
0.029658844561761308,0.0010051162752909184,0.007081400759519843,0.005879209294069664,0.20335046022143624,0.05585102377273169,0.6651054026922624,0.0007988078928836568,5.04499707275209e-06,0.03126468953297186,6,6
0.0006303400829126603,3.00235669970005e-06,2.06762762033015e-05,1.1861937372549407e-05,0.0009895895405285845,0.0009611159920518865,0.9890772771018925,0.006740232346519376,1.2500877407046036e-06,0.0015646542780788464,6,6
0.015961593719710995,0.0008759483953954062,0.0012029447413706808,0.0011050658533552885,0.002390704545084699,0.04447284057017342,0.8607060654282459,0.06868699646922863,1.9605978142920477e-05,0.004578234299292003,6,6
0.04408516453441697,3.708302932726174e-05,0.0074674483947970004,0.0014207964813130907,0.019194032059682016,0.0973866639648012,0.06455356354702567,0.38586037386024,2.2899484700063792e-05,0.3799719746436967,7,6
0.03316212284900399,7.612570605528961e-05,0.00015934531041958747,0.00048765655771548604,0.0032801386026558243,0.0037545987989708184,0.04792823090223237,0.9058002381877436,3.3753146882813132e-06,0.005348167770514849,7,6
0.003364596734513003,0.0008956031411506057,0.014309399332350071,0.004626115193951151,0.005176348795323575,0.015132380817078135,0.9500034451625816,0.002686739750921146,0.0008016287797954211,0.003003742292335008,6,6
0.0168202518330897,0.00042340728691062725,0.0018519015177235476,0.00794648402314187,0.08834335172790672,0.17567119817204127,0.6984608806310661,0.002424122474851711,3.160623204752999e-05,0.008026796101220953,6,6
0.07243904171021391,0.0012692718640897912,0.0036193770624541825,0.0005393272320948352,0.004779499640024833,0.04083067063932708,0.7958882634828127,0.05522902228282601,1.3888974774753128e-05,0.02539163711138204,6,6
0.0037006343726063403,0.0019260703298126759,0.0002879322344902205,0.002800241275366178,0.008112015447306753,0.002688351205384302,0.9689554741048755,0.0029294274776661034,1.163454878140951e-06,0.00859869009761365,6,6
0.005400635010595619,0.004862415779685141,0.20224447613225477,0.0011657359499155568,0.3616147959040068,0.05814859791090206,0.36555605126610613,4.158182704374807e-05,0.0008191841327496823,0.00014652608674061278,6,6
0.0013144756296428917,0.0025745130405572967,0.002532279739696371,0.004254621959549309,0.003485346052670666,0.013482569679740904,0.9423970756238609,0.010168575436881027,0.00019300553653163357,0.01959753730086876,6,6
0.1069523978138591,0.00560036023735558,0.007501500859515949,0.07979386697897257,0.1152338636777678,0.3329712652960935,0.34261457589054967,0.0010009660209891716,0.00018209426962307964,0.008149108955273598,6,6
0.006806285252801139,0.003114877509574035,0.02456961521621444,0.00671584235313239,0.7413293352368387,0.19211842040375512,0.020631367558954658,7.493173209816901e-05,0.0030361221178915754,0.001603202618739837,4,6
0.5920319419663194,0.0008050378662280943,0.006375917184700563,0.026306345839828167,0.025918950972640336,0.04014728368558895,0.26593300954786286,0.007946337720111881,0.002256928793152702,0.03227824642356712,0,6
0.00183332493347423,0.004150272511076783,0.021102316432720102,0.012887448424491145,0.6075646173766793,0.06989040905457997,0.2806618322568466,0.0006839853026670295,0.00011130586598135625,0.0011144878414832864,4,6
0.01360412505981209,0.00017273366473582961,0.00206444857321976,0.015065188774932185,0.010190795869812006,0.014276383237168885,0.591068194023772,0.11560935956820215,0.0010860433754042102,0.2368627278529407,6,6
0.010006021891388876,0.003190637190453609,0.0017570378596422497,0.0671901828868884,0.021925472681607532,0.02076745532660035,0.07115173066285653,0.0059455367908631184,1.0372124579135975e-05,0.7980555525851202,9,6
0.007716869940111061,8.061351763152729e-05,0.0010302896743964042,0.0007238558362373244,0.0015926701790313423,0.02789289093639772,0.9199631851270126,0.03544861928692871,5.5749693412216106e-05,0.005495255808841346,6,6
0.28624014766021005,0.003026143757391646,0.012787904624863636,0.15939336802891482,0.06837193406493809,0.23016824065555583,0.028823268543944236,0.02736283087489573,0.00021062172657136641,0.1836155400627147,0,6
0.0420187655314431,0.0003812046146731458,0.018051033685936253,0.23806984724788424,0.08984390342725665,0.16147677680672026,0.35845781236985763,0.00028065619020559406,0.0002772233699324201,0.09114277675609087,6,6
0.2592897722365037,0.0017352318322574308,0.0015431235401262222,0.001801904510703925,0.012890345648715532,0.010789768213490307,0.06991356538805878,0.6242661620423674,1.4070760648476925e-05,0.01775605582712816,7,6
0.004788624640624845,0.005243483178788504,0.006138037152739691,0.001953819710931984,0.1590526804691253,0.05371001740571251,0.7680905517568822,0.0004281564968673733,0.00019647949076345966,0.00039814969756413296,6,6
0.03503000679764631,0.001021011894130834,0.032037943382538736,0.008098779907612335,0.08599374051723799,0.7958505010324816,0.01239866403476909,0.00025513600232922264,0.0014194662202329468,0.027894750211021058,5,6
0.3912211367102589,2.4024079491383483e-05,0.029048674719397805,0.007521246697823247,0.004071359494340813,0.09169817976399901,0.11812796495272032,0.3078838679679323,0.0019671566746727745,0.04843638893936368,0,6
0.020543596493888164,0.00033853675205252275,0.005324393386475511,0.12115255343588603,0.086865713686663,0.05249987852874666,0.32802171897770915,0.001661188664077145,3.89824061953977e-05,0.38355343766830635,9,6
0.00142851802210648,0.0001713096905245216,0.0010377020104052456,0.00024023709953865423,0.01527038334644169,0.005732314382898694,0.9760708198532497,3.9579735547533516e-06,1.4028844278078346e-05,3.072877700230526e-05,6,6
0.2225581385384869,6.919149462242877e-05,0.018687347623623944,0.030952895318909456,0.02927513530732442,0.027912033985082095,0.08022451994653883,0.030174645606118877,0.00017148031125928785,0.5599746118680339,9,6
0.0910661041191799,0.08820099475158744,0.6304479183129967,0.035255481753839205,0.01458831055439975,0.11962579303451354,0.013474542047921714,0.00014880704675294024,0.0049952134549448475,0.002196834923863801,2,6
0.003347932801076568,3.475042165024999e-06,0.00014780520282069935,0.00040846601698179543,0.0015372019451915235,0.0021066416763478243,0.9802050110116455,0.00952655930399878,2.957230746391773e-06,0.0027139497690262314,6,6
0.22587419760337937,0.002022158001281871,0.21588163745261468,0.072455985071828,0.004198281885720593,0.45843970002745404,0.001991695652220542,0.0007402982193368342,0.006303608135840731,0.012092437950323493,5,6
0.11113739728331716,0.005582923118851148,0.15837211517499078,0.06736841350770448,0.025249082955145892,0.158373838648877,0.4074384659043733,0.019634623989331496,0.00834248630392162,0.038500653113487,6,6
0.004409887058238733,0.0019988965740117457,0.020094240665596185,0.006906868255394886,0.008216261428708104,0.05836003068961664,0.8416964142147789,0.021337790694883577,0.00014388106086121434,0.03683572935791016,6,6
0.05033055227752612,4.355979103072121e-05,0.007962470781289217,0.002200020311471953,0.0011103246286255748,0.24593941158611984,0.005313387861367274,0.5302155223073102,3.5554105910537676e-05,0.15684919634934874,7,6
0.016751668675590657,0.0028108926422929356,0.0006813519380991228,0.01319823326106553,0.016395215941229856,0.025329310410500388,0.9157283456437731,0.0006512830853077774,5.191130114116708e-05,0.00840178710099951,6,6
0.0174692344149877,0.0058591454286765,0.00230093181090505,0.0008027207966440949,0.46435042147537176,0.1391891222299711,0.28600117997445645,0.0003941498083180865,5.98425547315428e-05,0.08357325150593778,4,6
0.08264515411497744,0.028737836214171107,0.012331875463669466,0.05367939332459051,0.457854781644881,0.16860001521291548,0.17621719586916096,0.0006326829689300574,1.768757811768932e-05,0.019283377608586103,4,6
0.035293551218504714,0.0004378939316084029,0.6995130510594116,0.10189109127607836,0.0004044512066914708,0.07173094633883724,0.06663837113739865,0.001827568612417613,0.0014801012770471699,0.020782973942004786,2,6
0.12710803645951763,1.3757731580709997e-05,0.018345256573647523,0.06187310432363012,0.0027816888915642443,0.041852368721858824,0.19948978449811455,0.004744528465952844,0.00012041135312883765,0.5436710629810049,9,6
0.4145676066892248,0.0007050667775391397,0.12458883763987749,0.0219853113480307,0.0035587309472651036,0.13148038916926547,0.0010264796449593134,0.04513405517727406,0.002518108152218081,0.25443541445434603,0,6
0.10964464385189288,5.2844104088507423e-05,0.0159162101953615,0.016801993402037287,0.026719307930143925,0.0161737147403195,0.09057841033418426,0.040369050456957004,4.77909763723598e-05,0.6836960340086428,9,6
0.11723423393836498,0.0215727824510144,0.611781407090492,0.04695047885643529,0.011655290845984888,0.07019495997524236,8.208155115095914e-05,1.925400253637876e-05,0.11694776668710397,0.0035617446016747815,2,3
0.26836742297580013,0.0011100013506543259,0.023120856976061907,0.054600801330360396,0.0033612837301768275,0.0817613738969685,0.005811702988060222,0.16865822416832799,0.0003045450363538714,0.3929037875472361,9,3
0.014944875055416282,7.755399485804212e-05,0.7214910382418632,0.19316151903059275,0.0005329627088956179,0.04051559282263362,0.005371911820347418,0.0005923026762612527,0.00033675809607674795,0.022975485553055112,2,3
0.029881415914586956,0.08320651885143804,0.48361033654087193,0.35222009641028446,0.012133179272240894,0.026000730613436097,0.0003885744100346985,0.0003620359169240383,0.0075451334294115695,0.004651978640771158,2,3
0.013402178148682012,0.0006733122676949286,0.023831272741003485,0.9096231370018114,0.001795296603974541,0.045949257939180047,0.00032302565077834935,0.00017769964418783968,0.0013721036201967958,0.0028527163824906485,3,3
0.02478014236125272,0.013250183608598871,0.3393074838635258,0.5718430980298634,0.019406562375175143,0.026619616005655558,0.001570575202147369,0.00011447584512026909,0.0003131718931626927,0.0027946908154980526,3,3
0.29511574221526576,0.0015105339748516982,0.21664004192338165,0.2766234686127411,0.003346380966759914,0.1724272670576316,0.004184219371030937,0.0037463568299228255,0.004236788812663284,0.022169200235751294,0,3
0.4741078197167953,0.059487274328949,0.3668956203023228,0.037841542168196365,0.010356417859908502,0.04197723853993843,0.000139034956015231,0.00019539236352119558,0.004110094675674816,0.0048895650886781414,0,3
0.08350348443956765,0.0035467508277647816,0.1090065623270516,0.18817576340105663,0.26143782060765974,0.34084702242132625,0.0050234155100028505,0.00018380340899178536,0.004023027444918516,0.004252349611660099,5,3
0.02352046480045272,1.0022748628607256e-05,0.22909359020016476,0.1314339896094744,0.0005977659774217159,0.04871170410963947,0.0018832652934318227,0.0006522081269091187,7.33492451283334e-05,0.564023639888749,9,3
0.02656870451054423,0.0020147047140716295,0.7105276551345456,0.15056052978365078,0.01268654231120728,0.09095648742913062,0.00036738483790130217,3.841420190988615e-05,0.0028595948855898662,0.0034199821914485426,2,3
0.004295875786690613,0.00014463027914469665,0.016119926473696675,0.331354008568847,0.005652426728740272,0.03818889931249569,0.009599921010630716,0.001845335073730866,2.7643106455660425e-05,0.5927713336595678,9,3
0.10338053566150651,0.011489985862381974,0.19555336402301432,0.3249590996718359,0.032831442304115936,0.20179502110228728,0.0032765420300634156,0.0036443799738837546,0.0018809532980643268,0.12118867607284667,3,3
0.07411238635939744,0.0052658399287168825,0.33435179156251765,0.5180146458795205,0.016962916110634992,0.044787708534921686,0.0006520539155237996,9.552724930317786e-05,0.0010057352239483067,0.004751395235515603,3,3
0.009586010469758662,0.000945974927142439,0.07140838460051394,0.6447586262460906,0.038156558905545694,0.05369478641811512,0.003626930573207015,0.0002105525312032538,4.2743438906629134e-05,0.17756943188951674,3,3
0.19173816470389943,0.013139710480164522,0.5447428618642659,0.16691816390929803,0.003617464223541563,0.0662007455944874,3.739214020946579e-05,4.7247042054786415e-05,0.01173652727207421,0.0018217227700046672,2,3
0.10326254092636024,0.0007786192978099253,0.6873547392735326,0.08852316230802819,0.039768648125593505,0.06568779523473092,0.0010274572573489634,0.00016046303260935265,0.003971289469300585,0.009465285074685744,2,3
0.1444804059707138,0.0049664957526809675,0.11714320799530402,0.6760478476423478,0.005801828830825527,0.022629671716690468,0.001065312516752991,0.00036988812055091454,0.00020450165383596427,0.02729083980029742,3,3
0.5246113704847876,0.0001688455700010864,0.07480498083020848,0.05952758777221615,0.0061261864865032175,0.20734978587327965,0.0076790466267090225,0.006270375170347968,0.00322398535812293,0.11023783582782407,0,3
0.01253778067544378,0.0010994874562939927,0.023393083365391386,0.9035709679760128,0.005443185328746889,0.04994258652444054,0.00025284611002423894,0.00016683420361342086,0.00020684529601845008,0.003386383064014644,3,3
0.030603112887413922,0.0003642904850162655,0.4040566165780972,0.39688111068393617,0.010047629133004006,0.1231761367750662,0.003734483524876866,0.00010861733128189515,0.00020952221805974522,0.030818480383247828,2,3
0.06080036098259722,0.004421140381512475,0.018062574130831312,0.6015636183848486,0.1570917878896008,0.12060079842859694,0.012370731486120829,0.001030048540292081,0.00011957444234715717,0.02393936533325263,3,3
0.06875684692929276,0.0020409210994162767,0.5774982023901496,0.1893130495916863,0.00776950173160095,0.09095542627754687,0.0030428141985320446,0.0048273200778793796,0.001228245365240504,0.05456767233865535,2,3
0.02410244487232421,0.00011556910285686658,0.2967796596770753,0.5944568271463205,0.03112290396740758,0.030752188126361664,0.004478585307864238,0.00017091265381302705,6.667658277751273e-05,0.017954232563199068,3,3
0.08295122360618357,0.0003508397190162875,0.3440266488081389,0.10486851094633604,0.054626320853500415,0.39832682887659177,0.0011053677953639447,0.00021434961267705337,0.0016339656426105909,0.01189594413958145,5,3
0.1020305334236707,0.00023300636369341955,0.596342539835085,0.11020884411780146,0.005113010579913225,0.17635590855789618,0.0005131979449913709,0.00033162139208709916,0.0021090195209813385,0.006762318263880028,2,3
0.0028409083621139986,1.1636885442079723e-05,0.007665859600745176,0.01524437707731533,0.00014699773708913693,0.006596254523956335,0.0012921474419056566,0.11947812526790351,9.804651661446233e-05,0.8466256465869143,9,3
0.0344356095322614,0.0011612996964494753,0.18748125206835525,0.6830880624364986,0.00033999439285334223,0.08512093240381997,0.0006154539449551501,0.00047186562522272073,0.002802021555520069,0.004483508344063986,3,3
0.13045368527379336,0.02333928634620704,0.14680217796456185,0.10435444635177209,0.01130998320234149,0.04373069111103184,0.00012323096595470267,6.086260799282942e-05,0.5371344253757021,0.0026912108006428735,8,3
0.07127600004368263,0.177623415619033,0.08266348572042113,0.17297085249464933,0.026198305241685392,0.4481481084914854,0.012678444357253887,0.001426172020464016,0.0008631085038676192,0.006152107507457613,5,3
0.02890709445642583,0.0019340562164400104,0.2270847133582753,0.6756078215911117,0.010840409255554285,0.02519277151715478,0.0004804955326247848,0.0001226994302372148,0.002212600460605507,0.027617338181570784,3,3
0.22676284729025875,0.0024147599211001456,0.4102972717919701,0.22738052355838612,0.04740112665757503,0.06397134638649132,0.00013342904197969033,0.0005692018108611316,0.0023200194543968045,0.018749474086981056,2,3
0.02457772608682182,0.00395625599609493,0.09392020084111563,0.8348419568293729,0.014521953217172588,0.02276906385484888,0.000492161037002811,7.809731115981025e-05,0.00013718798374753757,0.0047053968426630545,3,3
0.3398158035390024,0.0016535760356073655,0.40688767322301667,0.10764387286234364,0.0004361703263291196,0.1133852786837543,0.0018330282468211154,0.001652690728483764,0.008593287299425049,0.0180986190552165,2,3
0.0642605245189605,0.0019408434521021038,0.6265569448453843,0.1545730775139936,0.010828914606492065,0.1170166181460944,0.00010496419627711692,4.1113899643333616e-05,0.019046417735018646,0.00563058108603416,2,3
0.01454232068934102,0.015140581320707107,0.6360720010346911,0.12760198610584256,0.060378412889351134,0.13436526818165465,0.0005729185818315863,3.8283575603226554e-05,0.00855864103701137,0.002729586583966165,2,3
0.10901817709727143,0.013597740234057715,0.6422425089909155,0.15285847157891616,0.011768144615322716,0.05993390715268648,0.00013307204703950958,0.00020933185577241346,0.0018167618886575426,0.008421884539360684,2,3
0.021556909479823777,0.0030141584630835805,0.07393307351625883,0.7889522627150405,0.014966920635293056,0.08181310542899474,0.001279993316304868,0.0012063877540803044,0.0007498915601136538,0.012527297131006832,3,3
0.04143316008146487,0.0017756530455091553,0.004727105477272522,0.08291198514849112,0.027802641068901443,0.019167521952553244,0.0009412253209964645,0.0036616387600555576,0.0010032076736954006,0.8165758614710602,9,3
0.2849678787724959,3.616506800546475e-05,0.0246488927629536,0.20489477119992666,0.012656769537529422,0.06407794527143715,0.014079777607828572,0.0019138823992002664,0.00018207002510182188,0.3925418473555212,9,3
0.1324738734645977,0.0013016899802912644,0.027319730068884395,0.32962834620360637,0.20590836912011107,0.17544457141023792,0.04207880101984231,0.0028184872007124455,6.799736985525595e-05,0.08295813416186121,3,3
0.3491241518312901,0.002395860278839905,0.05179514911455056,0.4424731705263156,0.013914678440217631,0.07398266282087212,0.0027913166822705355,0.008313754837127997,0.0014158961658115546,0.05379335930270414,3,3
0.044000740383353706,0.0015409052526658175,0.8565568958115053,0.07257337056644536,0.0008297864619683508,0.014315665609848077,0.0005093981722830895,0.00014235067773313103,0.00040234603632566094,0.009128541027871544,2,3
0.0673434898265992,0.0024216961658458476,0.5039566756131834,0.34606300060862355,0.0028893641873043055,0.05158004996394235,0.0001329757927543688,2.1047961489571788e-05,0.021276264688767203,0.0043154351914904375,2,3
0.018076617733875366,0.001098769882542923,0.09916722686088077,0.7994435270985025,0.014243005375099396,0.04462393962534718,0.00048206312538782325,0.00041266180726708845,9.995269277629154e-05,0.022352235798320894,3,3
0.056323460616021934,0.004292007713755633,0.3155735888374677,0.499495356961099,0.03920255124028485,0.07933652898624285,0.0013010318973737378,9.772720889509491e-05,0.0019924739695209312,0.0023852725693383125,3,3
0.5083201944237075,0.00039975372818749146,0.047526493367540584,0.05945119917679763,0.005924151914019884,0.09742576537384366,0.018797509644930828,0.053527042683519335,0.0011398820688556003,0.20748800761859737,0,3
0.2778536729292119,0.001818368860072876,0.554104099527721,0.02225751796613385,0.0055860549562694,0.11698557660329445,0.0003199969950009671,0.0003181774754296104,0.009037023116859439,0.01171951157000648,2,3
0.07083008782001778,0.005159700214781831,0.05659605788453248,0.810087439044362,0.0107613749366659,0.03474827506384441,0.0003434822069948827,0.0009154461578986214,0.004985434583212242,0.005572702087689851,3,3
0.13083442725760613,0.0009998678983008694,0.15296117989416577,0.22644862377523603,0.29487186081718286,0.055039862921104125,0.0005333855480453753,0.0018881062292950106,2.7134685008362192e-05,0.13639555097405545,4,3
0.0894922135436387,0.0005555091405404141,0.29828458727487883,0.537846457860627,0.0047982441281009935,0.0560856450877876,0.0002250377881834747,9.712318239344942e-05,0.00389925302804279,0.008715928965806731,3,3
0.03141560180209297,0.002723549846235982,0.0635661627880638,0.4522691699235274,0.01581723706995554,0.07395751536512962,0.001497229486080009,0.0005461521345422966,0.00045556649336872876,0.35775181509100384,3,3
0.019075433281640613,0.0005169158846895351,0.03856209122755213,0.27637281515534745,0.220722607054239,0.4031134981910769,0.006117863407554172,0.0005580451316581707,0.0013254841693434482,0.03363524649689862,5,3
0.1651052804740847,0.03471222205590724,0.11906914758857666,0.6648415954603448,0.0016834516180698183,0.010207756301713802,0.00017742155921743409,6.115909430409553e-05,0.0018512057828685975,0.002290760064912783,3,3
0.026302180654555578,0.0006428709733811034,0.7915228475515643,0.12985637784971726,0.0003261592408451588,0.03582121448890099,0.0009417718840748714,6.255600571145177e-05,0.0002294949426402429,0.014294526408609074,2,3
0.24946683710640197,0.0007389824067821016,0.031981042794813355,0.5111566633742272,0.023891428591527316,0.03902624703942517,0.004324117083419335,0.018020948915649697,0.00022448262522966104,0.12116925006252435,3,3
0.057986080672075155,0.001327243003148878,0.24709137804383435,0.6560395007211433,0.000446054738527527,0.031857188173616297,0.0009028787030577661,8.307304300736111e-05,0.0018777640126711552,0.0023888388889182492,3,3
0.05019633994840427,1.6155865779811755e-05,0.008540362519195575,0.09346745939810966,0.002979404530006955,0.005777570240007611,0.0015166566031948104,0.01906425428393248,0.00010571100057727785,0.8183360856107915,9,3
0.05206244549209019,0.001964555514658342,0.10926597536891247,0.6603987441761803,0.12582046434077948,0.037688346108341264,0.0009451042396892984,0.00011835291145724145,0.0014738545747903422,0.01026215727310117,3,3
0.0583606303264203,0.004470449650717309,0.7836744516940147,0.035577272057004464,0.007985074380600303,0.10276745330837607,9.241534541409209e-05,6.381108421034358e-05,0.002454637356839714,0.004553804796402738,2,3
0.7946555248724346,0.005744971562529386,0.04278121366554886,0.013394877703334576,0.0028536714327634157,0.07088543322034774,0.00032171022857211296,0.00709003421627364,0.0015068990561974806,0.06076566404199818,0,3
0.020751785712198156,0.0008560177523152924,0.03260274965678121,0.8060260894247647,0.03726128083515974,0.04474988994600759,0.006250223237361779,0.0016093294815953743,0.0007130730567632329,0.04917956089705285,3,3
0.019196754241396594,8.157903173175741e-05,0.10011346044063041,0.5299936817183097,0.26751341625348957,0.07456660303420906,0.0006919670532703143,0.00037270603947308695,0.0005858947513235164,0.006883937436165986,3,3
0.019080763875149207,0.0007682294697295832,0.013294815171743428,0.8530635228200034,0.01936149328950122,0.07733193226220117,0.0038188213255157533,0.0005466794581726955,5.06285605674847e-05,0.012683113767416114,3,3
0.09771217635473449,0.07505305025181262,0.4375130867699572,0.35888191419821985,0.002200603139767854,0.022127615773015717,3.4076524134700855e-05,0.00021126679350843154,0.0026487026296809543,0.003617507565168209,2,3
0.1258189937566297,0.13856147843768454,0.6186082393884387,0.05132221451009508,0.005818439364599681,0.04994870386355292,2.7817409130431124e-05,0.0005411820379939642,0.005764236818941123,0.003588694412934029,2,3
0.1243826316071495,2.7288913010805174e-05,0.030970313432132635,0.15470946018938664,0.010408766745197341,0.3126056227712478,0.010092550482701862,0.0015915937219571025,0.0001825055383564959,0.35502926659885986,9,3
0.2351155337214483,0.00207655655513907,0.14651244240215075,0.3626971132864553,0.028898462924919228,0.12734649084690078,0.00039367105450591026,0.0014434730801479011,0.08887374347898257,0.006642512649350123,3,3
0.017639292878325115,0.000932165332903266,0.06492104463848189,0.6222958446462629,0.06443250492229291,0.17987864771138234,0.045559170104821696,0.0005067392527486625,0.00040367640274259443,0.003430914110038699,3,3
0.1206948218996704,0.20229099752620347,0.6177941936179349,0.04592970357207707,0.0024543510092900466,0.006695241008589807,1.3042613990221173e-05,3.1472394043981316e-05,0.002062374126291985,0.0020338022319082846,2,3
0.044539095026627284,0.0030418667401071386,0.29401219959023384,0.5389224259858193,0.014259590148876141,0.07452600367616616,0.00013364468763759707,2.3931441042510498e-05,0.02739918577382403,0.00314205692966608,3,3
0.004581713354519547,5.515971693490512e-05,0.04122915789670526,0.8169953472863539,0.0057208937122542915,0.019265809308749982,0.0021634511620328718,0.0031961323588812654,0.0005605935425065833,0.10623174166106147,3,3
0.04180864069554777,0.005408569989342393,0.16902907778490428,0.6725165128449492,0.03137960361704272,0.0715917387220557,0.0018761572343545586,0.00020457611884711906,0.0001498587236951061,0.006035264269261396,3,3
0.05785591014307355,0.002156309477817776,0.021473116064552794,0.7866195073319722,0.009375876765794745,0.10918606388576717,0.0013128989052136034,0.00044362888059588636,0.0009396242516767582,0.010637064293535538,3,3
0.02823595655845751,0.0007044241934877449,0.054883206735983264,0.06465020939114163,0.09398286494777852,0.7443428500906601,0.0035918979743723685,6.258091771828021e-05,0.002466033833097304,0.00707997535730325,5,3
0.08505626548406583,4.779377563120551e-05,0.5677494347969096,0.16187885259617077,0.0003361283608816203,0.16917812811392582,0.0019788273838082164,0.0007807876149875725,0.004756585123449525,0.008237196750169684,2,3
0.01583302862977583,0.0025709486711691424,0.018223082671925024,0.9214820166956125,0.006087330518287477,0.01870083260337356,0.0010598559138688055,0.0002543976782175086,0.0006891513197624204,0.01509935529800773,3,3
0.2430317888714995,0.0020168969801065808,0.2057131533275486,0.03822219417130182,0.025310833652808475,0.46803208257548773,0.0018724061622948395,0.00071327448173554,0.0094339882689243,0.005653381508292689,5,3
0.010498893693554312,0.000717873616403525,0.2629007235695306,0.6993930327496128,0.0003847888414711256,0.019730289415278976,0.001636116816712749,5.7003606483938946e-05,0.002258032524628932,0.002423245166323058,3,3
0.02241444608225898,0.0003630471636134489,0.04459157557306624,0.8118818083900117,0.00502459782311926,0.03594636009961305,0.0018016062240520721,0.00033880725531200504,1.8312709106336675e-05,0.07761943867984694,3,3
0.007970531795334516,0.00021878414112026085,0.018161044741600654,0.45311069754187666,0.00577486152434611,0.08038980720261713,0.0032820334674065303,0.0025001855034420457,1.3079729763883438e-05,0.4285789743524923,3,3
0.03750765455676773,0.0003034941618235631,0.625145928936866,0.04719562413666082,0.001589219062260092,0.27925088449931196,0.0002611373615426216,7.111537237860239e-05,0.0006207485785280259,0.008054193333860562,2,3
0.12294398729313596,0.0062159243059006315,0.08683812675311775,0.582493034337615,0.04652583996713225,0.0672643338882465,0.0009558150286662706,0.006521749693803739,0.0015431175677393441,0.07869807116464253,3,3
0.08531240600630059,0.013653802087470914,0.33315386255922386,0.03559444455625127,0.11386140947913209,0.409325062338316,0.0012835273589590292,4.1190931171228805e-05,0.006567840966692455,0.001206453716482683,5,3
0.22911109206718594,0.0075127004787482275,0.0161264266994701,0.3236297708446566,0.0741193758770515,0.05904122721297122,0.001626744827072884,0.013741978793650526,0.0011116365217120174,0.2739790466774811,3,3
0.08948410594395736,0.00488163712802742,0.069233134320964,0.22107486829035566,0.24489505792930888,0.31702981065389957,0.025213880240502744,0.0008790443962725969,0.0014177709335197726,0.025890690163192075,5,3
0.06424714622165983,0.014062146273957611,0.7792299082698436,0.03484994248005532,0.0005155213895914895,0.07121918019225454,6.018283476461174e-05,0.0007436683080219031,0.025362480928506202,0.009709823101344972,2,3
0.31506999662482504,0.0074605979722574415,0.4711601547718093,0.07454426420066414,0.038313257965783276,0.07539360633341874,9.662304141591628e-05,0.0004916275289250659,0.003384855235095521,0.014085016325805628,2,3
0.025335222535581924,0.0005771451991913411,0.0030024238597193575,0.03203207617580484,0.03196112976428794,0.03460067015173619,0.0017618176631666147,0.0008197383855956108,2.873489346619796e-05,0.8698810413714501,9,3
0.15852234240585888,0.009092248571027337,0.06351370371454551,0.045390520266619584,0.021179972318874602,0.5537492324756026,0.001021827309092546,0.0017474217743219207,0.0009822943469044274,0.14480043681715274,5,3
0.03635073568123112,0.01686036514606739,0.7945221371650361,0.10965495346976228,0.0054520834803164974,0.027429466083909393,8.066837904480463e-05,4.419525272165601e-05,0.004502009753728214,0.005103385588182631,2,3
0.0421841111511902,0.0009039023600478595,0.35621393028951825,0.0815119378022289,0.006629211694165602,0.03319359467915474,0.003330816234896522,0.0004608911136733368,1.4366819187098073e-05,0.47555723785593745,9,3
0.0050359282335677436,1.570311746476956e-05,0.5778664591579625,0.39184731723259497,0.0003038854579030867,0.021725753167124173,0.0005052294189748168,8.895760828999034e-05,0.000935206128878925,0.001675560477239077,2,3
0.03000399802898799,0.4882460617002212,0.37022865959577933,0.08575688149277702,0.002383501000780763,0.014686087286827198,0.001499026657766618,4.5440767921159e-05,0.005986756906171851,0.0011635865627669388,1,3
0.11418918395637138,0.004835020252963684,0.2591719073631198,0.11519426675324115,0.012237057261097781,0.4839077475889375,0.001263526903781597,0.0006298106884825978,0.0031400557274770856,0.005431423504527357,5,3
0.1474988021249761,0.00011465072229262813,0.7185130806634212,0.041458129002734156,0.002301136763789578,0.0625189425364523,0.0007734945068687691,0.0030161055192624592,0.009541134178349793,0.014264523981853034,2,3
0.030079181717990282,0.026490244443911952,0.633562997321778,0.29838835035375244,0.0016670138805772036,0.005598317029625984,3.13256900365774e-05,9.369555556344016e-05,0.0028839344420888502,0.0012049395646754509,2,3
0.10040244384205016,0.0023393621377399963,0.12283257713378143,0.6961121383036073,0.004225965975064936,0.05606211668608073,0.00012365707447351646,0.0006923325826436265,0.007420174635580556,0.009789231628977728,3,3
0.0038941382070213004,2.817420592774821e-05,0.016287505703224736,0.18548268129038925,0.00021265852431756211,0.014057058640858239,0.0022876249704023065,0.02971907028959094,7.9594340732345e-05,0.7479514938275357,9,3
0.1694288178092984,0.003952698912354388,0.6999705549720573,0.081497833033616,0.004372070634356157,0.03262450585446703,8.194194642948327e-05,0.00015443369461621634,0.003472379173423792,0.0044447639693814215,2,3
0.00714122418107829,0.001462603968290611,0.014192453201322314,0.573848583283925,0.2943294534214069,0.07836439268178094,0.026711721575167248,0.00015858545494066567,0.00018014372133855547,0.0036108385107497284,3,3
0.4933940449127598,0.005026376628481602,0.017102028432676254,0.09290324764065416,0.009816162592913256,0.12264879644301599,0.016075042776302968,0.057056410101526976,0.005824255161965864,0.18015363530970321,0,3
0.14038565904816336,0.001173293304806736,0.3012320243448865,0.0391803305754359,0.014927774294033264,0.3199778157463935,0.0005061195007181172,9.487097886968452e-05,0.1802058190611807,0.0023162931455122673,5,3
0.005630476961028195,0.001024140000544898,0.0075870216570677225,0.9166187854026525,0.005431742758322611,0.010269092959552504,0.0009213910618467757,0.0007393723062487213,0.0006433581933664675,0.05113461869936968,3,3
0.0743382272052274,0.012399590956752374,0.8120258157510457,0.05284050713250628,0.0013008373600128477,0.036680517733073875,7.183584392190554e-05,4.022830772917657e-05,0.002782835462200557,0.0075196042475297546,2,3
0.3127201537373851,0.001288895780656969,0.2097122238911647,0.3741152009664102,0.02475019087193143,0.059249831389240844,0.000601386358751355,0.00039635313438468654,0.004501750597620501,0.01266401327245419,3,3
0.14607411533594755,0.003149215037431111,0.7162902597587545,0.03940305501080747,0.0018724224779942914,0.08152093549807404,0.0002274750471785809,0.0001695133651978726,0.0044871521491820525,0.006805856319432573,2,3
0.38428911739651833,0.0002262281457265235,0.10813567952900198,0.27585864267592314,0.004676767992106933,0.0657306620855192,0.0037057437743400487,0.011146615256562608,0.00010748679713614253,0.1461230563471651,0,3
0.47552563621226585,0.0008836064890450952,0.06508209072008278,0.06648558771824115,0.0009726461248346226,0.19567089790468994,0.027154337172719003,0.007431723352021165,0.00609496420092346,0.1546985101051769,0,3
0.020162317668927694,0.011512291968352696,0.431210617570401,0.16636505517841674,0.19446703462838338,0.1620298662203933,0.00028192578289893864,6.22330098861927e-05,0.012657795849042992,0.001250862123297065,2,3
0.011515052592536646,0.0005354464152911927,0.028749330747148853,0.20871239542762035,0.3728460948780906,0.360305872108945,0.013079230251211653,0.0003934632212196455,0.0010030574783546065,0.0028600568795814824,4,3
0.1028662453378669,0.006381771141671899,0.40261256715661453,0.45020517082584205,0.0014201932581966005,0.025033875402325073,0.00016165419122864163,0.00030241298586918946,0.0002776106484856615,0.010738499051899372,3,3
0.043145211618434334,0.0018405565455472095,0.12046833177725513,0.7974377868888264,0.0006958448965037336,0.030453189509326527,0.00029956212067466017,0.00012160764098522283,0.0020123313626214043,0.003525577639825499,3,3
0.10467140394883036,0.0007309751921354489,0.701918145392176,0.0781633951897916,0.005781068893720534,0.09357778277464106,0.0005130386235429913,6.898681953234283e-05,0.00035682956192865055,0.01421837360370097,2,3
0.3279641144477455,0.0074474434058942945,0.0627384057951526,0.4638018449854281,0.03174358458431134,0.08228166686178992,0.0013339597915414739,0.0010680135604795166,0.001761299468383879,0.01985966709927343,3,3
0.36440650999768576,0.004727826742304917,0.15541845682564467,0.0834274423510524,0.027740177910164227,0.35256514844409215,0.003994058644425052,0.00027701220073772314,0.004602984452049772,0.0028403824318435186,0,3
0.05265583998821964,0.0006522030239316043,0.5748861725893557,0.3272693724177178,0.000978703274507781,0.034953727706328055,0.0011364142211541858,0.000613296223927592,0.001489173218864912,0.005365097335992721,2,3
0.055260396094326286,0.0013625667816145788,0.025320755918494028,0.24667435216666078,0.023390212541047464,0.05997105918458596,0.006981151669347228,0.002134453832897638,0.00010680985891857434,0.5787982419521074,9,3
0.0073605321258059485,0.00023977406972100718,0.4534903877043476,0.508461234251501,0.0005885955817022212,0.023635652812637197,0.0014179044302606151,0.0001394628869005836,0.0021223978909919454,0.0025440582461320653,3,3
0.25290260134504566,0.0005267874706982199,0.16278611887917216,0.33438407384029484,0.06926131403177103,0.1514897484997255,0.0005731835388218284,0.0004264767972104952,0.00027964045922780465,0.027370055138032777,3,3
0.31072849757601956,0.0032671034122389647,0.06788654794942986,0.3556772860775518,0.020265180196087806,0.1963566607517115,0.0016812257604570822,0.005688168845667979,0.0017568271006843388,0.036692502330151026,3,3
0.09724694058176277,0.0016460644146984453,0.7543109858655676,0.049735133968901335,0.003746687393409917,0.05343052741857983,0.00014398136995514082,0.0005061234896582528,0.0007103807830411934,0.03852317471442556,2,3
0.0729679153667237,0.025127993103131456,0.72096042867289,0.004243237705835219,0.00492175356626171,0.11277545413586189,6.345735599516897e-05,0.00021763398846464223,0.05765323691197894,0.0010688891928573785,2,3
0.36995825090470336,0.005268590491348274,0.13764619508176776,0.42325463591233375,0.014995119722926336,0.021987789568532902,1.6327645830267562e-05,6.187150819549501e-05,0.02409646895131414,0.002714750213047748,3,3
0.02446635161512121,7.373512272680182e-05,0.3102010343322603,0.6051503458294795,0.0002750663122324999,0.04754106245640554,0.004527302885216593,0.00019417939308395173,0.002833613600765514,0.004737308452708082,3,3
0.05684936405331942,0.00018473000670289912,0.7339599403607131,0.13905240783424072,0.0028251486629440707,0.031187503829434176,0.00019508126355524333,4.864576749749446e-05,0.032886053199838866,0.002811125021753893,2,3
0.11316274436016635,0.0037361964957664867,0.03213491777730218,0.35977860332523187,0.024964869128055872,0.2264051262683088,0.012445358601581035,0.011268150257188476,0.0004185660878666865,0.21568546769853233,3,3
0.04595281063567227,0.015902334041595464,0.09404166856298657,0.10378881315471032,0.25295423381371895,0.47297348160301556,0.008299340510083533,0.001354835444599325,0.0020931413237846573,0.0026393409098335124,5,3
0.4704555388122735,0.0020522857306852524,0.015361296658438689,0.280968369069432,0.029714007831413425,0.09459436084061155,0.0077114327587124625,0.004298244745263838,0.0011083460342960227,0.09373611751887315,0,3
0.03104182164845501,0.007485748924858775,0.347260904885395,0.5763393476969609,0.010893634070176118,0.020945613361035845,0.0008611805117238916,1.654678485819048e-05,0.0029182874851797396,0.0022369146313566224,3,3
0.02149261589425597,0.011040850731228668,0.9056358936784225,0.045414048160583545,0.0009407489443765096,0.007150843858146675,1.544140468183085e-05,4.747948406663193e-05,0.0021498414888754427,0.00611223635536212,2,3
0.5859276550520589,0.0035695350188688284,0.09767605953439125,0.11014249464214432,0.007082813167063756,0.1657510607002247,0.0013271802824414351,0.0029566983438164126,0.003992292672144376,0.021574210586846165,0,3
0.6291211971262531,7.36356719654645e-05,0.02305835124488553,0.15938548943471437,0.031965602593131436,0.040213478594807395,0.00776049684150197,0.006920729884466751,7.606756004141727e-05,0.10142495104823265,0,3
0.003509694823748289,0.0001452916748643402,0.011456490109333953,0.8922675904753559,0.005491376605339606,0.058732014974354596,0.0016150555504148914,0.0006931426733945551,0.0005116580060141421,0.02557768510717958,3,3
0.015124558796545238,6.933585370934765e-05,0.8241440390462691,0.11952878887172423,5.359060391926979e-05,0.026169616569468,0.001124657317899037,9.088785373994689e-05,0.00034510665959810733,0.013349418427127897,2,3
0.015801012897141965,0.00961288209190758,0.057644493351420203,0.8653715062362741,0.01225840749572585,0.028551021815178084,0.0007136828809026412,0.0003371876137640875,0.0002534621309954323,0.009456343486689925,3,3
0.07140186267409894,0.005237159653279479,0.13557464544655767,0.08830734539924052,0.02627375576342816,0.6583683839624842,0.001966806502147937,0.0003575766099572286,0.0075268697560333725,0.004985594232772462,5,3
0.004599559479460333,8.955176013880506e-06,0.005806396144250828,0.04274056219545603,0.00016074264306983007,0.006560257268339528,0.0009865244417088177,0.021824156066807925,6.748373550671592e-06,0.9173060982113421,9,3
0.04113924668135786,0.0025084383801703626,0.0242725511884658,0.26292099391345125,0.32910423673520683,0.27041561446639983,0.06035773911454552,0.0011909108169098675,0.0003102085452194575,0.007780060158273327,4,3
0.025538702436165718,0.0007368683336299865,0.48165273000905945,0.42539231277021183,0.0017970674688611203,0.04933919966319829,0.004000319622307431,4.645816078124747e-05,0.002115401364870534,0.009380940170914372,2,3
0.013996078694490746,0.0006049474943872029,0.022105764214454635,0.18804868484900616,0.007368508635047325,0.09908734999551655,0.20349515532386042,0.003055156373802713,0.0009910423383262942,0.46124731208110803,9,3
0.1686680700748413,0.00023901900648455203,0.08580614738241882,0.04564687179010794,0.03791749107096281,0.6353974053205702,0.00015598574829497043,0.00021059512281431023,0.009514768127410048,0.016443646356095153,5,3
0.06215009683754822,0.005961058764803527,0.4082731324012423,0.4566160461608315,0.007266546918325722,0.049796246348760065,0.00034400452368032726,0.0018421979451142187,0.0002868642027434046,0.0074638058969507485,3,3
0.1298305637996533,7.499307816390344e-05,0.003082363731396737,0.48221103715222663,0.00611109832247315,0.009848811855291153,0.0017013752884658226,0.008250702466757538,1.3461164369509134e-05,0.35887559314120215,3,3
0.015225269067656425,0.0005611782359219069,0.7155435532518291,0.0968174427624087,0.003540683908368888,0.1334059915631839,0.003660875325560535,0.0027479862106245595,0.022076560266551186,0.006420459407894881,2,3
0.08754814935809864,0.0010255973201124646,0.01654068757898115,0.11035725162372965,0.05924125384870406,0.5938352402869325,0.000611160002074188,0.0020524240679521077,0.0001837879977279983,0.12860444791568712,5,3
0.05569643862348704,0.0593602144384999,0.30800109756662086,0.5321365974549055,0.015863030924385166,0.02009919624984909,4.63814915230165e-05,0.000279389455521367,0.0030036111269283313,0.005514042668280062,3,3
0.1831778743292729,0.0016609065435317597,0.15304787648687954,0.027183592986393702,0.02774122920120435,0.562130098097253,0.00021539175437490922,9.067197237936714e-05,0.017547927199955633,0.027204431428754738,5,3
0.049013712069251536,0.0010311282620011142,0.03473909667352401,0.49201280500039213,0.006363977088658813,0.05722298428963532,0.020207150327571283,0.027987375390395634,2.460807593333081e-05,0.311397162822637,3,3
0.012118842895409564,0.0015928827837514078,0.03795993785888587,0.8998611026836751,0.009071544965166154,0.02892056770071061,0.0011121322422944803,0.00017749772372753302,0.0006392170310149933,0.008546274115364145,3,3
0.1139933506784649,0.0029729200090237284,0.635182920337058,0.0381573792387937,0.052602918757093706,0.14757149364394825,0.0002990799766846221,0.0001899108681717342,0.00519780247932842,0.00383222401143285,2,3
0.055950422272152425,0.007708361747673408,0.008624908338589261,0.4327511177640573,0.05792495541929211,0.08784056642130114,0.03617051213974309,0.020467512571770437,0.00014337403899692576,0.29241826928642395,3,3
0.5023371687400983,0.03424715192177217,0.33834795687725616,0.031226741228909262,0.006021646306486493,0.0524241716318609,4.464091832284829e-05,0.00036049520528921993,0.03308181019817177,0.0019082169718327995,0,3
0.04337319374637646,0.0020192228355386194,0.003206019059222342,0.6836033291799688,0.1850750835117731,0.019959739047979243,0.0009095267818780895,0.002526200408363993,7.946782622601586e-05,0.059248217602673445,3,3
0.04731968402884433,0.003166147548350389,0.005941549903818695,0.49651378135685387,0.32178253154474923,0.05553694979231377,0.00866282167838197,0.01810245399105154,0.00027478898031949793,0.04269929117531671,3,3
0.03954317769952836,0.0003582239815992204,0.0959084814713583,0.608706176939466,0.003977095841437571,0.13633432078068125,0.002047764390754425,0.023946133952545672,0.08127438362347114,0.007904241319158208,3,3
0.006240608925870324,0.00012244040262108575,0.31048975842147314,0.48765826826641,0.0011064187994265094,0.10136267237389936,0.0017419906622667292,0.004615753324850994,0.004910118514973929,0.08175197030820812,3,3
0.10102733236949413,0.009393869244397099,0.42693770718200635,0.3766486985277794,0.0010014072780681353,0.050989690779033904,0.0030592455952395377,0.00015234350840926926,9.807449371965919e-05,0.030691631021852545,2,3
0.44623651632667,0.00045620063186056466,0.013929989989262115,0.31800717405542805,0.011911986327885676,0.05203464725370235,0.006955951699930706,0.0037751287154966623,0.00017892284222194407,0.1465134821575419,0,3
0.0031943601721958377,0.0005027948401730132,0.0056177750192223375,0.973045711784356,0.0036686783506766534,0.006447392644979326,7.941597810951305e-05,6.400834633714455e-05,0.00030499706359148683,0.0070748658003588275,3,3
0.014423434681985594,0.0006891205286977541,0.016040747737523762,0.8598603719213254,0.006938302616427813,0.03856530800696137,0.003483882055218558,0.0005541205196980613,0.0017873094839279359,0.057657402448233815,3,3
0.34364601145455526,0.0018316221954959096,0.008112172068081193,0.3992166334971663,0.032190402080522186,0.03482657168798673,0.0014323372033583455,0.007044558199482373,0.0003755927605490018,0.17132409885280273,3,3
0.010660877624277098,0.00133719030869063,0.016358957730026952,0.9427805108264155,0.0017529367499626333,0.01320251982893506,0.0004099829771241645,0.00010293535598878446,0.00010965105894625726,0.013284437539632925,3,3
0.10527927868850939,0.19177128950069908,0.38625913780105087,0.1632453161918741,0.01861861902907421,0.12615080034124387,0.0027122691593099626,0.0010777791375404745,0.0013964128362681997,0.0034890973144298923,2,3
0.7478380281853577,0.00043294585045531566,0.0345869175881132,0.009986483154414734,0.002435786541954572,0.15264194312418272,0.0011193242426577685,0.004476429272886475,0.005048134200921976,0.04143400783905547,0,3
0.0837675268721129,0.00024645950472212394,0.001021044208881139,0.6949175423224809,0.058612635267726636,0.006280909864243336,0.0018682438946550214,0.1223270375097279,2.6146746809488003e-05,0.030932453808640566,3,3
0.028702218717328407,0.0004376796432807736,0.17365980539555328,0.7301099168084422,0.0074710737800964015,0.0339652169466447,0.0018474326829381659,0.00021494890962918894,0.00012438423539414377,0.023467322880692802,3,3
0.035247275291596755,0.005157989052646168,0.14620509050188302,0.2074172184104705,0.463163103860611,0.1363180198187262,0.0037202854013574007,8.389100781292626e-05,0.0010774300461654919,0.0016096966087304969,4,3
0.029618678092816854,0.0008901486390193252,0.055357940704046454,0.7904185074396654,0.001620684966139381,0.1124283335276783,0.0017313472838427677,0.0004480657894795574,0.001564235283511036,0.005922058273801104,3,3
0.09902627048836778,0.0044795510472624995,0.022701998086441487,0.15379574966457873,0.21825920672126356,0.49052121767442225,0.003606063377866461,0.0001242904024580104,0.001915860087704507,0.005569792449634779,5,3
0.01992251655716272,0.00427239851262321,0.04469548072604537,0.6931870160178587,0.0196186405586654,0.16978359030010826,0.003687826875729813,0.001323895424923575,0.0006569746403355973,0.04285166038654731,3,3
0.04286233127566417,0.0004524337695177612,0.024354938233696475,0.6084192437100162,0.05298225471970167,0.07079205274905087,0.0036298091294612676,0.0051834282081142,1.7155624381003515e-05,0.19130635258039652,3,3
0.020277329665508752,1.587901698279345e-05,0.07415688607662782,0.5714954469549186,0.058766073189984766,0.20093876294598606,0.004141536775863794,0.001207446737524498,0.0036156119572246744,0.06538502667937832,3,3
0.19227879684153046,0.006532294375113835,0.500440913122444,0.05858337108536521,0.0066235809678748744,0.2055830784347752,0.000127430847086772,0.00011858227173213673,0.004734284864360926,0.02497766718971667,2,3
0.042242204706646955,0.0032961559817412858,0.08728955238675323,0.8289695330501223,0.01167260999991494,0.011281446282230661,0.00018422898361487405,0.00028366293777584543,0.00998435662854198,0.004796249042658088,3,3
0.004586597758588504,0.0018455041084496741,0.016751784100391267,0.2710936351038939,0.49097742737164357,0.18199713680737495,0.022510773423660424,2.793453912349667e-05,0.00993099169392046,0.00027821509295381636,4,3
0.110733455703696,0.013916287714153859,0.7245450776764722,0.05832107534258438,0.005953211032435717,0.06597355456956533,0.00048526486444208276,0.001619094492805466,0.001806203080175989,0.016646775523668923,2,3
0.3145213524783911,0.0016428974066104924,0.04032145390948121,0.2520128894030162,0.015040220872638,0.07056076499225392,0.0009317102455676607,0.0014900263218671297,0.00013384003505155888,0.3033448443351227,0,3
0.19185218804224363,0.15108599600102116,0.44015036195512336,0.08121940505652614,0.004157501048876998,0.03802498387553526,2.5085416922480204e-05,8.76327481770239e-05,0.09220810288115058,0.0011887429744234764,2,3
0.22995995129645938,0.0023195606499343433,0.06734032465864657,0.33412237461151173,0.0581492539112196,0.15324233746028323,0.0038443087878156012,0.0029727479092671767,0.0008231413592199306,0.14722599935564243,3,3
0.023651125285568217,0.0008800232157636749,0.06170896304132962,0.8342679835852593,0.008883988063789969,0.014850618958686109,0.0006981880412752514,0.00019903426887379384,0.000350298535388886,0.054509777004065146,3,3
0.10274076359730797,0.0014694938972385826,0.6836043528552406,0.07219629359247881,0.025499790777872046,0.10365061926988657,0.000804956630642045,0.0001655180580430051,0.003073689460376408,0.006794521860914127,2,3
0.06752209835766763,0.3910102123913659,0.42307137525751315,0.10645831958610771,0.0032042289549349266,0.004678074987652046,1.0503607222479829e-05,1.8168117829608246e-05,0.001705629548800999,0.0023213891909054218,2,3
0.018718816598150792,5.293145987928939e-05,0.5197795296999476,0.3402531916168442,0.0019650459899127615,0.10551802884112454,0.0013539857136172445,0.00029102216282177944,0.00387065604561313,0.008196791872088747,2,3
0.017573166966045637,9.302886611218966e-05,0.03104690394667984,0.7102484324142547,0.09422576101377883,0.10759415673446407,0.01842933161337575,0.006721264434304981,0.00014466921233455146,0.013923284798649445,3,3
0.020478847092321815,0.0026076293914142107,0.0515916642150728,0.6064833895905686,0.054528312610336416,0.10503360809125008,0.00850420777901714,0.0005964278437718885,1.1676639722267114e-05,0.15016423674652507,3,3
0.054959199091685285,0.0006765305885061324,0.3768562136679256,0.5259262343623498,0.0038307862746666567,0.026980874195320102,0.0001623453950830614,0.0004213963035895794,0.0002684448178614504,0.009917975303012262,3,3
0.09113488146440853,0.00014834313519093375,0.49059303130238474,0.26240915926587505,0.011177733608256829,0.133375002033951,0.0003109523699656089,0.00012903598634244275,0.004982286588481348,0.005739574245143527,2,3
0.5902141149250351,0.0032936530927634034,0.004026969735560457,0.19437990727742754,0.11024112401835258,0.03179126939858421,0.0008725235540418381,0.003308037944114544,0.00013304720847416134,0.061739352845646064,0,3
0.16057382769238074,0.003011727990212682,0.33056559995722046,0.04324787366921502,0.002547131296563556,0.4191395439794328,0.0010852960185340308,0.0027720150977216308,0.024018529186331426,0.013038455112387767,5,3
0.22354456868514738,0.00590666691012355,0.11617627251418455,0.024093447521322486,0.008822723823848303,0.5882169044606521,0.0017483666479821006,0.0011587424846494993,0.01410818540064291,0.016224121551447097,5,3
0.09269010556490906,0.00015160632303543855,0.21722604077041327,0.4004770127192665,0.041999080445529025,0.1759240302491201,0.004353727204543101,0.000614650435630593,0.000938152978199589,0.06562559330935319,3,3
0.6374484496705012,0.00025272382150339434,0.005558171456516112,0.11394793456270882,0.004495366605780711,0.0355348049809182,0.007470673910941181,0.03259021166813831,0.0002032898799091318,0.1624983734430829,0,3
0.058709004726806194,0.0008814726693260922,0.8243500583921779,0.042784192474959924,0.0039461972618978335,0.06220467961131636,0.00015226757607056466,4.474810057882803e-05,0.003525717563702702,0.0034016616231636564,2,3
0.01413070664212323,0.0008487979445794871,0.022753712712526814,0.6916730816430333,0.010965424413406059,0.19381325523851367,0.0064599447624239,0.0009153503217352691,0.0011159935941846952,0.05732373272747364,3,3
0.0757915629759611,0.001198769197278289,0.6808417867274021,0.06417306773949535,0.041769805216163344,0.12348770249660723,0.0004712907998245269,0.0002410127339645044,0.006536219556684652,0.005488782556618915,2,3
0.054592587040491206,7.708126582731596e-05,0.49896849195741,0.13364650256345598,0.003432597759729436,0.20916872589183622,0.003168635874403588,0.0057339835394774885,0.0041676823699357025,0.08704371173743315,2,3
0.0276006775378529,2.6693399585121356e-05,0.03719059541298527,0.039584775678512034,0.0005017411890462422,0.10277400096139992,0.001587843085190636,0.04541910343772089,0.0007015395822917108,0.7446130297154153,9,3
0.19452832994851949,0.004062142931135744,0.6349500018505543,0.043943737704145065,0.007663786123888609,0.1016900803738804,0.0001616024699094308,0.00031723403473719934,0.002906571036145921,0.009776513527083894,2,3
0.024542643513024594,0.004630025245210452,0.060981299668090246,0.7707268290422152,0.020786550324203814,0.038676566380507066,0.0002921629458938931,0.0001750353464089437,0.0004605035903344195,0.07872838394411133,3,3
0.07773676944975028,0.001031528505968357,0.038674510342571425,0.055904139521192844,0.035513943115708435,0.1623567542144306,0.007251958977455342,0.10672977110015602,5.630239100005268e-05,0.5147443223817665,9,3
0.2780599205556914,0.010422468174036515,0.04696116483089097,0.23657873678345923,0.15108910390685829,0.2511187097678558,0.0016518510315387683,0.0010835668871110346,0.0004356013303562894,0.02259887673220177,0,3
0.0565933390730145,0.004617874776891893,0.26942432457133714,0.5996301363655373,0.007634122002547742,0.04818710004645794,0.0008361232224478927,0.003732454887930208,0.0033632080050507297,0.005981317048784625,3,3
0.12088900121753363,9.002577066809352e-05,0.01276052175903919,0.46066373594747995,0.050943714515070224,0.25935671503817714,0.004107368789395536,0.0006955671712497816,0.00026554733880891916,0.09022780245257755,3,3
0.06571526690793586,0.0006082661135905689,0.8236276220349865,0.05922277682762002,0.0008214585195895236,0.03689266403642895,0.0007755241884716401,0.0011736701323079874,0.002605973309439986,0.008556777929628903,2,3
0.3625451089244024,0.023823179463134867,0.17862048691693366,0.23510149675530334,0.002454096444643113,0.03694410231806944,6.678665498029459e-05,0.0002587795068771538,0.15903771488780416,0.0011482481278517146,0,3
0.07830750734007046,0.0017333818268026819,0.4234001301396127,0.40881288108731206,0.02905921020135338,0.040615610969182786,0.0002946479956909058,8.074460400117728e-05,0.007675026369365633,0.010020859466608259,2,3
0.05515381067294972,0.008718414834908124,0.0219671928389516,0.7046050187874362,0.03153813146125895,0.15649400173758626,0.010452923902253674,0.0017825174682402556,0.0014783437172095023,0.007809644579205724,3,3
0.058021274793334465,0.0008918947953084938,0.14091133937052816,0.18080184695940718,0.48165072914715235,0.06298099482923361,0.0017354738518368486,0.0005918959729514614,0.0005148718993591005,0.07189967838088834,4,3
0.008844507371450698,0.0002633080888765078,0.7692090772254211,0.026108338133170393,0.005836999803861766,0.15550545562577608,0.0010697868571078288,0.006844071551966664,0.022542907162958797,0.003775548179410164,2,3
0.15714130532485426,0.0012369243064103339,0.020378729312104753,0.26104889546654964,0.13655498283310155,0.09791403583351568,0.020101563558175054,0.009764478160847764,4.386340536284167e-05,0.2958152217990782,9,3
0.17991454958423095,0.009577348655493884,0.24491846540814857,0.3192152837534662,0.024227595059088208,0.17142793439371204,0.015734571802886975,0.004157560614093395,0.011722866886654186,0.019103823842225663,3,3
0.08955165221292263,0.0005597914300388453,0.013734252262786153,0.5103057481533679,0.05162370626063192,0.1515238357070412,0.01794393811340439,0.006053114452646462,9.983332800368368e-05,0.15860412807915658,3,3
0.020345415776952792,0.0007035186869963365,0.22926738877395977,0.5213493877387317,0.012322536154313262,0.1473776384110553,0.031703466493452064,0.0005181456080689336,0.0003086734565575736,0.036103828899912246,3,3
0.06629980993471234,9.730967381314748e-05,0.48119248101440193,0.3146356044575389,0.0013297744512885297,0.12608739012310155,0.0034072063292971237,0.0001265720364540506,0.002494474753854449,0.004329377225538114,2,3
0.09217080694046045,0.0002716138831519874,0.21788822079840856,0.5547371099723287,0.06777161173099167,0.042869557129426264,0.0001990425810661341,0.0001659615829453179,0.00025867749791481996,0.02366739788330612,3,3
0.013689475121497843,4.898622003532346e-05,0.11177733270683457,0.7701361494122534,0.0036450388859611653,0.04719919404981533,0.005116057890046018,0.00040555516143390416,0.0002207421892047215,0.047761468362917926,3,3
0.23706063660914867,0.002437657593960471,0.09850880846949742,0.23913103614737322,0.012097097760247907,0.07814680256131461,0.00024494704569114545,0.0006085047766699825,0.0034294141238205116,0.328335094912276,9,3
0.0990342859256085,0.05840904482538189,0.6066854770569663,0.021011223159515736,0.01885118056744579,0.1730739148555354,0.0001411998270728425,0.00024184445020178764,0.020373235734406938,0.002178593597865059,2,3
0.008179298344150347,0.00022691595783610083,0.025350008188961274,0.5568311056270581,0.006989644062333702,0.031657468166701425,0.024144845126789355,0.0015311477754747123,0.0005003166054560659,0.34458925014523906,3,3
0.06912057484699771,0.0027948645994778326,0.12923477349272172,0.7753308230182945,0.004707842529439471,0.012115845082162176,1.3703515018503705e-05,1.9260900134867914e-05,0.004054925390191489,0.002607386625561723,3,3
0.07487474409747799,0.009170993942244318,0.8710302694987302,0.017416998164780685,0.0033790284340331532,0.019689835049935482,1.5883572073451666e-05,3.416312174522503e-05,0.002596826536812728,0.001791257582166501,2,3
0.00919158084054749,0.000766387136295264,0.0045498667923971415,0.545351860141466,0.2623361939979544,0.07775936094543258,0.02220436467699288,0.0013527585337099427,5.321761225858034e-06,0.07648230517397844,3,3
0.039713232885363846,0.0002029838498786796,0.019373839458623372,0.7055765426402574,0.04754070043236641,0.11556717286512416,0.007710066821716523,0.001713424535709141,0.0002628361743853181,0.06233920033657529,3,3
0.2685231254353926,0.007874286863283658,0.439107470415142,0.03230185881459971,0.0524818200729718,0.18674956363877548,0.0014611351525924809,0.00033584016353832493,0.007475659212117547,0.0036892402315865432,2,3
0.025600077348604068,0.0016293239501932132,0.6203878516333126,0.20243502883645118,0.004995620648815226,0.13594390967261644,0.00036184643203607866,0.00013291240673707304,0.003962291995881312,0.004551137075352893,2,3
0.0018164659705341938,1.2264719794394695e-05,0.0016435049131246619,0.019256811429355446,0.00012004225500883881,0.008767071208052332,0.0027498525627770456,0.0071130248792342695,0.000208121644517219,0.9583128404176017,9,3
0.010487097451268185,0.00011665402976112032,0.002404605752800652,0.4590780883148167,0.0013267193148768653,0.023810848849337755,0.0022122458792086645,0.45420494588607013,2.0788071366315887e-05,0.0463380064504936,3,3
0.026616226425604288,0.0002393727298109227,0.3489125317633646,0.2952978945025496,0.004489393096076389,0.14546113715273085,0.01039832740890212,0.003181673771253373,0.0007125157858245091,0.16469092736388344,2,3
0.038374688682127685,0.0006125593720566855,0.10763320084668268,0.7988453122513945,0.007574268672161558,0.01656701280524963,0.0013232898288092678,0.00010268208820710487,3.116901191875945e-05,0.028935816441391867,3,3
0.18339781343359346,0.0028945167709692387,0.32983299670035926,0.04807129724647309,0.012886378412108702,0.4029895226691994,0.0005615413927279051,0.00012230921419802832,0.01727043562013454,0.0019731885402365416,5,3
0.3223209049815282,0.005867258016879968,0.18212415281049885,0.34669163859882374,0.05042507658952264,0.05532455555617327,0.0003581967200050163,0.0012823507594827478,0.0017513267340770113,0.033854539233008546,3,3
0.06434747273283609,0.0017681301446656524,0.7724044059999082,0.07809213158915035,0.027403185819387107,0.04585363628499832,0.0005655382861636801,0.00010445771859432729,0.004105593794187101,0.005355447630109037,2,3
0.111271759485035,0.10546901396623493,0.15969118989700837,0.18649278261034608,0.2847806968392622,0.14263892113807042,0.0072633855801239895,9.199388526387493e-05,0.001260980988972139,0.001039275609683002,4,3
0.021583699885117054,0.000442805150883453,0.01978466052270224,0.14098856476484783,0.04904981261599401,0.07736727770381886,0.026407370103711258,0.0012939386253898104,0.0001145273498427311,0.6629673432776928,9,3
0.018836209240875465,0.0007245302900719063,0.1299879273351243,0.7297198813431675,0.0009468521669552614,0.11131416996768247,0.0008688886954098653,0.0001208208507312412,0.0035674502272660404,0.003913269882716111,3,3
0.00882636376581289,3.8562852587070396e-05,0.6304715078504103,0.09428039755784529,0.0007863959753676426,0.2574494225187482,0.0005682911600382577,9.65547320324438e-05,0.004681521670893028,0.0028009819162649746,2,3
0.004192394201198345,0.0019069674642089862,0.018393150878233053,0.5314194843771753,0.2721686543941623,0.04644211467702355,0.030195537470296796,0.00031056601649620297,0.00016993488706576565,0.09480119563413952,3,3
0.03833374676186958,0.0012736310539147317,0.005641871169538032,0.8379348738391545,0.03972725923796074,0.05129784125194432,0.0037242105905108125,0.0012340423500496341,5.745993651298861e-06,0.02082677775140628,3,3
0.06382261574071334,0.001405886972567123,0.17983148457391926,0.10280566485296544,0.016001617563822217,0.6086286216624023,0.005627954769046662,0.00030689048684635694,0.0007243912895985033,0.020844872088118936,5,3
0.014883710296812465,0.0003115081343823502,0.02057541636196756,0.7727009067797329,0.007424415807279311,0.08740544661986524,0.0013126384656116197,0.0010241960734505284,0.0012805404601803402,0.09308122100071797,3,3
0.11664750923994682,0.004921648964111,0.7476780804127259,0.025732929000033777,0.021861286728245208,0.06561221954430316,4.768256527013574e-05,0.00010815712248032193,0.002309425375611731,0.015081061047271926,2,3
0.029897893605240464,0.002623140943931905,0.004024617102261974,0.2861683213435082,0.0716486205457921,0.01660642499260657,0.004947191159970839,0.0016342370673646774,1.6907211607400272e-05,0.5824326460277159,9,3
0.3871949638820983,0.009715463383022972,0.2614846679083293,0.04307926316502903,0.03478355371825057,0.25163508412273183,0.0014216837699827973,0.00012404365145592933,0.008982742377652057,0.0015785340214474193,0,3
0.07061858878113518,0.09451035653751597,0.3491190874266595,0.08169644578491232,0.09816582619407524,0.2928693719852011,0.005258248196662912,6.560331718968256e-05,0.006459351307970094,0.0012371204686780002,2,3
0.14876337344314902,0.0008683346583624519,0.08745534972303631,0.7031635605048111,0.0044111954627260395,0.04246266473009103,0.0002908061830608691,0.0005960041470885267,0.0001899776060867642,0.011798733541587947,3,3
0.004023209778163249,0.00035639563213890054,0.010843017170619505,0.8219066528666004,0.007982120291462398,0.04092707600661424,0.017466146759576306,0.019548244053834533,0.0006323257339783257,0.07631481170701204,3,3
0.3439809514954729,8.757692522450185e-05,0.34105038319657704,0.08452666963404507,0.0003519785950052419,0.09480998024517553,0.0024718910208137695,0.011379027958953448,0.004091781634160324,0.11724975929457214,0,3
0.13630016093607372,0.0027954256612821495,0.2124558051152393,0.4218518507474146,0.026287010540932618,0.188816769254225,0.0003956556879981082,0.0015054968520790968,0.0019335522720383906,0.0076582729327171264,3,3
0.12095641123315393,0.0208819755944835,0.15085596954605246,0.6837473605406464,0.001442993556107637,0.016937265785638974,1.4545162012257814e-05,6.373177788930595e-05,0.0008563419473273484,0.004243404856688109,3,3
0.37987439101684556,0.006373533639397153,0.014029571114373885,0.043213005963585994,0.046727632745975856,0.13479993516380168,0.013592526321207866,0.01509304601824014,0.0009091286159428515,0.34538722940062905,0,3
0.017541738613605938,0.00018223680836541606,0.19146973346753035,0.6634856394835993,0.009515186844988413,0.07668833290091724,0.005513291088354347,0.00034600686043353274,0.0002302817660161526,0.035027552166189316,3,3
0.03405623155982329,0.0008393870406496562,0.003030647722023554,0.01198245273825877,0.38890409980931456,0.36162588658576456,0.010228444339581928,0.0011864335145814302,0.00021622600869542684,0.18793019068130684,4,3
0.07093142768525994,0.0046708017356981105,0.048414007847822134,0.8486078948034719,0.0034243033236413824,0.016046644563765755,0.00011218966273588469,0.0005573719470214221,0.004297366592724747,0.002937991837858856,3,3
0.07147441904897253,0.0004561550713528149,0.028737112838272624,0.0010639225927788218,0.006877549304924187,0.8594772327460057,0.0006802483745640903,0.0014823201827173405,0.0031269715598193095,0.02662406828059271,5,3
0.280538663171683,0.0034023355852175778,0.05772612646222311,0.23524584273899654,0.053101659023363806,0.15979386651986208,0.0012429512480174104,0.0015370456828372636,0.00012948502669516811,0.2072820245411042,0,3
0.010683327818740967,0.00020236539709173897,0.009562345165621289,0.2990595453196444,0.3970141060845534,0.2201425281577249,0.033971504566546254,0.0005183010189841269,3.8367821580228485e-05,0.028807608649512734,4,3
0.042147145103950984,0.0031848908124629807,0.355124168987621,0.3449047790000938,0.02794829647685661,0.19623651859324873,0.00032019757045365863,5.5963895136047946e-05,0.027082503170027028,0.0029955363901492393,2,3
0.039436766601405535,0.0036148876268703805,0.063664522401218,0.8641532644311538,0.001869864856091345,0.003908710115413853,5.229427709869327e-05,0.0001274947655385895,0.02102129139327264,0.0021509035319371025,3,3
0.16032140065709533,0.11233689926575229,0.2857421844757372,0.37149759982959857,0.004508852429813365,0.007621562824588073,3.414641623614459e-05,0.0007284487541489894,0.05406592529965156,0.0031429800473786016,3,3
0.17239904508049286,0.0019662522080196513,0.5788812435026689,0.11134827701944111,0.0035195592065917027,0.09178544381329858,8.445962544552058e-05,0.01650071773853827,0.004089683433131085,0.019425318372372432,2,3
0.023448280703989733,0.00028546758153185167,0.017668167226157716,0.8327009647893867,0.006374913972714807,0.07832968147614926,0.0007671694876590586,0.00261920489053217,0.00036296996151301535,0.0374431799103658,3,3
0.05515794054083771,0.0034118220241106762,0.0706980764691995,0.7899142607544116,0.0245420547384525,0.04865901741797312,0.0005885580127480847,0.0002179382293088932,0.0001498335990187748,0.0066604982139391216,3,3
0.20321386109547318,0.10622262899960706,0.5591421509164759,0.10401456289323006,0.0050723586165605655,0.01608823882845259,1.2601476140942771e-05,8.251235700622001e-05,0.004566348486429917,0.001584736330623501,2,3
0.2462043854217373,0.004278390405010785,0.2714862792226281,0.3379569241524236,0.0193176601883546,0.11140974504898016,0.0009496018531278199,0.0005502414936496192,0.0005884522744844568,0.007258319939603632,3,3
0.12062404845871808,0.002604559560781926,0.441770312891685,0.12624323350875988,0.008356872214732775,0.29226726251240714,0.0006403335147131009,0.0002675819969345213,0.0026462721741283795,0.0045795231671393296,2,3
0.003173769150342825,0.0006008376378327956,0.019091004399450138,0.9210112743551466,0.0022683746407078514,0.014434751138598498,0.0005806582028141324,0.00029227401402105144,6.27076460983125e-05,0.03848434881498761,3,3
0.5967770042896561,0.003964674770154889,0.06437411536595948,0.012006106809462666,0.00926428497981615,0.14077526310157018,0.00026435167925884266,0.0064050310065041,0.006322991030143078,0.15984617696747433,0,3
0.0009713800186680863,8.967332330504228e-06,0.004578169596210653,0.024045772294442477,2.0069124004840007e-05,0.009930856971944901,0.003076376315330432,0.1312994415918571,8.621667934842875e-06,0.8260603450872763,9,3
0.13924300528484862,0.051148820974169784,0.2897514629003142,0.47174340859206154,0.0007584997607986365,0.022673121119043,5.880639003634043e-05,0.0018929520677799499,0.015641173284119847,0.007088749626827927,3,3
0.43239411843249975,0.017471958314726324,0.26726838944932513,0.023158662000845372,0.025321826246298806,0.1912330214094193,0.0042667197234018085,0.018901925971847516,0.0014964731389890892,0.01848690531264691,0,3
0.7778603060313942,4.1862699635860626e-05,0.01731834195191171,0.057213560294691754,0.009185476248115654,0.05148755380248149,0.013167575712236555,0.008416349676846445,0.0004984055565382349,0.0648105680261481,0,3
0.010689002389282866,0.0006697967323505599,0.02876178853911359,0.8814495717956524,0.009667608075339533,0.054069908294683014,0.0004713783500021409,0.00038746788593946806,0.0002874381790835753,0.013546039758552796,3,3
0.0365546344273148,0.0002742685932057766,0.5179977611825521,0.2760799631964814,0.0038033084631321386,0.042737882574168606,0.0023642023581269935,0.00032277957617027564,2.7442782881301676e-05,0.11983775684596659,2,3
0.09898581677397092,0.0009356903852386137,0.017381632635804743,0.5003554097041386,0.15679553365697846,0.16013683586826324,0.02172627801283917,0.006827118967867491,5.289849315979065e-05,0.036802785501739155,3,3
0.065606686690239,0.0008087254964024568,0.0458938673604974,0.7073886902296326,0.009308061518990834,0.14530155153676053,0.00461682691957675,0.0006490798666919789,0.002584843773481765,0.01784166660772679,3,3
0.1688535233857172,0.0002311317234703911,0.09588825118363489,0.07378557412601555,0.0022634049416732946,0.5940045807154088,0.0018079564801032609,0.011472060884874543,0.04031575739211696,0.011377759166984965,5,3
0.2201348601143846,0.0006029963387449215,0.0024519146172184434,0.21708366954806085,0.004478608942058815,0.008345233609765575,0.00024875064624419266,0.009611515475974712,4.445369450689028e-05,0.536997997013041,9,3
0.0477563014225819,0.0005443992101461943,0.35776390252963186,0.5503375690374637,0.0066741541425971475,0.031239599349168493,0.00044876846076791384,3.101027578773744e-05,0.00015438815539934873,0.005049907416455664,3,3
0.004881419022821125,0.0043689079092416455,0.012493920895125812,0.5252985533834901,0.2720271075336702,0.049146725644618514,0.036230257030942944,0.0003278395619948068,0.00016268385372383387,0.09506258516437097,3,3
0.09379099985055964,0.0004009704290923588,0.7811970701339961,0.07651922364625496,0.0009316931260121152,0.0374365159523725,0.00021657574596292982,1.9628412813449483e-05,0.0030914442539555706,0.006395878448980433,2,3
0.12782029669156547,0.007842576439953342,0.0895866374378223,0.008492372813550426,0.037561959878404466,0.7073889029985282,0.00026085193041398656,7.283835792295857e-05,0.008292751473720387,0.012680811978118378,5,3
0.4346856335856743,0.011686528158512767,0.25645643246232475,0.1320435808353452,0.007137045120371743,0.12106708039719602,0.00047892024151969235,0.0006329821900170668,0.002576186277583614,0.033235610731455124,0,3
0.051103500714017994,0.0008841641114429972,0.6542208267339542,0.16713197713100583,0.0013395780459383138,0.10773782797254963,0.00013798565616126576,0.00018160973881707545,0.009873817783758974,0.007388712112353906,2,3
0.007991788772812312,0.0008398402507561967,0.020194130302725488,0.9050710875549921,0.002408554023540759,0.04635134499111896,0.002000340832309891,0.0012368639861833357,0.0004352391733000151,0.013470810112261061,3,3
0.10603706188215666,0.0035925241859714203,0.6811753027798291,0.16112028270329048,0.012695610799115702,0.028798777017456235,0.0005101776711209341,3.021659851440167e-05,0.0016302656422441469,0.0044097807203009945,2,3
0.021270269498714262,0.0028277034403010127,0.031599830596191744,0.6607789768525395,0.01715726153115623,0.20095393034755427,0.007213900625746487,0.008773882353235535,0.0002820705952683019,0.04914217415929262,3,3
0.01964195377115969,0.0004707965510838882,0.05926898841352012,0.8283083061657568,0.0020842797773369115,0.0776291108091762,0.0007004858781838666,0.0005326499825714624,2.2933580509460403e-05,0.011340495070701787,3,3
0.13429033858080128,0.003611262229851931,0.08676054423427493,0.4002377172989491,0.021671797783906495,0.2721870609158281,0.014283566857686095,0.0031536357506821264,0.0009318721235184218,0.06287220422450167,3,3
0.028076125721385316,0.0178103601569381,0.6812526218902184,0.2579331135599964,0.0009283734809743269,0.005617638150522191,3.096014736598425e-05,0.00010436889375423246,0.003967609144389792,0.004278828854455342,2,3
0.09077337119247642,0.00048725805025531756,0.023934821795219993,0.5642267351676179,0.1246260349785093,0.055069557643448036,0.002529399527380544,0.0013130246872282312,0.00017667417994508608,0.13686312277791923,3,3
0.05617445896685888,0.0008826876397424456,0.017549030225165983,0.7022014198498411,0.07514142894637198,0.016439974816141057,0.002869287835243935,0.0318774944834366,0.00048045862160602703,0.09638375861559217,3,3
0.005599810316162863,0.0002606062762986372,0.008780907023015734,0.9071536306447316,0.0029112132071598498,0.04098343506483296,0.0011130258015609553,0.0019582197803141863,0.0007088907749528093,0.03053026111097018,3,3
0.08712856248479613,0.002425004253866327,0.09955491455648591,0.005852907258238168,0.04158005216624891,0.03217402772654664,0.0006917759858202728,6.624662078554577e-05,0.7302171670601628,0.00030934188704923173,8,8
0.022355675536007993,0.0007422297217463973,0.034115792544572685,0.005134815965633175,0.0024503602719895836,0.026921294868033737,1.0484747522762606e-05,1.531655420916168e-05,0.9079581000379657,0.000295929752318789,8,8
0.150365292771226,0.002003100021092053,0.0793981731343544,0.006500787583071406,0.013636446310304947,0.6453090409507953,0.003369248014814129,0.0013799398381967685,0.08622827012117756,0.011809701254967362,5,8
0.1752480918850165,0.04066277210127446,0.6866702562906492,0.0024229088169520794,0.007888886826830716,0.0529836791526351,0.002170380767358678,0.0019236184097627584,0.02860009910931613,0.001429306640204684,2,8
0.002831997930546177,0.00011643180892963767,0.0046963991712896305,0.000790191422066733,0.009508323327533978,0.019896521860907384,0.0006572563774314372,4.096412297117182e-06,0.9614835502804971,1.5231408500682813e-05,8,8
0.45993131891666605,0.03251913427750779,0.055138625014860554,0.005738353876170867,0.0006844283704104785,0.10979532446293536,3.1828505854252415e-05,0.0008039244710927859,0.32799483156542336,0.007362230539078621,0,8
0.14858734446124916,0.012234864968933216,0.08387900395793023,0.013579081692078792,0.1218198381704003,0.5977497284779857,0.003468154059910508,6.874282060174487e-05,0.01667186866087428,0.0019413727300360355,5,8
0.22001751475459114,0.04765634948287525,0.1802597510599409,0.03887553796109293,0.3348001058456133,0.11240127804023108,0.00030296707407490806,0.0006898329276863002,0.047440286348482255,0.0175563765054118,4,8
0.10043206988433845,0.007941710725597732,0.42370119259163974,0.001900476493429096,0.025254696656998674,0.24340580947752394,0.00025676660367343585,3.2930727878104535e-05,0.19673684229380667,0.0003375045451141874,2,8
0.12475001428985387,0.009140988238162711,0.07562642121975076,0.00046517029235744765,0.008596495742248704,0.7088523174071563,0.0031503418475450143,0.0003360641540943583,0.06779881386531036,0.0012833729435206874,5,8
0.03171792111018218,0.002077424679362733,0.02883466145838832,0.024614205749288603,0.002519565959995017,0.03341675940762681,0.0005824950879602716,0.002378970900786401,0.8659406316718463,0.007917363974563444,8,8
0.0144442578242433,0.002655198887486715,0.031088561207678646,0.000960606779218716,0.004103234845977544,0.11059510254068569,8.554434085323666e-05,3.193209440961804e-05,0.8359223140593939,0.00011324742005283179,8,8
0.041590882508824326,0.04470570433187345,0.3924380522627186,0.004766523805056184,0.019150958489295627,0.44160583976901346,0.002786755738083095,0.0012258023640681261,0.05054961856358224,0.0011798621674850346,5,8
0.1322091007597349,0.034367131962441885,0.3032483977949588,0.12056095877761422,0.012995037291985364,0.18193483307402808,0.002709050423929687,0.0005694540513194132,0.20121392781949998,0.01019210804448784,2,8
0.004323947936769641,0.0005139312130699557,0.0020189144105035093,0.00011912719508527661,0.010993345025310068,0.07329913172872725,9.858627604081174e-05,1.86150067108997e-05,0.9085413100822048,7.30911255779498e-05,8,8
0.021706027654955082,0.014373367204696223,0.6404715824164084,0.0595181192279129,0.08447504032524183,0.12662112953995489,0.00610927620640544,8.302031178577701e-05,0.046290760032906275,0.0003516770797331838,2,8
0.04015372220889639,0.000636474704649388,0.45930077905758226,0.04830985189302076,0.005431791975703686,0.2803513904177096,0.0004588613010504179,0.0005491269758387928,0.15554089137563212,0.009267110089916512,2,8
0.3905365467068242,0.005256003591820125,0.3916894003228992,0.0032966303146897092,0.001874837197715787,0.17339182506956988,0.0017640844494901788,0.00020866000162085395,0.02885839205428284,0.003123620291087467,2,8
0.5649542178879068,0.0025903907208050863,0.056630505041913734,0.007871584878001095,0.007551141003012473,0.3175330728389814,0.00242755307491533,0.003378401565587874,0.014250511377154908,0.022812621611721366,0,8
0.007959963364173626,0.00014706697747764682,0.6930495976330057,0.015379558065840921,0.006102316188923641,0.18493541803463276,0.001290034349481781,0.004842314184405574,0.08154080240951903,0.00475292879253924,2,8
0.06637003661907698,0.005048319089130107,0.4918826539811842,0.005024090482166038,0.009739285557187678,0.4037545182712814,0.0006035347905677558,3.5521300990653545e-05,0.0172021288006323,0.0003399111077828999,2,8
0.004875364289761127,0.00357029209052698,0.03431542016944287,0.006151614951803217,0.00876315818922667,0.04218968135609086,0.003134218328897164,0.0010623454121130157,0.8926156439405349,0.003322261271603092,8,8
0.09005140326904969,0.008579887550478057,0.2605434286573658,0.0067494652746015234,0.0966601878290352,0.1531074851214547,0.00023101944027824887,1.8560995142116994e-05,0.38396994001209367,8.862185050103363e-05,8,8
0.02926541286015667,0.009608665725687486,0.059369301578118885,0.04133713831410714,0.061008825909016726,0.026523365755443874,0.0015687750286730129,7.068880779331252e-05,0.770971637545,0.0002761884760030787,8,8
0.014055385927395605,0.008681084407567645,0.11490873653200141,0.0011186951385582836,0.19639010040860624,0.13465773017837085,0.001059889082911192,4.985126793902299e-05,0.5289748666738827,0.00010366038276710559,8,8
0.1821631595476309,0.06603633036299841,0.6310960816196819,0.010897546315680745,0.0033475263239193366,0.08315849550959979,3.16344140864648e-05,0.00013147912339325237,0.019731884991494426,0.0034058617915149352,2,8
0.01273953138513174,0.0004308556831147855,0.909647005661444,0.0035054729320758344,0.0009053590587132379,0.057130471214590604,0.00017056911045279212,0.00026069695195343984,0.007576886245985072,0.007633151756538679,2,8
0.2715387721277689,0.0017494374961887662,0.22010912342436634,0.0040428428611748255,0.0008824341753472323,0.05570661701363868,0.0003488232769097316,5.707517258104897e-05,0.4448177105793997,0.0007471638726248464,8,8
0.10693641873889465,0.004005441318808212,0.08497847277815672,0.006047215320380259,0.004251638689061638,0.07774993584105563,0.00010079400965363962,2.8238680900749635e-05,0.7147693071433422,0.001132537479746481,8,8
0.20014432132860793,0.0021254086522504998,0.22882511665821353,0.005441406251939289,0.0001743809319220529,0.3002051080391024,0.00019678518534165773,0.0034331164162106015,0.22741748008087548,0.03203687645553674,5,8
0.22730948173117127,0.007209974578403145,0.07205462667739454,0.00905449977573777,0.0005069627054913725,0.11327611622799358,6.91961408399613e-05,0.0010453753029484696,0.5642421930055345,0.005231573854485365,8,8
0.501954897614455,0.04202710554803067,0.11950898700806187,0.0033069670548060105,0.03633338877136304,0.20881449310802555,0.0004186041757006497,0.00013640291738903628,0.08576094588326375,0.001738207918904429,0,8
0.09583236223062051,0.004559102712567608,0.626994402392323,0.03133651838289281,0.012346709411176377,0.20763308359137866,6.293663615695906e-05,4.9090586597777445e-05,0.015716458635047906,0.0054693354212382184,2,8
0.17771415136898988,0.004127883342334755,0.05949652063723684,0.0043640899461736635,0.0040978006220785505,0.1070216137311146,2.0123683558763243e-05,0.009040477218890532,0.6233691392177161,0.010748200231906417,8,8
0.039088362583712975,0.0027703317402374516,0.1971847824481514,0.16078007959185434,0.06602351952360233,0.5168639244699468,0.0031030394039285214,5.382914409986332e-05,0.01272295669768702,0.0014091743967793442,5,8
0.018808266156562427,0.0024600072662190387,0.01788764011025168,0.0005370500319814147,0.0041727848575669885,0.05936058259452364,2.5562902780108557e-05,1.4977810984240762e-05,0.8966978432720978,3.528499703245194e-05,8,8
0.08891736608732698,0.002052172625098688,0.12440184605732256,0.0059090104764799685,0.039043740906880474,0.09306033718711793,0.00021776541083701206,3.774839455252189e-05,0.6457890428582574,0.0005709699961264918,8,8
0.09558493872124778,0.005479058488381871,0.20814861356165898,0.6248354688873741,0.019212986012671945,0.03224270175846548,0.0005353545917453351,9.675352141144207e-05,0.0032383943771401,0.010625730079903046,3,8
0.059060820460265985,0.0053280872843435734,0.06721802821086181,0.004618621158960266,0.026319691369799746,0.26975716931837923,0.0012011087644166413,5.489294437767643e-05,0.5660308083888833,0.0004107720997118816,8,8
0.0505594108725296,0.0021279153117252157,0.2313283961337275,0.004807563266790276,0.44618096327976164,0.24217349402995964,0.0019566327384179013,3.180552544317702e-05,0.01806296534957338,0.0027708534920716987,4,8
0.03348790246637266,0.009247328440817626,0.024091677240638012,0.0029413682912275713,0.00040155762675256497,0.02566364211614461,0.00010399063759765635,0.0001698931267791025,0.9036634777710386,0.00022916228263148184,8,8
0.11366104291421078,0.03886311035079917,0.15014503124301382,0.02197667373260976,0.08318601306142126,0.18702418536629212,0.0013527738002345876,3.74785374916725e-05,0.40328617520092686,0.0004675157930000998,8,8
0.2299484221088927,0.006140282304761999,0.18287023860297383,0.004767440807738678,0.005173492448542332,0.12113777134478314,0.0006883985792015112,0.0018393004847232755,0.44256017625238747,0.004874477065995069,8,8
0.013095625184196158,7.01560392715339e-05,0.012425628365797279,0.001163831152304244,0.0015051448760777263,0.019826818162320965,0.0003858953831908877,6.284922487698818e-06,0.9514469320749802,7.368383937304713e-05,8,8
0.06546440049259726,0.0006884042528569596,0.19574957280109506,0.01820098838623064,0.015344291970086464,0.6820341434348384,0.001887762123034876,0.0005950751148605949,0.006420168585931042,0.013615192838468822,5,8
0.02278694238200585,2.5851254573278907e-05,0.30868146099571786,0.0016759789718595215,0.0007009238665841635,0.11305749859738087,0.0012892769793042644,0.0123802213381333,0.5064312319247561,0.03297061368968489,8,8
0.01330093154144775,0.0020062291785428294,0.011443526164213371,0.0008354362849583401,0.000257824216644944,0.0036549379094320653,1.4734853223360252e-05,0.0001038213940911195,0.9682533094442534,0.00012924901319258633,8,8
0.0041335320402345775,5.827608960013839e-06,0.02243561489759791,0.00793907135738212,0.003162657475334437,0.06630261252585957,0.001099387495711624,0.002706318586888871,0.889586281604779,0.002628696407251675,8,8
0.02297955848729495,0.0073464608866218115,0.2173213053940402,0.0012581025823052783,0.025602937776421534,0.17744356376053777,0.003901350349026811,0.0003326022506710556,0.5323201319690883,0.01149398654399229,8,8
0.01805830873152159,0.008193967132409996,0.06134788156570439,0.011588988491822784,0.003276122760547874,0.015169514345561871,0.0030004182722630176,7.219028332595105e-05,0.8781836536249189,0.001108954791923778,8,8
0.04482694678318458,0.0052868862289255705,0.04935623261842552,0.01147203161795864,0.0065437969182413555,0.3745693044860333,0.0007016715133302302,4.344386756894503e-05,0.5068777242904955,0.0003219616758364084,8,8
0.047631049741325066,0.028375050351040716,0.1804763955520655,0.009613095665812667,0.010873558277396028,0.6808928909097901,0.0010183086887812327,0.000648585807785708,0.029085454123205425,0.011385610882797513,5,8
0.005064054830758864,0.0003541606073283385,0.009848609731094169,0.00014578548760785852,0.004509266262787517,0.039363316002409,6.246850339095995e-05,8.446169362396736e-05,0.9405180132101495,4.986367084972453e-05,8,8
0.01853644002044648,5.6809159593805596e-05,0.6904370131457633,0.001872635055660026,0.001809536939200937,0.24410934394213094,0.0006113557994815731,0.006681317964760981,0.014430337725827136,0.02145521024713478,2,8
0.0474472618921415,0.0008663641378099923,0.0662291892215203,0.0009832753698742417,0.01014255430349116,0.6587574907621506,0.0018307947073085314,3.186732582398351e-05,0.21347712275461433,0.0002340795252653373,5,8
0.12067597764255804,0.001323025665643106,0.43132155412054146,0.019427957604082245,0.004866865588338597,0.019453065005101383,2.036808124101239e-05,1.8244162748904932e-05,0.4021761202482917,0.0007168218814535879,2,8
0.01143785098205704,0.005705045181937998,0.013545992916850878,0.0001990410019035421,0.00404170556415049,0.09798609978034839,0.00013170226455833607,1.0780299508850706e-05,0.8668262165773554,0.00011556543132916255,8,8
0.030745210069414247,0.0017246739960365726,0.06333490311425975,0.012239930129314645,0.0776378665654003,0.5283805161030581,0.0032160798412188838,2.3341112993808614e-05,0.28240340417106174,0.0002940748972419071,5,8
0.026720359155047377,2.8945835980219194e-05,0.26301215136004114,0.027145998207556164,0.0031334404770615924,0.1947302785006029,0.0009895928364447863,0.026786278616285523,0.4180717529054374,0.039381202105543016,8,8
0.1924530640512938,0.13691103431314156,0.28769115568127984,0.008640547119401019,0.005001583224863719,0.03947339156972369,0.0005299035945568824,6.275707546658954e-05,0.3289842728769244,0.0002522904933486355,8,8
0.021170272704963133,0.0030979311399384193,0.14893961562464994,0.025829069300775997,0.007672739312584906,0.20824084853652905,0.0007389464383956713,0.00040021762448978055,0.5834734464241667,0.0004369128935067212,8,8
0.07095697327506936,0.01019296179151738,0.12033566396659662,0.004370189430139657,0.0028611420549332703,0.3069725548455508,0.00016703168161122582,1.4258912828664024e-05,0.47767633703468987,0.006452887007063202,8,8
0.18567679788507102,0.07273663725770951,0.06780141260299175,0.027342501817551178,0.0009792256530073782,0.015211810338888332,6.187828093950353e-05,6.469810570059525e-05,0.6275335928869161,0.0025914451712245224,8,8
0.005423489881756389,0.00031237752468107264,0.00803458335503182,0.001152578753680624,0.0061086032636034245,0.010724108096710979,0.00315435455837132,3.331163696920022e-06,0.9650797489469849,6.824455482430587e-06,8,8
0.3976302218241069,0.0011015669072269925,0.03549649456121937,0.0006661722915554994,0.010875633027146689,0.46615689973008967,0.0009296945813201948,0.039978445000665636,0.03886962936657901,0.008295242710090146,5,8
0.0023861674832856275,7.617979965944468e-05,0.18663075459696266,0.010836223481558906,0.009886748601050216,0.022895076947666834,0.003120478458133907,0.0048852883746410124,0.5373880181606682,0.22189506409637416,8,8
0.003120470172334938,0.001427480802517941,0.010835333830793433,0.0022196598613350876,0.021223972311170198,0.010427070510898908,0.0003297311186527869,1.6773168379277029e-06,0.950271000250106,0.00014360382535300565,8,8
0.02091286823064222,0.005493519963079419,0.039643160373479785,0.004653333209793068,0.0031190887123923963,0.0495457674442258,0.0007023022195875066,0.0005130334610442698,0.8731815522239674,0.0022353741617883094,8,8
0.0029390768748009254,0.00018824469721701872,0.0034898804148985477,0.00029722213341189675,0.0013014037278354996,0.0432773647371941,2.0652885430635168e-05,5.420090907430206e-05,0.9484063715503352,2.5582069801823152e-05,8,8
0.12284363633015097,0.0007923863552075964,0.12283773689794704,0.016449644271567372,0.01919142903476426,0.10977687744394038,0.00010083763206736668,0.00017318908315563193,0.603497595050546,0.004336667900653385,8,8
0.10432628805184317,0.018147095356669255,0.08546971210526928,0.0128004687552713,0.014973990865567263,0.6173154308781745,0.0004147434837149652,0.0019956616555965325,0.14354382828557993,0.0010127805623136228,5,8
0.047218231566016615,0.0017474630217169192,0.006131017535584531,0.0007958627628094647,0.009099614739699525,0.06388771504821306,0.0007855330984597849,0.00026413972442822865,0.8524331137683604,0.017637308734711567,8,8
0.06902205368936314,7.625784828927647e-05,0.14337630877527957,0.0039370207107131934,0.007742443009326981,0.05152329960304857,6.841073868787942e-05,4.520387073356291e-05,0.7237896488687822,0.0004193528857758361,8,8
0.3957788086817591,0.00402057944595713,0.14602851630667996,0.02639516302371604,0.006131658386756954,0.13600973335590916,0.0001898336594029076,4.03607726387361e-05,0.28181875596432115,0.003586590402858974,0,8
0.10910770990299315,0.09802631012170943,0.3093524923553995,0.03875770159102515,0.005538541327345353,0.010593634109336895,2.2513378695527674e-05,3.165721661512858e-05,0.42734724563735327,0.0012221943595264822,8,8
0.01757686765407503,0.004721120800421853,0.024799521204780583,0.009496561974947438,0.000350566330206449,0.005733667507581639,1.283606933458507e-05,0.00025331442318755627,0.9367172567415093,0.00033828729395538607,8,8
0.0019143019025251598,0.0005806649605588361,0.00996758576798261,0.002347750966773609,0.024681119526287845,0.03285810813707017,0.00013979338701378585,3.803572605965466e-06,0.9274975991670484,9.272612133713356e-06,8,8
0.18180321004458022,0.00454119558421134,0.5593525265492828,0.06266005023746518,0.0037064586247975654,0.010261741213110786,4.323658086230821e-05,0.00012979460145597503,0.17538809479317075,0.002113691771063028,2,8
0.00031543865891059386,0.000392637163826277,0.0016805889537714238,0.00017473215745530968,0.008524934631199533,0.01799189112497853,8.493131967749683e-05,3.402513968055374e-05,0.9707913695856266,9.451264873714065e-06,8,8
0.09453859398409843,0.020772653254631037,0.1559115447279758,0.0021001906004099935,0.00470536215818414,0.1207918811362507,0.00040646087482795946,0.0007044512648700242,0.5990213132832144,0.001047548715537508,8,8
0.1387600977616678,0.0072758499211528615,0.43041043842566723,0.037327150720278056,0.056932904360537114,0.13220538467696125,0.0009874570750008315,9.082683637289263e-05,0.1945827759319889,0.0014271142903730793,2,8
0.02073614375449457,0.011001786256324676,0.014602345286475884,0.0030258158968726996,0.00020271981411802844,0.006154835546903143,6.929475933410538e-05,0.00023480017365458988,0.9386979562576758,0.005274302254146629,8,8
0.008006604769559549,0.0005869461416782653,0.01542542885959387,0.0047815686443366725,0.0155419052543451,0.013466632278315446,0.00027130259018983224,0.00031433655272380723,0.9414983684244108,0.00010690648484685933,8,8
0.018654634672612875,0.0008490095429130699,0.11099013621073131,0.004723778074156033,0.024926957891580403,0.27890493138495936,0.0010651479664494253,0.002854815962912266,0.5488951091030871,0.008135479190598193,8,8
0.09645139210972618,0.009459182815171425,0.10608815490653765,0.0017807272525109685,0.006750547383133038,0.48601089454795915,4.353272398756735e-05,0.0004261855408541935,0.2917568401107181,0.0012325426094016855,5,8
0.3559261113025437,0.0018229841277343753,0.22025600910310894,0.012663646214354469,0.0016527183565090387,0.34296192838692385,0.00020193653369962776,0.0026076723365040457,0.04022021866154453,0.021686774977077307,0,8
0.10804097832927807,0.0012275232198402039,0.3855844213682469,0.03193035866044233,0.0042425664727247445,0.45104527655961135,0.00040332539023518646,0.000339174509656639,0.013343010343909608,0.0038433651460549273,5,8
0.10773619237687986,0.005650265193785857,0.19959635087175462,0.013815589887126112,0.00497119318892243,0.05408304229906925,0.00017551694659502444,0.00011433516163046889,0.6128635829327963,0.0009939311414400838,8,8
0.009647506025004969,0.0008138572422273687,0.0064694968644333824,0.002308378983911033,0.010889305300132022,0.008616178948901163,0.0005383372873912762,0.00020208074461116208,0.9605075463850867,7.312218301258578e-06,8,8
0.0680512915050455,0.003783223762233217,0.07836998208464843,0.0016682815483245808,0.010059319276510891,0.14089634439424148,0.000835836343848081,0.008088080100513841,0.6819150665272421,0.0063325744573919165,8,8
0.012919307193248096,0.0003401807009544947,0.06457229390444863,0.046455616272930794,0.004362751044014768,0.14011487614632018,0.0019112105618345793,0.024101988322415106,0.6788269293256058,0.026394846528227635,8,8
0.19856745034362883,0.0179410384688085,0.18311815140519713,0.00285866836010372,0.0034068453808174756,0.34615751984520604,0.00023416797077031922,0.00013160164680461333,0.2452885741324381,0.0022959824462253373,5,8
0.009393072416728094,0.0001648960217539597,0.04217727117445875,0.013359707031633193,0.0012028126842431011,0.004499883284057505,6.728018777125965e-05,0.0006596595403367203,0.9278482357580291,0.0006271819009882591,8,8
0.7615313081159537,0.0002626789675173023,0.03743591581593024,0.001773958191259221,0.0012810369468872792,0.09070969131499915,0.003100125155755252,0.08039273030996565,0.009125353280698264,0.014387201901034024,0,8
0.20824674980113847,0.010420836278624213,0.4173906066422277,0.015125577038032564,0.0066602942402755865,0.05183265685850832,4.5929010066305584e-05,7.956448817553858e-05,0.2892291261929115,0.0009686594500398925,2,8
0.053397563962584216,0.002694353671168948,0.5536806711186623,0.0096869004274656,0.0007035937460029398,0.01680358788206681,2.4079338103700616e-05,0.0011029923073501442,0.36105043964184663,0.0008558179047490025,2,8
0.11571447302539056,0.004077861242335828,0.17541174528198594,0.0034958285207354564,0.029307630688027147,0.14327860087809322,0.0028700199856575427,0.0020159379217406666,0.5142398419032472,0.009588060552786527,8,8
0.15092496079444506,0.002374176466262399,0.13815471311462454,0.002965530175211684,0.002329935761872785,0.06825695891718203,0.00010203596168238488,5.716787293436982e-05,0.6344573127029265,0.0003772082328581969,8,8
0.36926115905477724,0.0027159640111188267,0.5077842170049857,0.004170367781684553,0.01251102134724406,0.047987718513533936,3.6941337313180925e-05,0.00010959885411212497,0.0029967786524981934,0.052426233442732326,2,8
0.10452721588534056,0.0014058719486560816,0.1593678535219856,0.11630677954249832,0.027816567520289548,0.08739191820073688,0.0015276815114146944,0.00014587124549591963,0.4990118455782064,0.002498395045376075,8,8
0.18700062883125182,0.03476973087602216,0.1557691483124544,0.001311609380478237,0.007864756853737961,0.5516485295704112,0.0019779742637972895,0.0004350642994574875,0.057481566791276265,0.0017409908211131818,5,8
0.19079739600478088,0.006082834411430811,0.06947392744244059,0.006085238453264747,0.0013442033325451862,0.111826555618007,0.0007088488855686018,0.0013214055928620892,0.6085259607389009,0.003833629520199209,8,8
0.032691060429625794,0.009431014011232718,0.13924991780990303,0.009498684607277538,0.005747297342861112,0.336592484619682,0.001182981319477381,0.0006298613968145077,0.4617344148310349,0.0032422836320910716,8,8
0.07306762554782681,0.19130683398018178,0.5331107025578856,0.022128306211916766,0.05756701151964257,0.10547214264088448,0.0004520387047329663,5.232113487691131e-05,0.016509199972421805,0.00033381772963028927,2,8
0.3824216350080789,0.007821410458665808,0.05914235243690308,0.010664342654921312,0.015415902532309105,0.5114928722105792,0.0019354387535399872,0.00030830775951603667,0.006035786827456832,0.004761951358029846,5,8
0.28302134699279957,0.041195831542721335,0.22249078618162552,0.0019812940633048962,0.009680338651156731,0.09502105505547066,0.0001693664563132695,2.2528442780544338e-05,0.3461112410764772,0.0003062115373503615,8,8
0.08080926773670528,0.0008596792564843846,0.474929510881578,0.07343243063427618,0.020602596382563995,0.32266809025057624,0.0008504862896914517,0.0003752906249524385,0.005097413119878776,0.020375234823293144,2,8
0.1292685319157283,0.05052834734329803,0.6747903977903613,0.005499846690965086,0.004691423463773296,0.067712173238108,0.00011557742323409441,2.1711644988439915e-05,0.06689871713501201,0.00047327335453153967,2,8
0.06061106069995825,0.020390667211162117,0.08685827039466161,0.006490884677513317,0.012772680872080774,0.02631630670627701,2.54013209026658e-05,6.189899157970647e-05,0.786081977896694,0.0003908512291705746,8,8
0.10439758659815981,0.0007528086029526675,0.07037408355663277,0.020559707283433523,0.006971217706870939,0.10008006543702944,0.003096845862202422,0.0467400096563378,0.6300000519439397,0.017027623352441068,8,8
0.001555503012087337,0.0005071750035847536,0.0051990797651991095,0.0026354705891449737,0.02696000567311339,0.012559072933326107,0.002256381875549114,3.148667603194633e-06,0.94777130518273,0.0005528572976621838,8,8
0.15404913748813262,0.01984524222580937,0.6623297844748366,0.002436144153602768,0.004686910367919194,0.051724266964799384,0.0003703292226840121,8.530900790438284e-05,0.10389667129141167,0.0005762048029000587,2,8
0.12988428113127454,0.009868740629711568,0.1518667124280858,0.03960974495632875,0.015853219698499132,0.047818655162655155,0.002474807549623456,0.0007273743901597007,0.594075426446276,0.007821037607386061,8,8
0.02769125914588713,0.039128451482739815,0.12253451594825607,0.001982146625945402,0.03819748835547094,0.6819543621255187,0.0011294840168427239,3.566747607173607e-05,0.08677860321037084,0.0005680216128966625,5,8
0.12868876286354813,0.0010811573290345341,0.1358078210551844,0.006932465363582265,0.00021662627806542082,0.004829190644553315,0.00012521505435478505,0.00014843960959143676,0.7215071575098871,0.0006631642921985295,8,8
0.00724915807810042,0.004046100765800303,0.04033993060138117,0.001096229014203701,0.01215184594445736,0.07431411903399633,1.8138527261739008e-05,8.527196689436971e-06,0.8605985331400482,0.00017741769806141659,8,8
0.11938442565561386,0.0005511878373545602,0.10805652917018352,0.00048232929049726425,0.012009492793939413,0.6237531039807819,0.00176489020911023,0.08628721980649819,0.031282851763454744,0.016427969492566367,5,8
0.13100771781588738,8.253560713468428e-05,0.39928391351435233,0.0007203151839283238,0.006885501261730472,0.3337481640865549,0.000836060240912831,0.033326814443026265,0.07425756632354522,0.019851411522927492,2,8
0.06737371818510157,0.017492220164534365,0.2808032559565108,0.002877038880384007,0.03092343894916548,0.543812355739555,0.0018030263484859349,0.0001114836909041769,0.05356832615745586,0.0012351359279029893,5,8
0.0019456770047282022,0.006092543725849984,0.004615895100622309,0.0004215599071644167,0.02310100436400084,0.01780156632409252,0.001224580615319569,2.9720207579210663e-05,0.9447615722832379,5.880467405437052e-06,8,8
0.3300629746261901,0.0029259416161007447,0.18484709500015195,0.002232986679112943,0.0020081646801651046,0.06045034156910442,0.00017458274581768417,3.773931461141309e-05,0.4164456351787057,0.0008145385900399701,8,8
0.007996897879800633,0.004955675830128168,0.051567008905714445,0.020582749223305483,0.00556927678284145,0.021896215254011225,0.0012497956701259987,0.00013920524050143964,0.8838181053370598,0.002225069876511415,8,8
0.21466757198455585,0.017426469482021784,0.1952553716611607,0.009744782841298365,0.003654167193790094,0.07559845134798096,0.00025059505712689463,5.5361717255173895e-05,0.4829491205228527,0.0003981081919576285,8,8
0.15293145256265506,0.013208474847556917,0.5001515606012888,0.0010734911882989702,0.02349545964262256,0.05968455314700913,9.220026080218241e-05,1.6462750863710736e-05,0.24909400388275443,0.0002523411161481324,2,8
0.007953921883323025,0.00033852688639790946,0.02714683917263398,0.0005548289537738761,0.0030071530150504564,0.07858589874823267,4.9790866901850465e-05,1.3398784422460968e-05,0.882203605108008,0.00014603658125569423,8,8
0.23337024778399873,0.0036967196076990406,0.04811854634009971,0.010696647642521744,0.027911366341067643,0.5487248725816659,0.025922540459399804,0.0003262274229264257,0.09944182210601721,0.001791009714603854,5,8
0.15522339076609287,0.0040130884689471525,0.1968867388583542,0.0018767185467317322,0.32168178849039825,0.11712085797743041,0.00044337138388387013,2.13709225573374e-05,0.20253158463062204,0.00020108995498219093,4,8
0.0072694725073247,0.0010223436722742384,0.009224784762191894,0.0006956807177837388,0.01515807807630763,0.12285842145253564,5.7691510077736736e-05,8.09741049223571e-06,0.8436262801596903,7.91497313218625e-05,8,8
0.30006513052754175,0.007144012191853484,0.2005148897662787,0.004678565914598757,0.2337123698578662,0.022387657717014273,0.00045921014342051824,2.9718470542587075e-05,0.2308489873703969,0.0001594580404866573,0,8
0.12879214638843722,0.029839161835001425,0.1534758669424977,0.01071415323466551,0.009121125360260884,0.6042725734923453,0.0010702759764546523,0.0004489262634472162,0.05997441711133418,0.002291353395555935,5,8
0.23438139366904165,0.046103430192318356,0.45470132102352534,0.04862741519551478,0.0034450427814126426,0.018729571685551276,5.4711304800250454e-05,4.64659500667713e-05,0.19170204067367544,0.00220860752409357,2,8
0.06365641800885768,0.0012018302878435759,0.04605818301624124,0.0029370941652240626,0.020268260906303064,0.16591474399259004,0.001960380627425041,0.00012629934607390298,0.6969839058296688,0.000892883819772561,8,8
0.044597660762371066,0.007096372107491018,0.04717636628913328,0.007139204395432893,0.0007622683452548938,0.008951496325402122,8.150665560683704e-06,0.00043722182442163237,0.882726328880535,0.0011049304043976266,8,8
0.03643401634141668,0.0032743742106582587,0.046138555840985626,0.0208999342345884,0.006976648986747081,0.036221250762823676,4.7281901692429995e-06,4.998301383529212e-05,0.8482973563659685,0.0017031520528073003,8,8
0.42165142439687237,0.002641572691845894,0.10577337352044777,0.002009918375102062,0.0013552368886341822,0.13347267046461736,4.104822068083199e-05,0.0006163207555943958,0.32940952772901694,0.003028906957188316,0,8
0.30822118844043767,1.7877389254928002e-05,0.08221115601519084,0.003956710989665576,0.007106816845351927,0.2636646639854772,0.0009659397402147713,0.041139653017944006,0.28143694819473075,0.011279045381732317,0,8
0.058304306725756705,0.04485722326226192,0.31759635604478087,0.0026829313323831097,0.007120721135776039,0.5638263023572718,9.455270866709954e-05,2.4233309804825667e-05,0.0038434106867302293,0.001649962436567285,5,1
0.014903096010568242,0.7804869458620511,0.1180953193144747,0.001954981022579032,0.0058580152069735,0.07702763284707206,0.00010779372798901068,1.3001249016808738e-05,0.0010174948814400402,0.0005357198778356677,1,1
0.008765634771142302,0.5173967249854299,0.459887814699743,0.0008484478511442871,0.0012583505749082838,0.009870143351108411,0.00017152746027423007,1.3847762589513726e-05,0.0015657090516616884,0.0002217994919983455,1,1
0.153261632807481,0.03707668655424853,0.5846667546186965,0.006747421270411643,0.0003438403900324588,0.19289640277863895,0.0002701170411251606,0.0008072491296859559,0.013981481799974495,0.009948413609705413,2,1
0.011147889433398579,0.8822748854736085,0.09368043145899854,0.000559526063320194,0.0012540036162990479,0.008025268206391056,0.00024077765375029347,2.037990580439166e-06,0.0025322604279886898,0.0002829196756646451,1,1
0.11706408545742605,0.13971912124656927,0.1378788815798232,0.014551223598506356,0.048863655952131727,0.5153989317588215,0.00023256576394669478,0.0007609380987722277,0.01605001540191663,0.009480581142086563,5,1
0.38547852062511917,0.16838940285546566,0.12634668568657487,0.0064235231832405985,0.01408762863533983,0.28169430354421554,0.0025744431516990115,0.0012902231475881627,0.007069399119327002,0.00664587005143023,0,1
0.021233211854945803,0.7596290595103093,0.020913570049834677,0.004858571629683518,0.05556927574370324,0.11742264676445194,0.0011171966440635674,8.433738320161107e-05,0.01897319540949606,0.0001989350103103979,1,1
0.04989122617806835,0.18723770358908884,0.27004711307702944,0.43635704827510374,0.008558797043799839,0.038488680498823175,0.0003752721954138283,7.976823821449273e-05,0.005923533639551509,0.0030408572649069194,3,1
0.002130088059003157,0.9683468406168898,0.011464570494298668,0.0013150477266372688,0.002179177240070679,0.012373086572440144,0.00019472290448936937,6.017194349741415e-05,0.00016957988918060856,0.0017667145534928247,1,1
0.37636943643255266,0.011357086959176935,0.07191845113603124,0.004525711960677522,0.02727434927118482,0.4719759329411108,0.0020014285631340034,0.00669620839348967,0.004292924258364828,0.02358847008427766,5,1
0.3471773395010056,0.09716112877102535,0.014671337983164801,0.00785859150497103,0.42441986505611673,0.0885191038269246,0.0007098479970272414,0.0007264938677810958,0.0025954543341354425,0.016160837157848194,4,1
0.09088938647194093,0.35643583296379827,0.06030434578740935,0.0028263258533142736,0.010290132784460802,0.0764587387065992,0.0009073305778720979,0.0005277793632242798,0.39962999182894615,0.0017301356624346185,8,1
0.004382384656012806,0.8479036256552718,0.1211106514731416,0.0007522524356189468,0.005417728109572471,0.01890920210494904,0.00047653811928053584,8.54600048111864e-06,0.0009720958936655094,6.697555200638701e-05,1,1
0.14223029024665468,0.15601892801290101,0.6442805999711628,0.005412800286933108,0.005308156131268226,0.03003508619763106,2.82340880488718e-05,9.972800822182233e-05,0.00856958454422652,0.008016592512952024,2,1
0.05717943560542385,0.03762673253294817,0.6397586291953714,0.2135833734356795,0.0070940201478219295,0.038937416390172085,0.0008041695608004332,4.479346840296551e-05,0.0015919068030398266,0.003379522860339912,2,1
0.047717460315239144,0.204762076025072,0.003201195923873281,0.001834697495043581,0.0035526018040001853,0.0036360362563125715,0.004806570958299,0.1643234845860211,5.421117306703279e-05,0.5661116654630723,9,1
0.03342651962120157,0.850877037747877,0.08519594379779617,0.010561145619786555,0.00503886539522743,0.008548212871547469,1.816793508808607e-05,2.931508864825184e-06,0.005365998482697336,0.0009651770199136976,1,1
0.0008140426182241931,0.9462755722999162,0.004409785510345144,0.00045733312367367463,0.031856990502312166,0.009273603883400816,0.006541215455181897,1.9904419957170982e-05,0.00016948021029606969,0.0001820719766928618,1,1
0.07764704271880316,0.0022503130856907465,0.5286399110403216,0.35624675335238354,0.013434590630788824,0.01732725236518661,9.562558413319019e-05,2.2838924491334442e-05,0.0013860780102768976,0.0029495942879240846,2,1
0.15456998343033035,0.5829359516750211,0.11833929341865192,0.1300976124059976,0.0031044380096470698,0.00645698471666662,0.00015427001473072402,3.340721945527553e-05,0.0019973525229152,0.0023107065865840917,1,1
0.0005546944119959813,0.8388346527248743,0.0026207816841846386,0.0002911605253016896,0.14062334164837714,0.012860273493323738,0.0005895797851354232,9.091131171626383e-06,0.003588847260565277,2.7577335070038874e-05,1,1
0.03670437435821727,0.6273431529002682,0.2538856793004933,0.006514698512434513,0.026955245172418627,0.04436322577243303,0.0018400607160274757,1.7074456038163737e-05,0.0020638780700591294,0.0003126107416102805,1,1
0.2243955303280342,0.5829997806246783,0.08620937363702538,0.00278383103136734,0.0019425299464814192,0.0579868116582821,0.00021219722726728527,0.0069291339472109465,0.012462197153223482,0.024078614446429482,1,1
0.0065519163568767795,0.9699243042865537,0.007500996512896258,0.00048215668213287755,0.0009070540589654573,0.008178116648633757,9.277124485748331e-05,8.144050527788004e-05,0.006158901640115169,0.000122342063690575,1,1
0.2159902552405366,0.04056297773161693,0.6467797276785969,0.035788557422442434,0.011747093218324265,0.04035137048659369,5.362572065265905e-05,0.0003077673262546883,0.004684044370759287,0.003734580804222489,2,1
0.018795621017137425,0.9554622324563011,0.010893855897862056,0.002085361326714531,0.0011619491456110946,0.008533977088839434,5.248263033877045e-05,1.445391938780749e-05,0.002965597173463407,3.446934434433397e-05,1,1
0.023024379556653016,0.6331093961328919,0.10885758938208293,0.016714401235775406,0.09096801198671674,0.11779500700403504,0.007767096965557556,6.912922906357167e-05,0.0011533162003659443,0.000541672306857923,1,1
0.0016911767019794945,0.9646215706099833,0.023358564193302896,0.00021956515120536706,0.001320988790936515,0.005521669338710629,0.002624942214536437,9.331747464557093e-06,2.1700558622391385e-05,0.000610490693258541,1,1
0.0005823008276832722,0.956575360626717,0.0030511041536542697,0.00023243152490343448,0.0192143372463548,0.014056800692633237,0.005997247992827479,1.8209966224742588e-05,0.00013389066922866246,0.00013831629977310357,1,1
0.009719475826825974,0.9207396422587724,0.06223943729702528,0.00037947961169258027,0.0007390663722059477,0.004212824895182415,9.570971426991784e-05,1.862595803758469e-06,0.0018523854458838912,2.0115982338204717e-05,1,1
0.06850379673720293,0.135617416271265,0.7372210678482973,0.008350764274961262,0.003922247168226186,0.0427190839962969,3.074934918032018e-05,2.144001998120776e-05,0.0025774532209304627,0.0010359811136584063,2,1
0.061307093462454706,0.36864420836759415,0.5044799617762343,0.002818345700379771,0.009279847995627508,0.04998705338023761,0.00029288286551760545,2.106807567946497e-05,0.0029403698338482257,0.0002291685424266357,2,1
0.03372129908002,0.9297189652040956,0.01381695191572117,0.0035013267452288148,0.000939285122869353,0.012953262549318697,0.0009726535980759932,3.419310907698662e-05,0.00185802974464016,0.0024840329309532942,1,1
0.04051773856039001,0.7696790416280194,0.11547640798215497,0.025239593288500103,0.009055431250374455,0.01604083287974247,0.0006345805567749311,0.000315541550157649,0.0020412505348284538,0.020999581769057613,1,1
0.010891808919853831,0.8876476480542855,0.08519347057236673,0.00396487905152043,0.0034508539386245247,0.005157261381688439,1.686557723188884e-05,9.93825715018986e-06,0.003352997404478234,0.0003142768428000825,1,1
0.0394876151799742,0.5775041756220818,0.35521842601069875,0.0015325292082727722,0.0037130711402375283,0.016148466956075816,2.295112482460472e-05,4.993945392040638e-05,0.005914338392772644,0.0004084869111417355,1,1
0.12328568762605667,0.49992780164402195,0.312878247861391,0.038272285459515706,0.008809997481444018,0.008931281752824653,0.00013513254740000596,8.516229508704826e-06,0.007484076575355724,0.0002669728224815196,1,1
0.2565349700913133,0.5023488250345425,0.10206995939314235,0.01418362569364099,0.03762443915661583,0.05880795799638916,0.000530136976380433,0.0005116839249734493,0.012976061370372723,0.014412340362629278,1,1
0.5783944874583813,0.18552372005041853,0.13067044499345176,0.0003969154799694677,0.0015187672982089487,0.06652809790961946,0.0001097770965510468,0.002008431357047902,0.03159388013839715,0.003255478217954384,0,1
0.005458910527898906,0.8562431027685876,0.04400585105961154,0.007194955139666043,0.017120899269250013,0.05817432202083028,0.009082842185945818,0.00022863983747543353,0.001897003695519893,0.0005934734952142436,1,1
0.18668064798148282,0.044631306651842687,0.003936729532145619,0.02161910805272444,0.6079868940687838,0.03232590454919323,0.005808005133645327,0.035345504021207105,0.0002577458404016163,0.06140815416857331,4,1
0.060833062116689894,0.11231223839165719,0.25384738415537006,0.00525308364310652,0.045886579879770746,0.43544734513184996,0.00406675687182346,0.0006679624109028461,0.022701389264847452,0.05898419813398176,5,1
0.04127854653929994,0.8337145246746797,0.040358540810716506,0.022005342202456216,0.002915707218867091,0.05058560210605431,0.0010166011104005338,9.300666903681745e-05,0.0009962230110371934,0.007035905657451862,1,1
0.06914556553917862,0.04880327136191727,0.7868176513641373,0.02188195168427068,0.0010788372987562051,0.03617353267166336,6.790498307012466e-05,0.00017237775222080372,0.000759283580138911,0.035099623764646724,2,1
0.11852133856953213,0.26341459752902313,0.5805371218339554,0.005211242569690275,0.00414010138424322,0.010617715851851478,3.725912725253885e-05,0.0001463837497593649,0.00647615262159707,0.010898086763095406,2,1
0.023283093305388892,0.8982759704225242,0.058618402675887644,0.0025813415546621817,0.00252306953787583,0.008656125992303018,0.0029096029000615395,8.457611029150829e-05,0.0016377887262691826,0.0014300287747359415,1,1
0.09293378555884252,0.5604045319281359,0.23799049915531292,0.006238485740938847,0.004929264665045732,0.05463069351744693,0.00011792855745709996,1.986147504494015e-05,0.04215656626394892,0.0005783831378261902,1,1
0.04825103683049463,0.8140606723977963,0.10775154620114259,0.00099926225232879,0.001542966358613813,0.019957070707771463,7.338371443243659e-05,9.438483597366096e-05,0.0012437683381765648,0.00602590836326969,1,1
0.10224078297645033,0.011654663035536394,0.47087901025172874,0.002737530468337357,0.040296853246697614,0.2690649510526902,0.00671986840230526,0.019146340974897046,0.07223163963810118,0.0050283599532561975,2,1
0.0272522447146427,0.577922487136218,0.1526365157806459,0.025357901009333918,0.11841321720454022,0.08950313500964921,0.005526259346851584,8.829652080377403e-05,0.0030598355287462923,0.00024010774856850282,1,1
0.07296528834058545,0.5048098639769161,0.36471862481681216,0.009076351982290436,0.0010542480875664036,0.036464944919498817,4.133240210917562e-05,2.5262389167556307e-05,0.009487226850832052,0.0013568562342220038,1,1
0.0026726116010866406,0.976185015740204,0.002522471651856222,0.0009637565028521092,0.00606582686971808,0.004483457872058863,0.002505270083413065,0.0002829765623045558,0.0002576875881011509,0.00406092552840555,1,1
0.004909000508689437,0.9241165259362829,0.02305774159035057,0.002098996296562887,0.012833478348168222,0.025244184892034643,0.0029692337206978633,0.00013233108433067836,0.004209158821172873,0.000429348801709965,1,1
0.1351936024502438,0.19652691492466431,0.5936739401533865,0.0057517787515384815,0.0023409992352282647,0.056184761885271925,3.417489884363952e-05,0.0003063387696129649,0.005490700297382398,0.004496788633827686,2,1
0.0476846277746084,0.16414677906536052,0.6075791055392019,0.003784902067781002,0.011890238053302167,0.16022560748126424,0.00014983150587856995,1.8031478622651685e-05,0.004035024472529612,0.0004858525614509187,2,1
0.05415966607363971,0.3567740005389571,0.003763099983596501,0.002437773190857924,0.0033827762810531917,0.003155707591979405,0.005553208542631893,0.09579546967875227,1.5675764743585943e-05,0.47496262235378844,9,1
0.03685226614975142,0.8962983219817677,0.03078329581752176,0.016327330816911796,0.0019903479578119534,0.005792263747548226,4.881307314448618e-06,9.077361083698292e-05,0.010424166002265926,0.0014363526082695234,1,1
0.04027138712414464,0.8691324003547637,0.049325044070231,0.03527430929324493,0.0008805369817089767,0.001596865620051415,9.10520585500333e-05,2.905105159849545e-06,0.0003756162488203396,0.0030498831433252768,1,1
0.007027438692812159,0.9214020317550367,0.05851903757179579,0.0018388670563111182,0.005635270526766633,0.004972048063576769,2.8460870420562192e-06,2.2768698951074795e-06,0.00044286491650426273,0.00015731846025955032,1,1
0.017490429228767784,0.5473512503069901,0.04041363821715598,0.011102162318399578,0.014373960720990332,0.36135896740672185,0.0025374304545572137,0.0006818430534441536,0.004402190395497173,0.00028812789747579545,1,1
0.008115170254933088,0.9134129652406557,0.056879845771016437,0.0005163107214210751,0.0023825462531188004,0.01840640512459193,1.499578750094129e-05,1.2677508646385286e-05,0.0001752900162543483,8.379332186139443e-05,1,1
0.4040166281574855,0.05350060381503252,0.033541082487989024,0.0005856682662325257,0.004858641749519223,0.29209475098783605,0.0004484072057730765,0.18947809540926636,0.0063954086952542144,0.015080713225611584,0,1
0.020210248980304615,0.42653933127965354,0.4499578697302408,0.0033568904555744883,0.00956890766649372,0.08691402261245938,0.0001651455571502244,3.456521109704001e-05,0.00280415477305521,0.0004488637339710653,2,1
0.15231043388817034,0.6804480630849765,0.08882069863366215,0.0509309482090278,0.0027931371060896395,0.01436705528991121,0.0022415239545648816,0.00014754335044360557,0.004191638133127231,0.0037489583500267946,1,1
0.012126134763679654,0.970274420707632,0.010122911404837787,0.0005310501386037629,0.0006569802797983541,0.004706292583731167,5.8654891931761885e-05,4.490090454595525e-05,0.001416556859071501,6.209746616818474e-05,1,1
0.011032658443739084,0.7087952677840029,0.08511657731998287,0.023426418495464094,0.11792164189596241,0.04702036024446356,0.0040683495168218325,3.0028804086965625e-05,0.002413875719216519,0.00017482177625994608,1,1
0.13397015728396477,0.2816639491963666,0.5188076141817992,0.004659103041361676,0.0026725162289288687,0.045638469970732135,2.178205862079558e-05,0.00048350806078374285,0.005094230620253473,0.006988669357188773,2,1
0.24833851507661045,0.2417199732357097,0.45450590610350733,0.007194384907485052,0.0036993662162484826,0.03814123940547423,1.5334486265564333e-05,4.0922530662595753e-05,0.003676556121725182,0.0026678019163113844,2,1
0.006645570452905968,0.8100241565789661,0.17132454181341142,0.0008818493174890061,0.0005189576994189236,0.009871593880499158,1.4823759440732715e-05,6.095474495925159e-06,0.0002274716206244692,0.00048493940274824853,1,1
0.013909075657056662,0.8580507642382993,0.09769428889261239,0.0006257500813369509,0.0026116483988029727,0.023287842389824356,0.00010383236606057133,1.093166280154127e-05,0.0035859486153228303,0.00011991769788255318,1,1
0.1422251592641016,0.04366537912772312,0.15778505020250466,0.013262536777021995,0.03671575569193403,0.5921505480023777,0.002073609873282556,0.00039265305153097715,0.009255543859686653,0.002473764149836866,5,1
0.04436652608698918,0.5773015339559335,0.3538886637943348,0.0042090329932674055,0.007982424899722123,0.008621671028968866,1.5390400445775318e-05,0.00032870043344262014,0.0030297722972273296,0.0002562841096683836,1,1
0.039220839674184584,0.15812927804810312,0.701705477020244,0.02854384022928881,0.0373041450720424,0.026355872852470288,0.0005035262552335123,2.7432684529693424e-05,0.008021775280384873,0.00018781288351863104,2,1
0.008789597883949285,0.9632253323395064,0.014450701263989165,0.0007361613102897887,0.001025152024479425,0.00924352683461105,9.35754580303843e-05,3.476056263826979e-06,0.002286833431658258,0.00014564339722239169,1,1
0.05175369127535929,0.064519633540289,0.4428140776177787,0.0027614369381159555,0.024517532726617074,0.4064412899125729,0.00010317692931111847,3.38749177892386e-05,0.006875845530734228,0.00017944061143264578,2,1
0.1974484089820413,0.03506047559097941,0.5542685630444474,0.03240839282083057,0.00891499623032212,0.09147653371233143,6.0835022160796516e-05,7.601978215223071e-05,0.07267686790059823,0.007608906914136522,2,1
0.13504715053153235,0.2928360960119909,0.141478643744235,0.010443112042617034,0.007240841913754039,0.40361955655413617,0.0018661709926293486,0.0008318248949982734,0.00291497924111102,0.003721624072995837,5,1
0.02707665710047502,0.9125873344572706,0.0293456042301321,0.008235262971971035,0.0022063470217857355,0.006856560016189857,9.779782763433308e-06,0.00011549849032908372,0.011554715669198778,0.0020122402598842766,1,1
0.217624389789864,0.029881499308166828,0.32124639581668407,0.094858334113304,0.04584271317111967,0.21555960967909588,0.0014953449661865318,0.0027839463378273345,0.0003889553521197527,0.07031881146563197,2,1
0.005541545332619835,0.7575611695956257,0.010183238400172767,0.006242445710911893,0.05311673564670521,0.15948570120828667,0.001717014532705802,3.771790186570837e-05,0.005849607404501581,0.0002648242666050438,1,1
0.02714464612951901,0.8492599123977619,0.10096225128728328,0.005485872139656711,0.00564017889958603,0.009834380577967495,0.0011668202285061437,4.6605410651228485e-06,0.0003492543034821445,0.00015202349517239174,1,1
0.28246394857075807,0.008295973543991178,0.12728053563188446,0.0029426295067805116,0.0022417485191141813,0.4828783421170833,0.00027914087869860085,0.016848533672559948,0.06805599628464372,0.008713151274486138,5,1
0.02042114720653109,0.9261712659450754,0.031300737570072366,0.00033076752948917043,0.0016977450859691555,0.010301576594304621,0.0001389641013711995,8.035164416912482e-05,0.009498721520852182,5.872280216586886e-05,1,1
0.5379862773732114,0.32215894678124657,0.05384183501167554,0.008039685965184382,0.0027637776554205297,0.0620086763662656,3.533875447248817e-05,0.00020463836355304857,0.009228827696468593,0.003731996032501906,0,1
0.05582501777577535,0.5425702243182651,0.3493519386625693,0.00671312519101726,0.003766430515023526,0.03188004915793372,0.0006225838260561713,2.5493031493303287e-05,0.007514413664974978,0.0017307238568914493,1,1
0.06466800870392779,0.7133055626762674,0.16062907296778528,0.0045759981741307285,0.00520688085437446,0.021540660574428855,0.0003086740098681894,6.929011749719007e-06,0.029494507294369757,0.0002637057330978452,1,1
0.05354677080519035,0.5666994191029824,0.1084732896343508,0.05723329426844639,0.004965051121796929,0.203177947653754,0.002189447931672078,0.00045168540552836627,0.0007720598259579549,0.0024910342503208756,1,1
0.03420831143829524,0.8577250207778759,0.07003381419088524,0.029386775128672646,0.003778422960430819,0.0029020624946019882,9.568244844941765e-06,7.367353718271354e-05,0.00134510995912171,0.0005372412680884015,1,1
0.08077627146165722,0.18036736290468586,0.5420183579905313,0.013271987958451782,0.10659724966962553,0.07443151328777009,0.0006428197983118021,0.00026685571001991106,0.000380059657229761,0.0012475215617168368,2,1
0.21253746133539225,0.09345264082193167,0.07422954046686031,0.0033388576272759428,0.03750698943899175,0.5707691765660343,0.00036535923021696224,0.0004084781822761271,0.006318759416143786,0.0010727369148770208,5,1
0.06723127878163801,0.008614091320376292,0.015313811851324036,0.0022380311406176826,0.29732084840386164,0.32764876459788506,0.0037454540250727573,0.003228473856408577,0.0014423799338682927,0.2732168660889477,5,1
0.09258160793045267,0.1432854701589074,0.1993017684151871,0.2523851525047237,0.022898775919205083,0.27909090486188515,0.002991105159215113,0.00010043025397959582,0.0036288290597714487,0.0037359557366728325,5,1
0.10094563561752738,0.2769486393716769,0.5593201425992076,0.04167237126022119,0.0019611235334182986,0.012375222722362241,1.9718681637609627e-05,6.70762097867095e-05,0.004568103910249321,0.0021219660939127906,2,1
0.2353262547389057,0.32317876818646557,0.1817231366682184,0.0020979553991488853,0.006575019595285579,0.24556459672738,5.132723760837378e-05,2.4269902660664735e-05,0.0052312756987726175,0.0002273958455542278,1,1
0.0024529323991073727,0.9287633103962569,0.001463075570613722,0.000375221904351573,0.015192132572303133,0.049215138254153794,0.001896296511186276,0.0001206379926455043,0.0004181830353437454,0.00010307136403776825,1,1
0.007907741150353705,0.9740380899404458,0.011916735208162995,0.0007273073738725181,0.0009614621750847106,0.003284630012521927,4.77859348507901e-06,3.937869209072204e-06,0.0011246893977516722,3.062827911274405e-05,1,1
0.03380626640593015,0.5661468269805942,0.1491531251396813,0.036519939945974675,0.06954438952789485,0.13355072021995568,0.004054460158630195,0.00012290808865921023,0.006402330749634259,0.0006990327830454391,1,1
0.008443597485730037,0.9146693804583775,0.025579392705104786,0.0015338783523388545,0.007843416301834612,0.03742932707973125,0.0032763453059865095,0.00019712233430704755,0.0004537612095944458,0.0005737787669951905,1,1
0.04204449849515439,0.7984792941506288,0.11553223713985687,0.0014091885249691738,0.005271017284694402,0.023675474014582996,0.0002419462749385382,1.367351183335205e-05,0.013236012373063098,9.665823027839253e-05,1,1
0.16343497456965905,0.2348136309786466,0.5526320876301406,0.006592361113492385,0.013650698135900075,0.021237771109193622,2.8158785587519207e-05,2.313710845462519e-05,0.0028234422000684833,0.004763738368857107,2,1
0.4072622568320792,0.026542951069090687,0.3993719690619678,0.00858552821710966,0.046646106431437885,0.10880214317535578,0.00014229421277228902,0.00015280137404160435,0.0007449326844037928,0.0017490169417413363,0,1
0.0479935479428872,0.536021086407123,0.2618589417050682,0.05959256876553565,0.020335903635823847,0.06646925837633702,0.002432292075813897,5.45166396164856e-05,0.004362814410132189,0.0008790700416626616,1,1
0.012224160899730371,0.8313440889341669,0.146485627284205,0.0009108091480475512,0.0015933737967064416,0.0056867576595972455,5.930308671384357e-06,2.3059623550837436e-06,0.0017287781819278094,1.8167824592110492e-05,1,1
0.09464084988712283,0.38495669778162256,0.15259647186779463,0.0073777834977045344,0.005877146151245247,0.2961263749103053,0.0002309369766489499,0.00029183381621333094,0.05116448237733573,0.006737422734006844,1,1
0.34197275589486,0.08352003358947493,0.08188533602699034,0.011650270976556066,0.0026333691589579223,0.07997421897379375,3.4049180239013315e-05,0.0005118709280566542,0.39683487782755766,0.0009832174435138123,8,1
0.006031966835921169,0.9838440213328286,0.004402190210537078,0.00010007028517044823,0.0006738975842609719,0.0014758560688735466,0.00011465233038024757,0.00011474163805913628,0.003232824831671414,9.778882297347819e-06,1,1
0.08433502094418954,0.830794907039773,0.05210663204944175,0.009363282024254956,0.006888657805642689,0.01151007089329736,0.0008442207787070058,0.0002080832834406078,0.000498317221613876,0.0034508079596392337,1,1
0.004416456710192731,0.8918672994310878,0.08267843572812779,0.0004943492819809834,0.006645739270062072,0.012514565143772484,0.0010529041712068231,1.0502735135111002e-05,0.00017584467840670172,0.00014390285002758668,1,1
0.23454323068982388,0.3911206350124655,0.2695453916440151,0.0026145303931738996,0.006018698566268977,0.0898782321690571,4.4951370170881954e-05,0.00010590452622021558,0.004076191320446452,0.0020522343083580405,1,1
0.000498972912547148,0.9759640578462272,0.0028269779388655925,7.054792869890551e-05,0.00743737489681144,0.007091726010139946,0.005451304138254817,1.431993966343902e-05,0.0005508882385659596,9.383015022559057e-05,1,1
0.04098080924013942,0.8767712447029452,0.05368800784343525,0.0005465434571470647,0.0037962605384733814,0.01866782212617138,0.00016021698873377687,8.488096815503452e-05,0.005241605854078416,6.260828072120857e-05,1,1
0.12454896627740852,0.44849873639478766,0.2900352358624959,0.014242109036909124,0.000919227690622519,0.07548674760596331,7.980649340745533e-05,0.0005614774718372689,0.038361690288659704,0.007266002877908481,1,1
0.008853321846933515,0.7771853078857537,0.012980232082079445,0.0024050141663647592,0.04189626158478753,0.04039196566889799,0.08082831252829795,0.0035068738733203945,6.734452980659932e-05,0.03188536583375809,1,1
0.4737107623478461,0.06937250592003932,0.055464121936907126,0.045486036527849744,0.2370604671490875,0.09043410657536714,0.002447998304930276,0.0005812913594112159,0.0007192757594054698,0.02472343411915624,0,1
0.08140210076158926,0.5054980481679036,0.3653289873466281,0.010036185103135389,0.0030486821309341737,0.02940184627603819,2.2731768119448292e-05,1.0947330737639936e-05,0.004721013760194761,0.0005294573547194238,1,1
0.00910490688580704,0.8560140376103624,0.017046999356687416,0.005266691633529575,0.01343921739758839,0.06356267590126795,0.014521920591132375,0.005612413188716442,0.0013371616187154052,0.014093975816192941,1,1
0.023516113165949096,0.30574671944914183,0.27753613098565033,0.01142578208701214,0.02971563218467662,0.34653696327172134,0.0006779896564608411,3.643026136585351e-05,0.004049635174017179,0.0007586037640048436,5,1
0.02849844766588863,0.9054362099838755,0.04364982796705867,0.013066287660967058,0.0018851413889739502,0.004584174177768335,9.310615115283856e-05,0.00015735978602605513,0.0015067652573684377,0.001122679960920272,1,1
0.14014012465209563,0.26177969463227474,0.49412207629281396,0.04097368173709042,0.008952505850900393,0.01803573624625699,0.0002837632120986848,0.00012221635902242596,0.03381316238305099,0.0017770386343957927,2,1
0.14257851250082923,0.44915518456269443,0.15637840726840907,0.0006488152722352243,0.006708980027168446,0.24065425677413835,3.7083166097290134e-05,1.7455409362720017e-05,0.003684720359956384,0.0001365846591089409,1,1
0.12135994069502097,0.33264231902265545,0.23747391061345358,0.19469979674592908,0.02196198393139714,0.07498268023169982,0.0010114889936111218,0.0006587495811956471,0.0023460516396550408,0.012863078545382357,1,1
0.062090234526870625,0.5139051838614392,0.21202917519534714,0.051787307351203835,0.003827797278331346,0.1479463813560429,0.0010243210777784457,6.773661021536885e-05,0.0023014818874048915,0.005020380855366222,1,1
0.05228959325141151,0.8591768855099159,0.06237014275986204,0.016504312632047106,0.0029490301160602682,0.0041567758779711885,8.029184922565478e-06,4.838975916206684e-05,0.0016088420558054185,0.0008879988528420138,1,1
0.08154567522865284,0.20465844029863667,0.5925810206732002,0.05076417894025373,0.006309222973618859,0.03611273223886537,3.738808999391258e-05,0.0004280709105131442,0.02368714043736653,0.0038761302088987848,2,1
0.08115962770804407,0.812780428985861,0.04819554241012148,0.006191825523174934,0.0014723324446016964,0.037280396557088286,2.968063991733794e-05,1.4991061623305123e-05,0.012335667003778613,0.0005395076657892951,1,1
0.24907939062036727,0.09172000706725503,0.6014546983295819,0.00953693523845909,0.0016474518043613036,0.03511104906868824,2.60564199378595e-05,0.00015068218779273448,0.008919792178266935,0.002353937085289829,2,1
0.04311923427148695,0.07216643499407058,0.0033430477676856364,0.0036163885095845684,0.4797398987099923,0.3140278315790422,0.013650519709576064,0.00368342689273872,7.744819084841884e-05,0.06657576937497484,4,1
0.17314307503264942,0.05050441697258107,0.7054968201378298,0.016340611512167945,0.005279555926187044,0.04112701646338181,0.00011339112626569168,7.524515898493183e-05,0.005066634570482006,0.0028532330994702976,2,1
0.0023356991997271793,0.9783953065600735,0.010829416153457574,0.000531437292757375,0.0024899566775351506,0.0051691233821123134,1.2968385933262482e-05,1.284792840170252e-05,8.248759901173422e-06,0.00021499566010085657,1,1
0.002084295022846028,0.9030796587158754,0.01612262945926926,0.0018804180625556113,0.03793402006521684,0.02969806980038373,0.008117161591389694,1.8088123197307425e-05,0.0008078524334204442,0.00025780672584590304,1,1
0.03793898187789604,0.5584726078783824,0.26977064614084456,0.03796803951095531,0.008682372230720548,0.06682837804354876,0.00027476679317408096,0.0008350019515817023,0.004280043970909964,0.014949161601986512,1,1
0.012407929987213568,0.7790089380420615,0.00957789657243381,0.002222613648914513,0.006275253210731602,0.03590226759086662,0.07589987739170684,0.003323856770454411,9.967910412624485e-05,0.07528168768149096,1,1
0.07744729927577149,0.12723380894466696,0.08159548519053667,0.00263388036745004,0.01848550733786672,0.6549537672150076,0.0051373887389335035,0.0006564131747179722,0.029863520361890872,0.0019929293931582816,5,1
0.0006332242848934187,0.9688598511547688,0.00206593449416838,0.0001502831105760253,0.017457328410871418,0.00889839521297309,0.0015378162257877934,1.246648278646842e-05,0.0003445064921161346,4.019413105909499e-05,1,1
0.012345852224553113,0.702065064622408,0.11663338230907988,0.010899131925590689,0.02300021913091914,0.125953692514225,0.005184973413367579,0.00010545070160393415,0.0032629698334772444,0.0005492633247755104,1,1
0.07392396517065249,0.22877083795522868,0.632552968575553,0.030345056390303736,0.01264962712350933,0.008914526409813177,3.4125695980527776e-05,0.0002539655775981118,0.00628531921501276,0.006269607886348247,2,1
0.2263759177996147,0.24650342869622666,0.394837848816589,0.014207260940774616,0.07239238343073189,0.03996504946778433,4.0373589471229256e-05,6.0794373604991976e-05,0.001176788581457586,0.004440154303744889,2,1
0.014290276584020592,0.8306468619043104,0.07924340844138363,0.003164550099185296,0.010653640426145021,0.05578495735600579,0.0010879790252680053,1.4079106047689536e-05,0.004730518019177587,0.0003837290384559177,1,1
0.053477004338488086,0.7791059087739,0.11268828310582833,0.00492970548029797,0.008569956006163792,0.0356438600803638,0.0001608744856872441,0.00017407694514081262,0.005058310975855424,0.00019201980827446847,1,1
0.10232505135671709,0.44402016948587025,0.15047085789094264,0.009316699184864004,0.0047282433191492765,0.23118562341840393,0.005116309793513537,0.03833289597757698,0.0021690969341182772,0.012335052638844093,1,1
0.07707713834198422,0.5805595195263906,0.26990211135395303,0.008106407019141903,0.048218477447789364,0.009363063106351457,0.0010905462926781107,0.00038930206212276245,0.0015796983453065135,0.0037137365042818906,1,1
0.0018944035387508046,0.9243048868000077,0.06531300120621264,0.00024280261950395022,0.000956042311137261,0.005603827618143022,9.540936480056262e-06,2.175856861657738e-06,0.0016409255619494502,3.239355095347296e-05,1,1
0.042647634205331485,0.10002834600785238,0.5874927798284395,0.0008127236842492552,0.016620746370338654,0.24524188485786252,0.00014887512911839298,1.4053095640275788e-05,0.006823303186091317,0.0001696536350763052,2,1
0.014565506752326056,0.0599093853672182,0.893452541491211,0.006262928891748891,0.00637643870688386,0.0037357292539455496,6.653798010698459e-05,0.00019474998405075565,0.001251478737246618,0.014184702835262198,2,1
0.0020912346785315642,0.96772306593269,0.012783361417351286,0.0008919399239644028,0.004566228445485916,0.009108404269138025,0.0016244122670881578,9.247817181101885e-05,0.00045248533445729,0.0006663895594825115,1,1
0.18438575906732288,0.040814360093004216,0.5874143626820666,0.015226616831810652,0.006588787004523375,0.09144204432640066,0.00010225069529682068,3.433320708676499e-05,0.07078260675485872,0.0032088793376294786,2,1
0.04337918693546766,0.7486243787126172,0.0732514230511914,0.038965734129384186,0.005606378268758315,0.07927593349256068,0.0008895947567798967,8.283656783628702e-05,0.005197125545461587,0.004727408539942946,1,1
0.010977948885576424,0.772198429700527,0.20680410974874414,0.0010258900622202635,0.0010670965903018092,0.0075057974012219374,6.167357319766777e-06,9.582842642948365e-06,0.00034769266604176344,5.728474540382264e-05,1,1
0.00598368241192866,0.9200688912316138,0.0072037786125489596,0.003831254874858947,0.013540545989296417,0.027343172563311945,0.0021656662262614958,0.0002228622265949583,8.861360233133298e-05,0.019551532261253526,1,1
0.09040696222151628,0.30596992176518545,0.1833899094301691,0.016866618746804663,0.003953899428797224,0.31847489455945815,0.00975098180186259,0.0565817364461966,0.0033123623617679595,0.011292713238241967,5,1
0.02561763456806583,0.5706634358359042,0.3774452421962685,0.006719791647188674,0.006980413574610621,0.009906723218266252,3.366963758209884e-05,6.452149339202776e-06,0.0022528081828654643,0.0003738289899091763,1,1
0.050652595187389245,0.02254026236636421,0.0722331152536601,0.8143155413324368,0.013763933741183695,0.014165815891063097,0.00044909160086729677,0.00015760148463626655,0.009120609220118375,0.002601433922281167,3,1
0.1071049337060514,0.16227473522993582,0.0019288916891932867,0.006973279842618368,0.5414712508474608,0.03579905376232003,0.007557966368399398,0.09834964832975873,0.0001677183351743938,0.038372521889087824,4,1
0.17118658352898167,0.2223559993640953,0.4167073326409468,0.007908348817711047,0.010427757044508622,0.1502543841490585,0.0003075688761520481,0.0011879187690283905,0.005260970437457723,0.014403136372059804,2,1
0.003980298825482966,0.9884364326036418,0.0035674301891457996,0.00011869780312307956,0.0004383566565021157,0.0021484732251808303,9.494830580466435e-07,4.018947445484777e-05,0.0012663400296735049,2.8317097370310382e-06,1,1
0.03263714345419907,0.7786881621598076,0.1719533617275441,0.0005398482959118677,0.004671504073745477,0.006072155706279473,1.945716025332563e-05,8.394584576737758e-06,0.004807877313808748,0.0006020955238738864,1,1
0.06009374576814075,0.5398011450692967,0.3580505532150404,0.0055889900800858705,0.0033466326271184106,0.027383180369949772,2.2594040073009883e-05,4.529558350965203e-05,0.004976658601573771,0.0006912046452116688,1,1
0.46831918035702164,0.0936526682776464,0.03421433484860836,0.002029992570468181,0.00332036731128927,0.13370435493378768,9.041726026673735e-05,0.0008297398333021141,0.26133575802609277,0.0025031865815167945,0,1
0.08026824169995457,0.31357735666037984,0.55636285050027,0.0038421958354236613,0.0045071244922530234,0.03272579545541685,5.211790298805344e-05,1.0912790806299622e-05,0.007988615959536871,0.0006647887029706909,2,1
0.018932703322195314,0.6320590611961417,0.29605135063421434,0.021499218059615736,0.00597425768851788,0.0061438227835018365,0.0010889693869558558,0.0001404082599561961,0.006068475187076204,0.01204173348182495,1,1
0.020636666592521797,0.875896626591343,0.043153228807602154,0.004859435563167197,0.005921996997766205,0.0388384440731762,0.0008967631973491251,2.228603434577198e-05,0.009359420371190993,0.00041513177153761045,1,1
0.02300330243914462,0.5903297847690747,0.07146137565607241,0.016723713109927034,0.0772548022599206,0.20680219460995283,0.011940258689732218,0.00024597888468737766,0.00162350632008733,0.000615083261400909,1,1
0.050721801413244595,0.7295284755017799,0.19139658179752383,0.011597508966333162,0.00401887763494462,0.009219768196455837,0.0001178316360914109,8.804652007395e-05,0.0027122161900565303,0.0005988921434959963,1,1
0.03641540966643305,0.41837396037955676,0.03753988559941279,0.032118818482897424,0.00435233939217187,0.45536080450900374,0.00260490868611223,0.006986646533751733,0.0007259673958370436,0.0055212593548235375,5,1
0.046190775431886,0.7187131378086916,0.18756559299620018,0.013584492365969758,0.009882949907417695,0.015591113361138203,0.00043587881765620593,2.6587514395902052e-05,0.0039202949991251415,0.004089176797519254,1,1
0.051804819555119716,0.6982363641113571,0.22395119074563236,0.001608436714161462,0.005977528528335122,0.014653292006875016,0.00017488580620968932,1.2936953222133231e-05,0.0034985466749391037,8.19989041482764e-05,1,1
0.020459729376661406,0.8858950942226658,0.06855901034810365,0.005246317255242732,0.003957599415226428,0.012797986274856342,2.982351124723081e-06,1.575824612725231e-06,0.0024349598321347717,0.0006447450993715511,1,1
0.027871873100539478,0.8159320450869463,0.1034095441236827,0.007779364274442748,0.018345174361079186,0.015337470723788906,2.8160110853249934e-05,5.540983936655279e-06,0.009758530075117825,0.0015322971596130515,1,1
0.06685898598906562,0.7587731031909075,0.11605224535809347,0.004507457517765543,0.004406761531527196,0.031072066940200534,0.0018167743004557791,0.00038972996073769394,0.0094897672402389,0.006633107971007614,1,1
0.039183181238973304,0.059750776292857265,0.16877545159809523,0.027582154454583327,0.5389948987834892,0.07228105026399548,0.0006162210215275717,0.0007272910138990849,0.0010409587354268915,0.09104801659715282,4,1
0.03544591493399345,0.5229994691388986,0.07474706402192087,0.002941725799055418,0.012356907673550325,0.2877398905488478,0.017107697971535697,0.0047976789093592456,0.0005183787519151543,0.041345272250923396,1,1
0.5746511510458148,0.17911801123866664,0.1446132968808375,0.008150581190148522,0.0026527857743620887,0.05000628383755888,0.0007014076851478003,0.0025183222228324417,0.030238232237957643,0.007349927886673816,0,1
0.0074923178046323235,0.8884003606855719,0.018782463848567812,0.0004282798354258501,0.00781346924730752,0.05547783261172847,0.0019658410222896136,0.00037203316157393134,0.0011825142100769142,0.018084887572825635,1,1
0.21106363814845477,0.3777597110832258,0.07637997344968311,0.035343310344138824,0.034008027339048064,0.13659321217224252,0.00027891471824434313,0.0028544893591640696,0.006291185255328869,0.11942753813046975,1,1
0.1103958127185482,0.03442386022339982,0.09077105349312953,0.7279408962659069,0.008552902575512243,0.02232008403612002,0.00016337258285480585,0.00010644862472416127,0.002965824782845451,0.0023597446969588634,3,1
